11 0.5227793171874999 0.42554578281250005 0.5202607296874999 0.39924176718750004 0.526557196875 0.30905656875 0.5227793171874999 0.2752371203125 0.5064085 0.268974259375 0.49513422343749997 0.28665012968750003 0.48500050781250004 0.3566543109375 0.47933368749999994 0.40049433749999996 0.47177792500000004 0.4293034984375 0.46800004531250006 0.45560751406250005 0.46925933750000004 0.47314352499999995 0.472407571875 0.48692181874999996 0.476185453125 0.4931846796875 0.4868894484375 0.49819496875 0.5145939078125 0.496942396875 0.5171124953125 0.48942696406249997 0.5196310828125 0.47189095312499996 0.5227793171874999 0.42554578281250005
11 0.46925933750000004 0.2414176703125 0.448532628125 0.2691031921875 0.43840664531250007 0.38922118906250003 0.4302212359375 0.42679835468749994 0.42959158906250006 0.449344653125 0.4339991171875 0.469385809375 0.44218452499999994 0.47564866875 0.456666403125 0.47564866875 0.46548145781250005 0.47189095312499996 0.47429651249999993 0.4643755203125 0.48059298124999994 0.446839509375 0.48059298124999994 0.4180303484375 0.47807439374999994 0.2739845484375 0.46925933750000004 0.2414176703125
3 0.5681138859375 0.48942696406249997 0.5681138859375 0.4781538140625 0.5681138859375 0.446839509375 0.5674842390625 0.4305560703125 0.5668545921875 0.39924176718750004 0.56181741875 0.295278275 0.5467058953125 0.2677216859375 0.5329193 0.2853967765625 0.5284461375 0.33160286875 0.52970543125 0.3754428953125 0.525297903125 0.4142726328125 0.5221496703125 0.450597225 0.5190014359374999 0.485669246875 0.5183717890625 0.499447540625 0.526557196875 0.5069629734375 0.5372611921875 0.50946811875 0.5473355421874999 0.513225834375 0.55678024375 0.510720690625 0.5643360046875 0.5044578296875 0.5681138859375 0.48942696406249997
3 0.5914108171875 0.306551425 0.584484703125 0.28275255312500003 0.5732233812499999 0.2929168921875 0.5700028265625 0.35915945625 0.5718917671875 0.41176748906249994 0.5693731796875 0.449344653125 0.5700028265625 0.47439609687499995 0.5718917671875 0.49193210781249996 0.583225409375 0.49568982500000003 0.5926701109375 0.4944372515625 0.6002258734375 0.484416675 0.60337410625 0.4643755203125 0.6014851671875 0.43932407656250005 0.5970776390625 0.42178806562500004 0.5914108171875 0.306551425
10 0.49255627031250004 0.5232464125 0.47933368749999994 0.5207412671875 0.469888984375 0.519488696875 0.457978896875 0.53606730625 0.45918498906250005 0.5545607171875 0.46170357656250005 0.5658338656249999 0.4673703984375 0.5883801656250001 0.47177792500000004 0.6109264640625 0.477444746875 0.6572716359374999 0.4944452109375 0.7336785390625 0.50514920625 0.7299208234375001 0.4944452109375 0.6096738937499999 0.498223090625 0.5783595890625 0.49759344531250005 0.5307618453125 0.49255627031250004 0.5232464125
10 0.48751909531250004 0.5445401390625 0.4944452109375 0.585875021875 0.498223090625 0.6196944703125 0.5095567328125 0.7173951 0.5227793171874999 0.7562248390625 0.525297903125 0.628462475 0.5234089625 0.574601871875 0.5208903765625 0.5332669906249999 0.5190014359374999 0.5182361234374999 0.4970234765625 0.521027075 0.48751909531250004 0.5445401390625
2 0.549922584375 0.5247871328125 0.530964725 0.5157309796875 0.5202607296874999 0.524498984375 0.5190014359374999 0.5407824234375 0.52592755 0.602158459375 0.529075784375 0.6672922140625 0.53222401875 0.699859090625 0.5422983671875 0.7299208234375001 0.5429280140625 0.68733336875 0.5460762484374999 0.6247047593749999 0.5454466015625 0.58712759375 0.5498541296874999 0.5570658609375 0.549922584375 0.5247871328125
2 0.5762706890625 0.5307732390625 0.5658206906250001 0.52285383125 0.5539026218750001 0.5171080796874999 0.5503945 0.5396825734374999 0.5503945 0.576309834375 0.5513897390625 0.6050176890625 0.5513897390625 0.6456046546875001 0.554873071875 0.7139095484375 0.5638302140625 0.743607328125 0.567313546875 0.730738290625 0.573284975 0.6782722125 0.5782611656250001 0.5891788734375 0.580749259375 0.5436422765625 0.5762706890625 0.5307732390625
1 0.6344921140625 0.283291740625 0.6285206859375 0.27339248125000004 0.6171107234375001 0.2892832328125 0.60811830625 0.391193675 0.6061278296875 0.41891160312500003 0.6006540218749999 0.44860938125 0.6031421156250001 0.470387753125 0.608615925 0.488206421875 0.6185683046875 0.49810568125000004 0.6280230671875 0.501075459375 0.6394683031249999 0.488206421875 0.6449421140625 0.4644481984375 0.6449421140625 0.4416799 0.638970684375 0.41000226875 0.6344921140625 0.283291740625
7 0.6469325890625 0.39218359999999997 0.6404635421875 0.42683101093750003 0.637975446875 0.45058923437500004 0.64344925625 0.46840790156249995 0.6568849703125 0.4802870140625 0.6683302062500001 0.47632730937499995 0.6747992546875 0.45850864218750004 0.674301634375 0.4248511578125 0.6718135390625 0.3931735265625 0.66633973125 0.27042270468749996 0.6524475359374999 0.2803683484375 0.6469325890625 0.39218359999999997
5 0.6817659203125 0.369415303125 0.6728087781250001 0.431780640625 0.679277825 0.46048849374999995 0.6991825859375 0.457518715625 0.71311591875 0.4624683453125 0.733020678125 0.4327705671875 0.7305325828125 0.388223896875 0.725058775 0.3555563390625 0.72456115625 0.2783421109375 0.7106278234375 0.263493221875 0.6877843484375 0.2863116046875 0.6817659203125 0.369415303125
5 0.731527821875 0.2625032953125 0.7261073703125 0.294235946875 0.7285421078125001 0.36446567343749997 0.72456115625 0.40505263906250005 0.731527821875 0.43574034531250005 0.7499397250000001 0.45157915937500004 0.768351628125 0.42881086249999995 0.7753182953125 0.43475041875000003 0.7817873421875 0.3971332296875 0.7758159140625 0.35258656093749996 0.7693468671875 0.32387870625000004 0.76287781875 0.2595335171875 0.74794925 0.24072492343750002 0.731527821875 0.2625032953125
4 0.6887325859375 0.6792621390625 0.6822635390625 0.64659458125 0.6817659203125 0.62283635625 0.6867421109375 0.618876653125 0.6952016328124999 0.6426348765625 0.7066468703125001 0.682231915625 0.7165992515624999 0.694111028125 0.7101302046875 0.63471546875 0.7061492515625 0.5891788734375 0.708139728125 0.556511315625 0.7031635374999999 0.5278034625 0.7001778234375 0.50899486875 0.6907230625 0.5040452390625 0.6733063968749999 0.519884053125 0.6574245515625 0.5121553640625 0.6514111609375 0.5159243499999999 0.648923065625 0.53572286875 0.648923065625 0.5555213890624999 0.6529040171875 0.569380353125 0.6578802078125 0.5901687984375 0.6603683031250001 0.6050176890625 0.6648468734375 0.6386751734375 0.6678325875 0.6644132484374999 0.6762921109375 0.6891613984375 0.6887325859375 0.7020304359375 0.6887325859375 0.6792621390625
4 0.7459587734375 0.6782722125 0.7459587734375 0.643624803125 0.742475440625 0.62283635625 0.7384944875 0.6010579859375 0.739489725 0.588188946875 0.74794925 0.606007615625 0.7544182968750001 0.6386751734375 0.760389725 0.6574837671875 0.7703421046875001 0.6683729515625 0.7703421046875001 0.64659458125 0.766361153125 0.61491695 0.7633754390624999 0.576309834375 0.76088734375 0.5436422765625 0.7633754390624999 0.519884053125 0.7633754390624999 0.49711575625000004 0.7579016296875001 0.4802870140625 0.7524278203125 0.46840790156249995 0.743968296875 0.47632730937499995 0.732523059375 0.47434745781250004 0.7300349640625 0.4921661265625 0.7231211609375 0.48838233750000004 0.7111254421875 0.49117620000000006 0.7061492515625 0.5000855343749999 0.70167068125 0.5119646453125 0.7006754421875 0.5278034625 0.7066468703125001 0.5476019812499999 0.7136135375 0.5634407968749999 0.7165992515624999 0.5782896875 0.7180921078125 0.5951184281249999 0.720580203125 0.613927021875 0.7285421078125001 0.6386751734375 0.7365040125 0.665403175 0.7459587734375 0.6782722125
4 0.8220944828125001 0.587199021875 0.80766353125 0.575319909375 0.8046778171875 0.5634407968749999 0.8116444828124999 0.5703702796875 0.8206016249999999 0.5772997609375 0.831051625 0.5634407968749999 0.82109924375 0.5238437578124999 0.80865876875 0.4792970875 0.7987063890625 0.4545489390625 0.790246865625 0.44860938125 0.7862659125 0.46048849374999995 0.7827825796875 0.47236760625 0.77432305625 0.4713776796875 0.7718349625 0.488206421875 0.766361153125 0.5040452390625 0.7583992484375 0.52285383125 0.7574040109375 0.5476019812499999 0.7623802000000001 0.566410575 0.7768111515625 0.5812594640625 0.7872611515625 0.5961083546875 0.803184959375 0.6109572453125 0.8116444828124999 0.6159068750000001 0.8220944828125001 0.587199021875
0 0.615084971875 0.5555213890624999 0.613592115625 0.54661205625 0.60911354375 0.537702721875 0.6011516390625 0.52285383125 0.587248628125 0.5250324203125001 0.579256403125 0.5456221296875 0.5767683078125 0.5703702796875 0.579754021875 0.6010579859375 0.579256403125 0.6426348765625 0.5817444984375 0.705990140625 0.5877159265625 0.7396476234375 0.59567783125 0.7544965140625 0.59766830625 0.7327181421875 0.6051325921874999 0.6644132484374999 0.6096111625 0.6109572453125 0.6120992578125 0.5862090953125 0.615084971875 0.5555213890624999
6 0.6474302078124999 0.53572286875 0.6384730656250001 0.5268135359375 0.63100878125 0.5278034625 0.617608425 0.5359283921875 0.6101087828125 0.5515616859375 0.6120992578125 0.5832393171875 0.62055878125 0.5990781328125 0.627027828125 0.62283635625 0.637975446875 0.6663931 0.65489449375 0.711929696875 0.6643492546875 0.711929696875 0.6648468734375 0.6762923609375 0.6568849703125 0.6317456906250001 0.6529040171875 0.59709828125 0.6538992546875 0.5644307234375 0.6474302078124999 0.53572286875
8 0.4737160875 0.5674233234375 0.4737160875 0.5426751734375 0.46177323125 0.5268363578125 0.4508256140625 0.51891695 0.44042665937500003 0.5230513359375 0.4244518046875 0.5486147296875 0.4219637109375 0.5733628796875 0.424949425 0.594151325 0.42743752031250004 0.62582895625 0.4339065671875 0.6773051078125001 0.43888275625000006 0.7228417046875 0.44833751875 0.75055963125 0.4637637078125 0.7337308890625 0.46625180312500003 0.702053259375 0.466749421875 0.6456274765625001 0.468739896875 0.5991009546875 0.4737160875 0.5674233234375
14 0.41848037656250003 0.6208793265625 0.42295894843750004 0.60009088125 0.43191609062499997 0.5852419906249999 0.4373899 0.5515845078125 0.42843275781249995 0.540695321875 0.421514 0.53394730625 0.40355180625 0.5377255437499999 0.38713037968749997 0.534755765625 0.3771779984375 0.5515845078125 0.37867085624999997 0.5802923609375 0.383647046875 0.6010808078125 0.3811589515625 0.6446375515625 0.3761827609375 0.6990834796875001 0.379168475 0.7169021484375 0.389618475 0.7149222953125001 0.40006847343749996 0.6921539984375 0.40902561562499995 0.6565166625 0.41848037656250003 0.6208793265625
12 0.302037528125 0.68720436875 0.30800895625 0.6921539984375 0.3164684796875 0.6832446640625001 0.325923240625 0.66344614375 0.337866096875 0.6287987359375 0.34333990625 0.62483903125 0.3428422875 0.6456274765625001 0.339358953125 0.6664159234375 0.337866096875 0.6921539984375 0.3453303828125 0.7040331109375 0.3582684765625 0.70007340625 0.3707089515625 0.6594864406250001 0.37767561875 0.5951412515625 0.3935994265625 0.5604938421875 0.3935994265625 0.5327759140625 0.38314942812499997 0.5090176890625 0.36378061562499997 0.5200797078125 0.350306571875 0.5050579859375001 0.34134942968750004 0.496148653125 0.327416096875 0.5119874671875 0.3234351453125 0.5060479124999999 0.3159708609375 0.5109975421875 0.3109946703125 0.5238665796875 0.3114922890625 0.5416852484375 0.3154732421875 0.5822722125 0.3114922890625 0.618899475 0.302535146875 0.6674058484375001 0.302037528125 0.68720436875
12 0.2721803875 0.6228591781249999 0.265711340625 0.6456274765625001 0.2602375296875 0.6664159234375 0.26073515 0.6703756265624999 0.2706875296875 0.671365553125 0.279644671875 0.6614662921875001 0.2871089578125 0.64958718125 0.2945732421875 0.6287987359375 0.3005446703125 0.6060304375000001 0.3055208609375 0.5793024359375 0.3114922890625 0.5585139890625 0.325425621875 0.540695321875 0.3294065734375 0.52485650625 0.324430384375 0.4941688 0.3159708609375 0.4862493921875 0.3055208609375 0.48723931875000004 0.2930803859375 0.48129976093750004 0.28561610000000004 0.485259465625 0.27566372031249997 0.47338035468750006 0.266208959375 0.478329984375 0.2597399109375 0.4704105765625 0.25426610312500003 0.4773400578125 0.2482946734375 0.48921917031250006 0.243816103125 0.5129773937500001 0.24580657968750003 0.5387154703125 0.2468018171875 0.5644535453125 0.244811340625 0.5882117703125 0.23734705625000002 0.614939771875 0.23535657968749998 0.6436476250000001 0.23734705625000002 0.66344614375 0.24978753125000003 0.6565166625 0.26272562499999996 0.6357282171875 0.27267800625 0.61196999375 0.2721803875 0.6228591781249999
12 0.17813039375 0.52485650625 0.185594678125 0.5268363578125 0.1885803921875 0.5367356171875 0.17414944062499998 0.5397053953125 0.16369944218750002 0.5456449515624999 0.162206584375 0.5644535453125 0.17016848906249998 0.578312509375 0.1910684875 0.584252065625 0.2069922953125 0.5802923609375 0.2239113421875 0.5882117703125 0.2398351515625 0.5822722125 0.2532708640625 0.56346361875 0.256256578125 0.5377255437499999 0.25078276875 0.527826284375 0.243816103125 0.516937096875 0.2477970546875 0.495158725 0.244313721875 0.48921917031250006 0.23883991249999997 0.478329984375 0.2398351515625 0.4615012421875 0.2368667109375 0.4507417109375 0.22639943749999997 0.446652353125 0.21047562968750003 0.45754153750000004 0.1940542015625 0.478329984375 0.1766375359375 0.48723931875000004 0.1641970609375 0.48723931875000004 0.15723039375 0.495158725 0.1547423 0.5129773937500001 0.1592208703125 0.52485650625 0.167182775 0.52485650625 0.16917325156250002 0.52485650625 0.17813039375 0.52485650625
15 0.44137952187499996 0.383155221875 0.4378961890625 0.3326689953125 0.4329199984375 0.26931373281250004 0.4214747609375 0.25347491718750004 0.4035967421875 0.27244400625 0.39410571562499996 0.307920846875 0.3970914296875 0.3475178859375 0.393110478125 0.386125 0.38564619218749996 0.41483285312499996 0.383655715625 0.43661122499999994 0.38962714374999996 0.4573996703125 0.3975890484375 0.4781881171875 0.4090342859375 0.47521833906250005 0.4219723796875 0.4732384875 0.43142714218749995 0.45343996718749996 0.4433699984375 0.4346313734375 0.44137952187499996 0.383155221875
15 0.393608096875 0.3970141859375 0.38962714374999996 0.3821652953125 0.38962714374999996 0.3415783296875 0.3881342875 0.2950518078125 0.382162859375 0.26931373281250004 0.36574143124999997 0.259414471875 0.35382658437500003 0.274425090625 0.353798575 0.31979995781250004 0.3557890515625 0.3603869234375 0.3562866703125 0.3791955171875 0.345836671875 0.41780263125 0.345836671875 0.432651521875 0.34882238593750003 0.45343996718749996 0.36176047968749997 0.46036944843749994 0.3737033359375 0.46135937499999996 0.38564619218749996 0.4564097453125 0.393608096875 0.45245004062499994 0.39808666718749997 0.42770189218750004 0.393608096875 0.3970141859375
13 0.3303881046875 0.447534953125 0.3443214375 0.444565175 0.3532785796875 0.4316961375 0.35526905468750003 0.4148673953125 0.35526905468750003 0.3930890234375 0.3527809609375 0.3643811703125 0.3463119125 0.3218143515625 0.34034048437500003 0.26934827499999997 0.326904771875 0.23965049375 0.3089904875 0.2465799765625 0.3015262015625 0.27627775625 0.2985404875 0.316864721875 0.29406191718749997 0.3495322796875 0.2885881078125 0.3713106515625 0.28560239374999996 0.392099096875 0.2841095359375 0.4109076921875 0.28709525 0.42674650625000005 0.2905785828125 0.43862561875 0.29704763125 0.447534953125 0.30948810625 0.4465450265625 0.32093334375000004 0.447534953125 0.3303881046875 0.447534953125
13 0.2776404890625 0.428726359375 0.28659763125 0.41387746875 0.2885881078125 0.3831897640625 0.28560239374999996 0.3643811703125 0.28659763125 0.32676398125 0.28759286875 0.28815686875 0.2821190609375 0.25449938437499997 0.2766452515625 0.2317310875 0.2647023953125 0.22975123437499997 0.2517643 0.22975123437499997 0.2468207421875 0.24371826406250002 0.24479763437500002 0.2782576078125 0.24081668281250002 0.3069654625 0.234347634375 0.3346833890625 0.22837620625000002 0.348542353125 0.22091192187500003 0.370320725 0.2189214453125 0.392099096875 0.22539049218749999 0.4217968765625 0.23982144375 0.42773643281249996 0.2472857296875 0.43565584062499996 0.2537547765625 0.4396155453125 0.2671904890625 0.4406054703125 0.2776404890625 0.428726359375
13 0.2129500171875 0.3841796890625 0.222902396875 0.37626028125 0.2298690640625 0.3465625015625 0.23285477812500002 0.3327035375 0.2467881109375 0.3039956828125 0.2517643 0.279247534375 0.2527595375 0.24855982812500002 0.244300015625 0.2436101984375 0.2229310671875 0.2476804359375 0.2134476359375 0.2594490140625 0.1945381140625 0.2723180515625 0.1816000203125 0.2822173125 0.17115002031249998 0.3089453140625 0.16716906874999998 0.329733759375 0.1731404953125 0.347552428125 0.1771214484375 0.360421465625 0.1825952578125 0.370320725 0.1850833515625 0.3812099109375 0.1900595421875 0.38813939375 0.20200239843749998 0.39011924531250003 0.2129500171875 0.3841796890625