11 0.4843944109375 0.4379283421875 0.485290334375 0.3373046890625 0.44520444687499994 0.3416345796875 0.44977663906250004 0.445735975 0.44912343281249995 0.523812021875 0.45434878124999994 0.552439915625 0.49223243437499997 0.5420297359374999 0.4954982640625 0.5029917140625 0.4843944109375 0.4379283421875
11 0.4458576015625 0.4535435609375 0.442010896875 0.340559896875 0.41842464531249995 0.33512824375 0.419730959375 0.3637560875 0.41450565937499995 0.48737649375 0.41254614062500006 0.5459335796875 0.43606011093749997 0.5550424109375001 0.45042979375 0.5264145671875 0.4458576015625 0.4535435609375
9 0.41254614062500006 0.4990879203125 0.4066676359375 0.4079992 0.406897390625 0.32428385625 0.37858152500000003 0.3169104796875 0.37858152500000003 0.370262425 0.37792836875 0.46265244218749996 0.3713967078125 0.5186069328125 0.388379015625 0.54463238125 0.4105866734375 0.5420297359374999 0.41254614062500006 0.4990879203125
13 0.3439637015625 0.49648537656249997 0.33612572812499997 0.43532579687500006 0.3285044453125 0.3470703140625 0.3073864109375 0.301295259375 0.2923635703125 0.33512824375 0.2949762453125 0.42361441875 0.2819129234375 0.4613511453125 0.2956294015625 0.5173056859375 0.325021875 0.53161970625 0.3439637015625 0.49648537656249997
13 0.2708091203125 0.409300446875 0.27052633125000003 0.311263021875 0.236191296875 0.2999939875 0.2296596359375 0.384576396875 0.2185558328125 0.44963976875 0.24076348906249997 0.463953690625 0.25056098125 0.479568909375 0.2727685875 0.4652549875 0.2708091203125 0.409300446875
10 0.4910064875 0.5781901046875 0.46479942812499997 0.5758627203125 0.46479942812499997 0.60188806875 0.47002477656249997 0.6994831265625 0.488966603125 0.7450274375 0.5033362375 0.724207178125 0.49484505937499995 0.6526374703125 0.4910064875 0.5781901046875
10 0.44128545937499997 0.721604684375 0.466758946875 0.730713515625 0.466758946875 0.6552401140625 0.4641462734375 0.577164065625 0.43466155781250004 0.5733072921875 0.4354069546875 0.6305159125 0.44128545937499997 0.721604684375
8 0.43547815156249997 0.5586588546875 0.39948281875 0.5537411624999999 0.400135975 0.594080434375 0.40340180625000005 0.650034925 0.4099334671875 0.7281110203125001 0.439325940625 0.7177008421875 0.4354069546875 0.6188045359375 0.43547815156249997 0.5586588546875
14 0.36225237187500003 0.552439915625 0.36159921562499997 0.5498373703125 0.35871839375 0.5619140640625 0.36225237187500003 0.6383235468749999 0.3589865421875 0.7163995937500001 0.3681308765625 0.750232528125 0.3844600296875 0.7072908109375 0.390991690625 0.6344197546875 0.4060144796875 0.5706577296875001 0.390338484375 0.543331034375 0.36225237187500003 0.552439915625
12 0.363558684375 0.53812604375 0.3446168578125 0.539427240625 0.3263282375 0.5264145671875 0.30727302343749996 0.5440104171875 0.2969357640625 0.6279134187500001 0.28909774062500004 0.7372198531249999 0.325021875 0.752835121875 0.3446168578125 0.7163995937500001 0.35702702343750004 0.6266121203125 0.3687840328125 0.5550424109375001 0.363558684375 0.53812604375
12 0.28256607968749997 0.5173056859375 0.25317360624999996 0.5042930109375 0.2452119421875 0.5619140640625 0.2440293203125 0.5498373703125 0.2316191546875 0.6214070796875 0.2544799671875 0.660445103125 0.286485115625 0.6344197546875 0.3086927234375 0.5537411624999999 0.3060800984375 0.522510725 0.28256607968749997 0.5173056859375
3 0.5000704078125 0.45614610468750005 0.49484505937499995 0.530318359375 0.5000704078125 0.5472348265625 0.5353413859375 0.539427240625 0.5359945421875 0.44703722343749996 0.5346882296875 0.3273206078125 0.49345626718749996 0.340559896875 0.5000704078125 0.45614610468750005
3 0.5367357046875 0.3324218765625 0.5386072171875 0.41320429062499997 0.5386072171875 0.48087015781250003 0.5346882296875 0.53812604375 0.5653870171875 0.54463238125 0.5719186781250001 0.51990818125 0.5660401734375 0.44703722343749996 0.5634274984375 0.3377307375 0.5367357046875 0.3324218765625
1 0.5726658046875001 0.33404948125 0.5719186781250001 0.4249156671875 0.5719186781250001 0.47436381875 0.569306003125 0.514703140625 0.5849820484375 0.543331034375 0.6078428625 0.530318359375 0.6045770312500001 0.463953690625 0.6052301375 0.344237075 0.5726658046875001 0.33404948125
7 0.6039238265625 0.3325256984375 0.6013112015625001 0.380672603125 0.6104554875 0.4405308859375 0.6039238265625 0.5016904656250001 0.618946665625 0.5290170625 0.640501165625 0.5094980515625 0.6398479609375001 0.45744735312499996 0.6372353359375 0.3975890703125 0.6412319421875 0.32802102187500004 0.6039238265625 0.3325256984375
7 0.6653213984375 0.5173056859375 0.684263275 0.530318359375 0.694060765625 0.4834727015625 0.6907949359375001 0.4379283421875 0.688622034375 0.34869791875 0.6862227937500001 0.319513025 0.65944294375 0.3247180640625 0.6529112828125 0.358551046875 0.648339140625 0.43272330156249994 0.6372353359375 0.4834727015625 0.646379621875 0.5173056859375 0.6653213984375 0.5173056859375
5 0.73325073125 0.44313343125 0.741700590625 0.364973959375 0.724759553125 0.320814271875 0.7018987390625 0.352044709375 0.694713871875 0.43662709375000003 0.6894886234375 0.5186069328125 0.7005924265625 0.543331034375 0.7365165625000001 0.5264145671875 0.73325073125 0.44313343125
5 0.7757065265625 0.42361441875 0.7710979453125 0.33404948125 0.750232990625 0.33382694687500003 0.7397823921875 0.3819738515625 0.7299849015625 0.45484480937500005 0.7410887046875 0.5186069328125 0.7659090359375 0.5055942578125 0.786157125 0.4834727015625 0.7757065265625 0.42361441875
2 0.5111742109375 0.603189415625 0.5111742109375 0.5693563828125 0.49018989375000005 0.5733072921875 0.50137671875 0.7177008421875 0.5327287125 0.7124958015625 0.5111742109375 0.603189415625
2 0.5431793593750001 0.6188045359375 0.540002078125 0.5635416671875 0.5118274171875 0.5732601749999999 0.516399559375 0.6057918609375 0.5275033640625 0.6864704515625 0.5373008546875 0.724207178125 0.5542832125 0.724207178125 0.5490578640625 0.6721564796874999 0.5431793593750001 0.6188045359375
0 0.5869414671875 0.730713515625 0.58432884375 0.65914380625 0.5751845578125 0.6109969015625001 0.5759321765625 0.550520834375 0.5379540609375 0.5498373703125 0.5418730468749999 0.5758627203125 0.546445190625 0.6305159125 0.55754904375 0.6955792859375001 0.564733859375 0.7476300328125001 0.5836756375000001 0.7762578765625 0.5869414671875 0.730713515625
6 0.57919855 0.5488932296875 0.5784503875 0.624009575 0.591513709375 0.7463287843749999 0.6104554875 0.7619439546875 0.6111086921875 0.6864704515625 0.6117617984375 0.594080434375 0.60849596875 0.543331034375 0.58432884375 0.5420297359374999 0.57919855 0.5488932296875
6 0.6437669968749999 0.7203034359375 0.646379621875 0.6266121203125 0.6526919359375001 0.5586588546875 0.647685934375 0.5407284890625 0.60980228125 0.539427240625 0.6091491734375001 0.6175032375 0.6117617984375 0.6877717999999999 0.6274378453125 0.7333161109375 0.6522580765625 0.7567388640625 0.6437669968749999 0.7203034359375