11 0.516399559375 0.488677790625 0.5079083796874999 0.445735975 0.5048885703125 0.3666015640625 0.4641462734375 0.3611535921875 0.468065259375 0.4483384703125 0.46937162031249996 0.5173056859375 0.47720959531249996 0.5511387171875 0.50268308125 0.5472348265625 0.5079083796874999 0.522510725 0.516399559375 0.488677790625
11 0.470677934375 0.5094980515625 0.46545258437500003 0.45614610468750005 0.4640589125 0.35846354375 0.42756898125 0.3481409171875 0.4282221375 0.3884801890625 0.43279428124999997 0.45874865 0.42952845 0.5602475015625 0.44912343281249995 0.558946203125 0.47133108906250004 0.5485360734375 0.470677934375 0.5094980515625
9 0.4243031515625 0.33382694687500003 0.39138212031249997 0.33893229375 0.3968701453125 0.41710808281249995 0.3955638328125 0.46915877968749997 0.3949106765625 0.52511336875 0.41254614062500006 0.5563437078125 0.42887529375 0.5407284890625 0.43279428124999997 0.4405308859375 0.42495630625 0.384576396875 0.4243031515625 0.33382694687500003
15 0.36159921562499997 0.380672603125 0.36159921562499997 0.4613511453125 0.3583333859375 0.5420297359374999 0.367477671875 0.5576450562499999 0.39360431406249996 0.5355234 0.39301530625000003 0.38287760625 0.36159921562499997 0.380672603125
15 0.3302472234375 0.3741662671875 0.3289409125 0.45224231406250004 0.32436871875 0.5407284890625 0.3550675546875 0.54463238125 0.36225237187500003 0.4769663640625 0.3603515796875 0.3812500015625 0.3302472234375 0.3741662671875
13 0.314571228125 0.53812604375 0.325021875 0.5134018421875 0.32828770625 0.42621696406250004 0.2923635703125 0.422313121875 0.28930797343750003 0.45123698125 0.285831909375 0.53812604375 0.314571228125 0.53812604375
13 0.23553814062499998 0.50689550625 0.24533563281249998 0.53812604375 0.26884960156250004 0.53161970625 0.276687625 0.5511387171875 0.290404103125 0.5134018421875 0.29301677656249997 0.4405308859375 0.23704600937500003 0.4300781265625 0.23553814062499998 0.50689550625
3 0.517705871875 0.4769663640625 0.5222780640625 0.5342221515625 0.542526203125 0.54463238125 0.5582021984375001 0.47826766249999997 0.5614680296875 0.3767687609375 0.5503641765625 0.32211556875 0.5236702140625 0.3861328140625 0.517705871875 0.4769663640625
3 0.5928200218749999 0.51990818125 0.5908605046875001 0.48607524687500003 0.5928200218749999 0.4275182125 0.5971636 0.3519531265625 0.57910349375 0.344237075 0.564733859375 0.387178940625 0.55754904375 0.488677790625 0.5568958375 0.5537411624999999 0.5745313515625 0.5537411624999999 0.5928200218749999 0.5485360734375 0.5928200218749999 0.51990818125
3 0.6254783265625 0.44183213437499996 0.620252978125 0.3884801890625 0.620252978125 0.3416345796875 0.59634700625 0.355208334375 0.595432646875 0.41710808281249995 0.5928200218749999 0.4483384703125 0.594779540625 0.49518412968750003 0.5960858531250001 0.54463238125 0.6150276296875 0.552439915625 0.6267846390625 0.54463238125 0.620252978125 0.49648537656249997 0.6254783265625 0.44183213437499996
7 0.6614024609375 0.53161970625 0.6640150859375 0.4899790390625 0.6561771125 0.43532579687500006 0.6600412734375001 0.364973959375 0.6235188078125 0.35985229531249996 0.6222124953125 0.393685278125 0.622865603125 0.4483384703125 0.621559290625 0.5134018421875 0.6320099875 0.5329209046875001 0.6470328265624999 0.5407284890625 0.6614024609375 0.53161970625
7 0.68361006875 0.46915877968749997 0.6855695875000001 0.44313343125 0.688622034375 0.3568359390625 0.6600961484375001 0.358551046875 0.66074925625 0.387178940625 0.6614024609375 0.45614610468750005 0.6620555671874999 0.5121005953125 0.668587228125 0.5212094781250001 0.68491638125 0.50689550625 0.68361006875 0.46915877968749997
5 0.744354534375 0.45094101562500005 0.7267190703125 0.4119029921875 0.7319014734375 0.345442709375 0.6907949359375001 0.3546472546875 0.6907949359375001 0.4053966546875 0.6796911328124999 0.4535435609375 0.6855695875000001 0.5042930109375 0.705817775 0.5134018421875 0.7384760796875 0.49128033593750003 0.744354534375 0.45094101562500005
10 0.47590328125000003 0.63702225 0.4746746234375 0.5716796890625 0.4471639640625 0.58887539375 0.4471639640625 0.6214070796875 0.4569614546875 0.6773615703125 0.46349311562500006 0.743726190625 0.48112858125 0.7567388640625 0.4843944109375 0.702085621875 0.47590328125000003 0.63702225
10 0.50660206875 0.674759125 0.5007235640625 0.624009575 0.503255384375 0.5619140640625 0.4745969203125 0.5758627203125 0.47786275 0.6253108734375 0.4830880984375 0.674759125 0.4830880984375 0.7255084265625 0.4954982640625 0.7450274375 0.5079083796874999 0.730713515625 0.50660206875 0.674759125
8 0.4458576015625 0.6487337765625 0.44691045625000003 0.5879557296875 0.41319929687499996 0.58887539375 0.41450565937499995 0.64613113125 0.417118334375 0.7137971484375 0.4243031515625 0.7931743921875001 0.4445512890625 0.78927055 0.4471639640625 0.739822446875 0.4458576015625 0.6487337765625
14 0.37662200625 0.664348896875 0.37923468125 0.7554376171875 0.3864194984375 0.8048858187500001 0.4118929859375 0.7840654609375 0.4073208421875 0.674759125 0.417118334375 0.6044905640625 0.37586685000000003 0.5716796890625 0.37662200625 0.664348896875
14 0.37531569375 0.6305159125 0.365518203125 0.581067759375 0.33748697031249997 0.5879557296875 0.33677888437500003 0.67866281875 0.3602928546875 0.6903742453125 0.37531569375 0.6305159125
12 0.2779939375 0.6188045359375 0.2754258890625 0.633528646875 0.249907775 0.70989325625 0.25252045 0.78016171875 0.28387244218749996 0.7645464484375 0.313918071875 0.6838679078125 0.339391559375 0.6422274390625 0.3426573890625 0.5862728500000001 0.303467425 0.577164065625 0.2779939375 0.6188045359375
2 0.52685020625 0.6331184578125 0.529386365625 0.5667968765625 0.5007235640625 0.5693563828125 0.5033362375 0.6318172093750001 0.5079083796874999 0.721604684375 0.516399559375 0.751533775 0.534035025 0.7463287843749999 0.5333818671875 0.6981818296875 0.52685020625 0.6331184578125
2 0.556333940625 0.5667968765625 0.5275033640625 0.565452540625 0.5333818671875 0.6877717999999999 0.5333818671875 0.7593414593750001 0.5542832125 0.7775591234375 0.555589525 0.7333161109375 0.55624268125 0.6552401140625 0.556333940625 0.5667968765625
0 0.596738959375 0.7554376171875 0.5941263343750001 0.6539387671875 0.592264040625 0.570052084375 0.5608148734375 0.5680550859375 0.555589525 0.6214070796875 0.5640807046874999 0.6565412609375 0.569306003125 0.6838679078125 0.5751845578125 0.7762578765625 0.5908605046875001 0.78666805625 0.596738959375 0.7554376171875
6 0.592166815625 0.5667538375000001 0.5908605046875001 0.59538173125 0.5934731281250001 0.6435285875 0.6091491734375001 0.66565014375 0.6235188078125 0.6396247953125 0.6249277671875 0.5684244796875 0.592166815625 0.5667538375000001
6 0.6575914953125 0.5765625015625 0.6241720140625 0.5641513921875 0.6241720140625 0.6109969015625001 0.6261314328124999 0.689072946875 0.6365821296874999 0.7996807296874999 0.6470328265624999 0.750232528125 0.6561771125 0.6435285875 0.6575914953125 0.5765625015625
4 0.6548708015625 0.5667538375000001 0.65552390625 0.603189415625 0.6646682921875 0.6409260921875 0.68491638125 0.660445103125 0.698632909375 0.6279134187500001 0.7016875265625 0.5570312515625 0.6548708015625 0.5667538375000001