10 0.45894813437500004 0.7046878328124999 0.4602544796875 0.6543721984374999 0.46237129218749995 0.6030381953124999 0.4476265953125 0.607526525 0.4397886234375 0.6257442875 0.44022405937500003 0.6673848734375001 0.441530371875 0.711627953125 0.44196584375 0.755003534375 0.45285194375 0.7463284171875 0.45894813437500004 0.7046878328124999
10 0.48463934062499997 0.6509021390624999 0.4857802953125 0.5943576390625 0.46417348281250004 0.6040564984375 0.4602544796875 0.6535046343750001 0.45764182187499997 0.7298456843750001 0.46765701562500006 0.74372585625 0.4824621203125 0.73071318125 0.4828975578125 0.700350275 0.48463934062499997 0.6509021390624999
8 0.430208834375 0.6994827765625 0.4341278359375 0.6613122515625001 0.4389622875 0.616059028125 0.4184518578125 0.6057915265625 0.41104928906250005 0.650034640625 0.4049530984375 0.73071318125 0.4001631875 0.8018491750000001 0.4158392 0.798379115625 0.4267253015625 0.747195915625 0.430208834375 0.6994827765625
14 0.3783909828125 0.80531916875 0.39058343125 0.7853664421875 0.4019049703125 0.735050740625 0.40800119375 0.665649809375 0.4150088875 0.605208334375 0.40277587812500004 0.6005864375 0.3958087453125 0.6014539703125 0.3879707734375 0.6153342078125 0.386228990625 0.650034640625 0.3831808953125 0.7133629499999999 0.37403654375 0.767148709375 0.3783909828125 0.80531916875
14 0.3757783265625 0.686470103125 0.3831808953125 0.650034640625 0.3888416484375 0.6205391984374999 0.398856875 0.5936464171875 0.386664428125 0.57022353125 0.35948055156250003 0.5737413203124999 0.35574790625 0.622274228125 0.3496516828125 0.678662484375 0.341813709375 0.736785803125 0.3270086046875 0.776691325 0.3304921375 0.8027166734375 0.3448618046875 0.793174059375 0.3631504421875 0.751533475 0.3757783265625 0.686470103125
2 0.504289740625 0.6008680562500001 0.48463934062499997 0.5884412953125 0.485074778125 0.6361544343750001 0.4824621203125 0.7211705671875001 0.492477346875 0.750665975 0.5033634484375 0.7341832421875 0.5046697609375 0.678662484375 0.504289740625 0.6008680562500001
2 0.5303609671875 0.73071318125 0.5307964046875 0.698615278125 0.5260065265625 0.660444753125 0.5298763265625 0.5878472234375 0.501621665625 0.5762961859375 0.5037988859375 0.60839405625 0.5037988859375 0.6595772546875 0.501186228125 0.70555533125 0.50684698125 0.741990859375 0.52339386875 0.751533475 0.5303609671875 0.73071318125
0 0.5591003015625 0.7463284171875 0.5599711765625 0.7081578921875 0.5582294265625001 0.64569708125 0.558184890625 0.5878472234375 0.528619184375 0.5762961859375 0.527748309375 0.603188965625 0.5290546546875 0.6535046343750001 0.5294900921875 0.7098928890625 0.5342799703125001 0.767148709375 0.5521331703125 0.767148709375 0.5591003015625 0.7463284171875
6 0.5699864031249999 0.7784263218749999 0.5834851296875 0.7923064937500001 0.5895813859375 0.7844989421874999 0.5913231359375 0.7428583578125 0.5843560703125 0.6743249265625 0.5847914750000001 0.6240093250000001 0.5837714765625 0.576996528125 0.5704218078125 0.566753503125 0.5577939562500001 0.58063374375 0.551697765625 0.6040564984375 0.5577939562500001 0.6231417593749999 0.5608420515625 0.65697469375 0.561277521875 0.73331574375 0.5699864031249999 0.7784263218749999
6 0.59437123125 0.69514521875 0.6043864578125 0.750665975 0.621368815625 0.7871014375 0.6361738875 0.780161384375 0.6344321374999999 0.73071318125 0.6226750953125 0.6942777203125 0.6165789046875 0.622274228125 0.61752399375 0.566145834375 0.6200624703125001 0.572826059375 0.6122244640625001 0.55113826875 0.5904522609375 0.55113826875 0.5747762484375001 0.560680915625 0.578695284375 0.5910438234375001 0.5887105109374999 0.630081846875 0.59437123125 0.69514521875
9 0.45285194375 0.565885971875 0.45285194375 0.49214748437500005 0.4563829421875 0.4044704875 0.432386053125 0.40799884999999997 0.432386053125 0.47306222187499997 0.42977339687500005 0.53812559375 0.42977339687500005 0.5971164109375 0.4358696203125 0.6135991125 0.4450139375 0.609261553125 0.45285194375 0.565885971875
15 0.432386053125 0.61186408125 0.42846704999999996 0.565885971875 0.42454808125000004 0.49561754375 0.4275299828125 0.41749132031249997 0.4049530984375 0.406263853125 0.40364675156249996 0.4531094609375 0.4014695328125 0.5537408296875 0.3979859671875 0.6361544343750001 0.415403728125 0.6404919921875 0.4367404953125 0.6387569625 0.432386053125 0.61186408125
1 0.578695284375 0.4904124546875 0.58703785 0.3773437515625 0.5625838671875 0.367225846875 0.5534395156249999 0.4626521078125 0.5386344109375 0.5624159468750001 0.536021753125 0.6326844406250001 0.5656319625 0.6318168765625 0.57434084375 0.57022353125 0.578695284375 0.4904124546875
5 0.7280526109375 0.5103652484375 0.73130264375 0.43702257031249997 0.7062804078125 0.4288191421875 0.6906043953125 0.5233779234375 0.6810246390625 0.6014539703125 0.699748746875 0.6274793187500001 0.7158601640625 0.6153342078125 0.72718166875 0.591911321875 0.7280526109375 0.5103652484375