4 0.737084928125 0.5108535843750001 0.726249853125 0.48171219218749994 0.7116225 0.43422251406249995 0.705663209375 0.42774665 0.69807865625 0.435301825 0.68404116875 0.439884171875 0.6753249968749999 0.46012597499999996 0.6634064125 0.47523632656250003 0.6596141359375001 0.49898116562499994 0.6644899203125 0.5205673828124999 0.6769502578125 0.5410742890625 0.727333359375 0.6112294953124999 0.737084928125 0.60367431875 0.7246245906250001 0.5561846421875 0.7381684359375 0.5766915484374999 0.7538792953125 0.5766915484374999 0.749545265625 0.5551053296874999 0.737084928125 0.5108535843750001
4 0.77500769375 0.50545703125 0.7901768 0.5043777203124999 0.8015536296875 0.4946639234375 0.7858427703124999 0.46552252968749996 0.772840678125 0.42990527187499994 0.7663396328125 0.405081121875 0.7501460984375 0.38696498749999997 0.739793696875 0.3932087015625 0.7332926515625 0.40723974375000005 0.7229993296874999 0.4115569859375 0.7175817921875 0.42558802812499996 0.7148730234375 0.449332865625 0.7175817921875 0.46444321874999994 0.7251663453125 0.48171219218749994 0.737084928125 0.5000604765625 0.7533375421875 0.5248846265625 0.7787999703125 0.5345984234375 0.7934273234375 0.5227260046875 0.77500769375 0.50545703125
11 0.49543693749999995 0.4568806453125 0.49489518437499996 0.42881856249999994 0.49381167656249997 0.4061530359375 0.498730628125 0.302726284375 0.49326992187499996 0.2636840015625 0.47647555468749997 0.271239178125 0.472683278125 0.31009436875 0.464556971875 0.423422009375 0.45913943437500004 0.469832375 0.45697241875000005 0.5086875656250001 0.465098725 0.513004809375 0.47159977187499996 0.5162427421875 0.479184325 0.5227186078125 0.4916446609375 0.5097668765625001 0.49543693749999995 0.4568806453125
11 0.4737667859375 0.2841909078125 0.46943275624999997 0.2636840015625 0.453757603125 0.2714067671875 0.4450538359375 0.307935746875 0.4374692828125 0.39212199375 0.43150999062500006 0.42665994218750003 0.42825946718749996 0.4568806453125 0.4271759609375 0.476308240625 0.42934297499999996 0.5000530796875 0.4358440203125 0.5000530796875 0.4526383890625 0.50652894375 0.461848203125 0.49573583593750004 0.46401521875 0.46119788906250003 0.467265740625 0.4180254546875 0.4737667859375 0.2841909078125
3 0.5295674265625 0.30145988125 0.5192741046875 0.2658426234375 0.5036072218750001 0.28436656718750003 0.49868746093749994 0.3791702640625 0.49381167656249997 0.43745304999999995 0.4911029078125 0.4860220375 0.49272816875 0.517322053125 0.5046467531250001 0.529194471875 0.5198158578125 0.5302737828125 0.5268586578125001 0.5119254984375 0.52848391875 0.4914185921875 0.5295674265625 0.44392891562500003 0.5279421656250001 0.40723234531249997 0.52848391875 0.35974266718750003 0.5295674265625 0.30145988125
3 0.5501540703125001 0.2647633140625 0.5404025031249999 0.25936675937500003 0.53286678125 0.2714067671875 0.5301091796875 0.32412541093749997 0.52848391875 0.38348750625 0.5268586578125001 0.42989787343749997 0.525233396875 0.47414961875 0.530650934375 0.5076082546875 0.5420277640625 0.5076082546875 0.5593638859375 0.49573583593750004 0.560989146875 0.46551513125 0.556655115625 0.40723234531249997 0.5544881015625001 0.3316805859375 0.5528628390625 0.2928253953125 0.5501540703125001 0.2647633140625
1 0.5648355578124999 0.2714067671875 0.5626144078124999 0.40075648125 0.558280378125 0.4406909828125 0.5604473921875 0.4687530640625 0.5701989609375 0.5011323890625 0.5804922828125 0.513004809375 0.5902438515624999 0.5032910109375 0.59620314375 0.469832375 0.5978284046875 0.4406909828125 0.5913273593749999 0.33275989687499996 0.5891603437499999 0.2723184890625 0.5804922828125 0.2453357171875 0.5648355578124999 0.2714067671875
9 0.39087845625 0.44392891562500003 0.4027970390625 0.48494272812499994 0.41146510000000003 0.492497903125 0.4228419296875 0.4687530640625 0.4309682375 0.45472202343749996 0.43476051406250005 0.423422009375 0.4385527890625 0.238859853125 0.4206749140625 0.22267018906249997 0.4082427328125 0.2454871671875 0.398463009375 0.39212199375 0.39087845625 0.44392891562500003
15 0.5853680671875 0.4590392671875 0.6005371734375 0.4871013484375 0.6097469875 0.5000530796875 0.622749078125 0.48278410625 0.627083109375 0.4504047796875 0.61949855625 0.40183579218750004 0.6173315406250001 0.2582874484375 0.6086634796875 0.246415028125 0.5989717109375 0.26060693437500004 0.5891603437499999 0.4061530359375 0.5853680671875 0.4590392671875
15 0.6135392640624999 0.439611671875 0.615164525 0.46227719843750004 0.6254578468750001 0.48062548281249995 0.6341259078125 0.4935772140625 0.647669753125 0.47846686250000003 0.653087290625 0.44716684687499997 0.647669753125 0.41262889999999997 0.6368346765624999 0.2453357171875 0.6228128328125 0.250887084375 0.6162480328125 0.4061530359375 0.6135392640624999 0.439611671875
5 0.6644641203125 0.23130467656249998 0.655796059375 0.25073227187499997 0.6520037828125 0.3338392078125 0.6455027375 0.41154958906249994 0.6465862453125 0.439611671875 0.665547628125 0.44932546875 0.67854971875 0.439611671875 0.6877595328125 0.43745304999999995 0.693177071875 0.414787521875 0.6926353171875 0.38780475000000003 0.6866760265625 0.361901290625 0.683425503125 0.25073227187499997 0.67584095 0.2291460546875 0.6644641203125 0.23130467656249998
5 0.734350359375 0.3338392078125 0.728932821875 0.2744771109375 0.7278493140625 0.21403570312500003 0.7126802078125001 0.2064805265625 0.6975111015625 0.225908121875 0.693177071875 0.2928253953125 0.6920935640625 0.328442653125 0.6872177796875001 0.355425425 0.6845090109374999 0.3716150875 0.6893847953125001 0.3932013046875 0.6980528546875 0.40723234531249997 0.7061791625 0.4137082109375 0.719181253125 0.40075648125 0.728932821875 0.40291510312499995 0.736517375 0.3867254390625 0.738684390625 0.361901290625 0.734350359375 0.3338392078125
5 0.759271034375 0.266921934375 0.7322652578125 0.2627669 0.7321833437499999 0.2982219484375 0.736517375 0.330601275 0.7359756203125001 0.3565047359375 0.7408514046875 0.37809095312499996 0.7495194656249999 0.38456681718749997 0.7603545406250001 0.3867254390625 0.7706478640625 0.3770116421875 0.772273125 0.36729784374999996 0.7820246921875 0.357584046875 0.7782324171874999 0.3316805859375 0.7690226015625 0.2895874625 0.759271034375 0.266921934375
15 0.368637334375 0.44175146249999997 0.372971365625 0.45794112656249997 0.38543170312499997 0.476289409375 0.3995173015625 0.4503859484375 0.4125193921875 0.4449893953125 0.4130611453125 0.38886523125 0.3973502859375 0.24207895468750001 0.388140471875 0.23236515781249997 0.3811505484375 0.24872711718749999 0.370262596875 0.4093721375 0.368637334375 0.44175146249999997
15 0.35834401250000003 0.3143927828125 0.345883675 0.37591350156250003 0.33775736875 0.40505489375000003 0.33504860000000003 0.4266411109375 0.35021770625 0.4676549234375 0.3648450578125 0.45470319375 0.37622188749999996 0.4471480171875 0.3832646875 0.41261006875 0.3832646875 0.3154720921875 0.38163942500000003 0.235603090625 0.3757321109375 0.23684729999999998 0.35834401250000003 0.3143927828125
13 0.35726050468750004 0.251792753125 0.3404661375 0.2204927390625 0.32746404687499997 0.22804791406249997 0.3177548375 0.24440718437500003 0.312294940625 0.313313471875 0.2987510953125 0.354327284375 0.2933335578125 0.3877859203125 0.29387531093749997 0.4158480015625 0.3003763578125 0.43203766562499996 0.3155454640625 0.42448248906249997 0.3231300171875 0.44067215156249995 0.342633153125 0.4341962875 0.35021770625 0.41908593437499997 0.3513012140625 0.39318247500000003 0.35075945937499997 0.3359789984375 0.35726050468750004 0.251792753125
13 0.28954128125 0.19998583125 0.2678711296875 0.218334115625 0.26790521875 0.2228075171875 0.25920306875 0.2874100109375 0.2440339625 0.3241065796875 0.23969993281250002 0.345692796875 0.2418669484375 0.3737548796875 0.2548690390625 0.3921031640625 0.264078853125 0.4093721375 0.2835819890625 0.40613420468749994 0.29658408125 0.3834686765625 0.299834603125 0.3467721078125 0.306877403125 0.2830927671875 0.30850266406250004 0.21725480625000002 0.28954128125 0.19998583125
12 0.266780340625 0.4754037828125 0.2835747078125 0.44734169843749994 0.28140769374999997 0.42035892812500003 0.2700308640625 0.41172444218750004 0.2602792953125 0.40308995468750003 0.254320003125 0.391217534375 0.24619369687499998 0.3890589140625 0.2353586203125 0.38366235937500004 0.2196477609375 0.40524857656249996 0.2088126859375 0.45921411875 0.1914765640625 0.49914862031249996 0.1893095484375 0.5261313921874999 0.20502040937500002 0.519655528125 0.2223565296875 0.504545175 0.2066456703125 0.5369245015625 0.20068637812499998 0.5498762312500001 0.22073126875 0.5455589875 0.23915089687500002 0.5304486359375 0.25323649531250003 0.4969899984375 0.266780340625 0.4754037828125
12 0.3214974734375 0.47432447031249997 0.3166216890625 0.445183078125 0.2841164625 0.44302445625000003 0.26352981875000003 0.48187964687499996 0.22398179062499998 0.5563520953125 0.23644212812499998 0.5703831375 0.264071571875 0.552034853125 0.2445684359375 0.5919693546875 0.24673545 0.6081590171875 0.27165612499999997 0.5973659078125 0.2982020609375 0.5703831375 0.3166216890625 0.5487969203125 0.3312490421875 0.5174969046875 0.33233255 0.4948313765625 0.3214974734375 0.47432447031249997
14 0.3415423640625 0.5919693546875 0.3415423640625 0.6459348968749999 0.3518356859375 0.6686004249999999 0.36537953125 0.63945903125 0.3735058375 0.5671452046875001 0.3827156515625 0.518576215625 0.3821738984375 0.490514134375 0.36700479218750004 0.47000722812499995 0.343221490625 0.4938833390625 0.34316762500000003 0.539083121875 0.3415423640625 0.5919693546875
14 0.40384405 0.4829589578125 0.394696640625 0.480923540625 0.37783986718749996 0.506703796875 0.37783986718749996 0.539083121875 0.37783986718749996 0.588731421875 0.37621460624999997 0.6513314515624999 0.3800068828125 0.69666250625 0.386507928125 0.7085349265625001 0.398968265625 0.6912659515625 0.4098033421875 0.5595900281249999 0.41901315625 0.5218141484375 0.4163043875 0.502386553125 0.41251211093749995 0.49375206718750003 0.40384405 0.4829589578125
8 0.41034509531249996 0.51210035 0.407094571875 0.5455589875 0.41034509531249996 0.5919693546875 0.4049275578125 0.6912659515625 0.408719834375 0.7333590765625 0.41901315625 0.7473901171875 0.4363492765625 0.6837107765625 0.4406833078125 0.5919693546875 0.444475584375 0.5455589875 0.444475584375 0.5207348374999999 0.42720726249999996 0.49820327343750004 0.41034509531249996 0.51210035
10 0.452601890625 0.75062805 0.4666874890625 0.75062805 0.47156327343750004 0.54124174375 0.451590228125 0.516562990625 0.440141553125 0.534765878125 0.4406833078125 0.5585107171875 0.44501733750000005 0.6383797203125 0.452601890625 0.75062805
10 0.4769808109375 0.703138371875 0.4872741328125 0.756024603125 0.49485868593750004 0.6977418171875 0.492691671875 0.6081590171875 0.4927703484375 0.544642559375 0.4769808109375 0.5434003656249999 0.46939625781250005 0.5531141625 0.473188534375 0.6124762609375 0.4769808109375 0.703138371875
2 0.5230298828125 0.707455615625 0.518695853125 0.59844521875 0.5166114703125 0.5392426421875001 0.491066409375 0.5434003656249999 0.492691671875 0.5671452046875001 0.5056937625 0.707455615625 0.5170705921875001 0.74631080625 0.5230298828125 0.707455615625
2 0.55120108125 0.7527866703125 0.549034065625 0.6405383421875 0.5452417890625 0.5919693546875 0.5474088046875 0.54124174375 0.53124125 0.526282840625 0.5143618234375 0.5369245015625 0.5181541000000001 0.5790176234375 0.536573728125 0.739834940625 0.55120108125 0.7527866703125
0 0.545846290625 0.587593603125 0.5577648734375 0.7343798796875001 0.569141703125 0.763521271875 0.5832273015625 0.7397764328124999 0.584310809375 0.6847315796875 0.579976778125 0.61781430625 0.578893271875 0.5476591 0.574559240625 0.5195970187500001 0.5594171218749999 0.5079231234375 0.5425957671875 0.5357866812500001 0.545846290625 0.587593603125
0 0.58918659375 0.6242901703125 0.61248200625 0.7214281484375 0.6244005890625 0.6955246875000001 0.6135655140625 0.59299015625 0.60706446875 0.5638487640625 0.6043556984375 0.515279775 0.579435025 0.5098832203125 0.5675164421875001 0.542262546875 0.5729339796875 0.567086696875 0.58918659375 0.6242901703125