10 0.48812290625 0.72030306875 0.49013545937499997 0.5986979171875 0.48768746875 0.5910438234375001 0.46591526562499996 0.592778853125 0.4680924875 0.6344194046875 0.46722157812500004 0.6795299828125 0.46286713749999997 0.7359182390625 0.4746241484375 0.7445933546875 0.48812290625 0.72030306875
10 0.45415825625000006 0.7385208000000001 0.45764182187499997 0.6873376 0.4637380453125 0.6335518734375001 0.4656376640625 0.5921875015625 0.45285194375 0.5936464171875 0.441530371875 0.60839405625 0.4393531515625 0.6474320796875 0.43804684062500004 0.7012177734375 0.4358696203125 0.752400971875 0.45198103593749994 0.7558710328125 0.45415825625000006 0.7385208000000001
8 0.4341278359375 0.686470103125 0.4389622875 0.605208334375 0.40582397343750004 0.5971164109375 0.40582397343750004 0.629214315625 0.398856875 0.7411233609375001 0.39493787187499996 0.7923064937500001 0.415403728125 0.7949090562500001 0.42759617499999997 0.7393882984375 0.4341278359375 0.686470103125
14 0.3958087453125 0.7324482453125001 0.399765815625 0.6128038203124999 0.395373309375 0.604923996875 0.3675048828125 0.6040564984375 0.369246665625 0.6491670765625 0.3709884484375 0.72030306875 0.37229479374999996 0.780161384375 0.385358115625 0.780161384375 0.3958087453125 0.7324482453125001
2 0.49122425 0.6008680562500001 0.48942921874999995 0.73071318125 0.5172976453125 0.73331574375 0.5142495499999999 0.603188965625 0.49122425 0.6008680562500001
2 0.545601509375 0.6725899296875 0.5434862140625001 0.6019531265625 0.5138141125 0.603188965625 0.5146849875 0.629214315625 0.519474865625 0.6769274875 0.5220875234375 0.741990859375 0.535586315625 0.740255796875 0.5538749859375 0.7341832421875 0.545601509375 0.6725899296875
0 0.586533290625 0.750665975 0.5878395703125 0.7298456843750001 0.578695284375 0.6482995765624999 0.5739723578125 0.6008680562500001 0.5421179765625 0.59451385 0.54124706875 0.607526525 0.545601509375 0.666517309375 0.552568640625 0.706422896875 0.562148396875 0.750665975 0.5730344984375 0.7593410921875 0.586533290625 0.750665975
6 0.6222396906250001 0.7949090562500001 0.62920675625 0.7558710328125 0.613530809375 0.6639148140625 0.6109912484375 0.595442709375 0.59262948125 0.5884412953125 0.5712927484375 0.603188965625 0.57434084375 0.6326844406250001 0.587404165625 0.6777949859375 0.59175860625 0.7255081265625 0.6096117734375001 0.7949090562500001 0.6222396906250001 0.7949090562500001
6 0.669703065625 0.795776553125 0.66404228125 0.748063415625 0.6540271203125 0.6474320796875 0.6427055484374999 0.591911321875 0.6055472953125001 0.5726562515625 0.6004674875 0.62487675625 0.6113535890625 0.6387569625 0.6200624703125001 0.6673848734375001 0.62920675625 0.747195915625 0.6427055484374999 0.7827638796875 0.66055878125 0.8061867328125001 0.669703065625 0.795776553125
3 0.526877434375 0.6014539703125 0.5251356515625 0.5528732984375 0.52426474375 0.511232746875 0.52497676875 0.42725694531249997 0.5290546546875 0.42448158437499994 0.49421912968750004 0.416673965625 0.493348221875 0.473929753125 0.48812290625 0.5389931265625 0.48768746875 0.6014539703125 0.5033634484375 0.6040564984375 0.526877434375 0.6014539703125
7 0.5878395703125 0.5936464171875 0.5930649515625 0.57022353125 0.5930649515625 0.49648504375 0.5921940109375 0.42534908125 0.5913930125 0.35672743125 0.55866483125 0.378503475 0.55605220625 0.42361408593750005 0.5564876109375 0.49561754375 0.555181265625 0.5450657140625 0.5599711765625 0.5936464171875 0.5721636234374999 0.603188965625 0.5878395703125 0.5936464171875
5 0.70715128125 0.5832362046874999 0.7010550249999999 0.493015015625 0.7122488031249999 0.3892795140625 0.6601233109375 0.3585507296875 0.6627360015625 0.41493897031250004 0.6548979953125 0.499955103125 0.64575364375 0.5554758265624999 0.6531561781249999 0.59538138125 0.679282821875 0.59538138125 0.70715128125 0.5832362046874999
11 0.45198103593749994 0.6023215343749999 0.450674725 0.560680915625 0.436240309375 0.409895834375 0.4158392 0.4071313515625 0.420193640625 0.442699315625 0.42498351875000007 0.50169013125 0.4241126109375 0.5710910625000001 0.4241126109375 0.6101290859375 0.44022405937500003 0.6127316140625 0.45198103593749994 0.6023215343749999
9 0.41932273281250004 0.5337880687500001 0.41496829062499996 0.4531094609375 0.41065372343749995 0.3773437515625 0.385358115625 0.379370971875 0.386664428125 0.45137443125 0.38579355312499997 0.5520058 0.3849226453125 0.5997189390625 0.40277587812500004 0.6040564984375 0.4223708609375 0.5988514078125 0.41932273281250004 0.5337880687500001
15 0.3544415609375 0.49822007187499995 0.35566978437499996 0.401215278125 0.3270086046875 0.41493897031250004 0.3322339203125 0.51470280625 0.33092760781249997 0.5710910625000001 0.3439909296875 0.5997189390625 0.35705425156250004 0.6014539703125 0.3666340078125 0.5745610890624999 0.3544415609375 0.49822007187499995
13 0.30349461875 0.6040564984375 0.316557940625 0.5745610890624999 0.3052364015625 0.5216428921875 0.290886725 0.4142361125 0.280851540625 0.3906486171875 0.24862865781250001 0.3906486171875 0.2577729921875 0.4635196078125 0.27083631406249997 0.5207753953125 0.27083631406249997 0.5901762921875 0.280851540625 0.5988514078125 0.30349461875 0.6040564984375
13 0.2399197765625 0.42968664062500006 0.2216311390625 0.38978111875 0.1983394984375 0.4185763890625 0.21161591249999998 0.499955103125 0.2264210171875 0.52684795 0.2281628 0.5875737640625001 0.24906411093749997 0.61186408125 0.2669173109375 0.6014539703125 0.272142659375 0.5563433578125 0.25690210156250004 0.5103652484375 0.2399197765625 0.42968664062500006