10 0.49922042343750006 0.7884404484374999 0.4949137546875 0.7439370953125 0.490607084375 0.680695509375 0.49143798125 0.6265625015625 0.4729888640625 0.6221384750000001 0.47377188437499995 0.649465090625 0.4757294640625 0.6916261671874999 0.4804276734375 0.7415948203125 0.487083434375 0.80015185625 0.49373919375 0.8024941312499999 0.49922042343750006 0.7884404484374999
10 0.4796446234375 0.740814071875 0.47494644375000006 0.6830377859375 0.47039050156249995 0.6207031265625 0.45184699375 0.6229192234375 0.45537064374999997 0.6642995515625 0.458502753125 0.7173912578125 0.46437549375 0.77750981875 0.47533795312500005 0.8017134421875 0.48473434375 0.79234425 0.4796446234375 0.740814071875
8 0.45423778437499995 0.6226562515625 0.43462028437500005 0.6047365828125 0.4330542140625 0.6531437078125 0.433445753125 0.7647924781250001 0.44088453281250006 0.8327186453125 0.4565451734375 0.8147611296875 0.4569367140625 0.7249736765625 0.45423778437499995 0.6226562515625
14 0.429139053125 0.8428684953125 0.43187968281250005 0.7679155015625 0.4307051234375 0.680470325 0.42878501875 0.6167968765625 0.4150444828125 0.5781907140625 0.40956325312499997 0.5930251765625 0.40447356250000005 0.639870803125 0.40055840312499996 0.70389316875 0.39586019375000003 0.7858729859375 0.4017329328125 0.8389646921875 0.429139053125 0.8428684953125
14 0.40016689375 0.589902121875 0.374718353125 0.6000520015624999 0.3759215828125 0.6001953140625 0.37276077343749997 0.6664166421875 0.370411653125 0.7444926875 0.37119470312499997 0.7944613703125001 0.3829401828125 0.79758439375 0.3927280828125 0.7468349640625 0.403299003125 0.659389815625 0.4107378125 0.61020188125 0.40016689375 0.589902121875
12 0.3852892734375 0.585217571875 0.337252959375 0.5572265640625 0.32656187187499996 0.5930251765625 0.2924999921875 0.671101221875 0.270966596875 0.7070162515625 0.280754496875 0.7382466703125 0.323821271875 0.7327812812500001 0.35749164218749996 0.6773473 0.373935303125 0.62972089375 0.3852892734375 0.585217571875
12 0.2909339078125 0.5157298781249999 0.2819290421875 0.5742869125000001 0.2545314703125 0.6246093765625 0.2525653421875 0.659389815625 0.2784054078125 0.671101221875 0.3030709125 0.6422130796875 0.328519453125 0.5914636484375 0.33791584218750004 0.5453987703125 0.3167739734375 0.52041444375 0.2909339078125 0.5157298781249999
2 0.5125319734375 0.8125509984375 0.51331499375 0.7688284249999999 0.5113574140625 0.712613665625 0.5062677234375 0.679040971875 0.50612226875 0.6294921890625 0.50705074375 0.618922409375 0.490607084375 0.6204839359375 0.49021557343750005 0.6314145953125 0.49021557343750005 0.692313965625 0.49373919375 0.740721059375 0.49882891406249996 0.7930319875 0.5125319734375 0.8125509984375
2 0.5313247546875 0.7079291734375001 0.5250604734375 0.66889115 0.52570131875 0.6148437515625 0.506659234375 0.625949325 0.513706534375 0.7055868390625 0.5184047140625 0.7555555203125001 0.5278011046875 0.8078664484375 0.5473769046875 0.8141125562499999 0.541895675 0.774293784375 0.5313247546875 0.7079291734375001
0 0.568910284375 0.8312892609375 0.56734424375 0.7906897421875 0.55599024375 0.7212020484375 0.5506646078124999 0.6480468765625 0.54346174375 0.6314145953125 0.5281926140625 0.632976121875 0.5281926140625 0.6642065406250001 0.5356314234374999 0.7180789953125 0.546593884375 0.78990899375 0.55873084375 0.8305085140624999 0.568910284375 0.8312892609375
4 0.7086814859375 0.647810553125 0.6844075046875 0.5931573203125 0.6785347640625 0.5580231 0.6703129046875 0.54553094375 0.6299597625 0.5552734390625 0.626463125 0.5666114828125 0.6366425640625 0.6197031875000001 0.654260784375 0.67982175 0.6816669046875 0.7157367484375 0.717294825 0.7172982453125 0.7294318453125 0.6743564203125 0.7086814859375 0.647810553125
4 0.72355910625 0.551777021875 0.711212821875 0.5074218765625 0.6746196046875 0.5408463640625001 0.6859735453125 0.5908150453125 0.7251251453124999 0.666548815625 0.746658525 0.669671840625 0.763493725 0.6243877390625 0.7337385453125 0.611114834375 0.72355910625 0.551777021875
5 0.6941954046875 0.36673678593750003 0.6679638453125001 0.330041059375 0.6468219453125 0.328479525 0.6311613046875 0.3964056921875 0.6231070953125 0.4214843765625 0.6295952640625 0.4947815140625 0.6354680046875 0.5424078890625 0.6436898640625001 0.554119296875 0.667180825 0.5431886671874999 0.6887142046875 0.5509962734375 0.7067239046875 0.520546603125 0.6945869453125 0.4338822171875 0.6941954046875 0.36673678593750003
7 0.594358825 0.6173609124999999 0.601406125 0.621264715625 0.6170667640625 0.6087725296875 0.608061884375 0.5509962734375 0.608061884375 0.508835196875 0.6089122828125 0.4371093765625 0.588486084375 0.41982850625 0.5857454843750001 0.4393475171875 0.5826133437500001 0.4791663046875 0.581830325 0.539284865625 0.583004884375 0.600964925 0.591618225 0.6118955828125 0.594358825 0.6173609124999999
7 0.5665611640625 0.52913495625 0.5642121046875 0.5814459125 0.5653866640625 0.6243877390625 0.5861369640625 0.6220455234375 0.5837879046875 0.5611461531249999 0.578698184375 0.44871663437500003 0.5648594203124999 0.4556640640625 0.5665611640625 0.52913495625