10 0.43176401249999996 0.825151271875 0.4511992078125 0.8303563625000001 0.4612767390625 0.76399169375 0.46775515624999997 0.6416725828125001 0.4332826953125 0.643294271875 0.43320363593750005 0.77570321875 0.43176401249999996 0.825151271875
10 0.45479832187499997 0.8173436875 0.4771128203125 0.8186449359375001 0.48647054062499995 0.7770043671875 0.49087808749999995 0.6498046890625 0.46775515624999997 0.6455763765625 0.45479832187499997 0.8173436875
8 0.384975525 0.8433690359374999 0.40800983437499994 0.8342602546875 0.43608293906249995 0.7067359546875001 0.428164896875 0.6455763765625 0.4071847828125 0.6449218765625 0.3705790671875 0.8082349046875 0.384975525 0.8433690359374999
14 0.344665453125 0.7314600062500001 0.3309888078125 0.8199462328125 0.3461050765625 0.8602856031250001 0.3655402734375 0.8407665906249999 0.391453940625 0.7197486296875 0.408729646875 0.6208522750000001 0.360388528125 0.6270182296875 0.344665453125 0.7314600062500001
14 0.2766952234375 0.7490885421875 0.2755624125 0.809536053125 0.2913985484375 0.809536053125 0.344665453125 0.710639846875 0.3842557125 0.5961282234375 0.335307734375 0.56619908125 0.31155355625 0.6390700375 0.2766952234375 0.7490885421875
14 0.26404525625 0.745773978125 0.288519246875 0.688518190625 0.3360275453125 0.5609939921875 0.2546875921875 0.5037382046875 0.24964879843749999 0.59222443125 0.2226995421875 0.6611979171875 0.26404525625 0.745773978125
12 0.189183665625 0.54668006875 0.15790472656250001 0.5928385421875 0.1387960640625 0.622153571875 0.175507075 0.6781081609374999 0.23957126718750002 0.631262453125 0.2554074046875 0.577910459375 0.251088478125 0.5362698906250001 0.2064594265625 0.501135709375 0.189183665625 0.54668006875
12 0.1567916359375 0.5909231328125 0.1956620828125 0.551885109375 0.17766651093750002 0.44778371406249995 0.12010775 0.4789062515625 0.1323177015625 0.55969274375 0.1567916359375 0.5909231328125
3 0.5079767203125 0.3714843765625 0.4958402109375 0.501135709375 0.5339907921875 0.527161059375 0.5836585828125 0.3540924734375 0.5079767203125 0.3714843765625
3 0.594455925 0.5102445421875 0.6078687296874999 0.374739584375 0.5807792796875 0.367105146875 0.545507946875 0.51544963125 0.5433485109375 0.5701028734375 0.5440683234375 0.6520827125 0.5721414265625 0.6325637015625001 0.5778999765624999 0.5375711875 0.594455925 0.5102445421875
1 0.581499090625 0.564897784375 0.5786198437500001 0.6390700375 0.6095721953125001 0.64297383125 0.62612814375 0.587019340625 0.6412444125000001 0.501135709375 0.6419642249999999 0.40093808124999997 0.61236836875 0.389388021875 0.581499090625 0.564897784375
7 0.6708636890624999 0.418684896875 0.634046184375 0.4100470140625 0.639084921875 0.5037382046875 0.63116688125 0.5896218859375 0.64700301875 0.6078395999999999 0.6837139750000001 0.574006665625 0.67291663125 0.5063407484375 0.6708636890624999 0.418684896875
7 0.7050609531250001 0.404036459375 0.6693175171875 0.4048418984375 0.675076121875 0.5206547203125 0.6851535984375 0.5844167953125 0.7225843671875001 0.564897784375 0.7333817093749999 0.5193534234375 0.716825871875 0.47771285468749997 0.7050609531250001 0.404036459375
5 0.71970511875 0.4764116078125 0.7384205578125 0.49072552968750005 0.7715323453125 0.421758365625 0.7410580734375001 0.325911459375 0.7002699234375 0.39443174375 0.71970511875 0.4764116078125
11 0.46920673125 0.386624159375 0.461288690625 0.43867485781250004 0.43033628437500004 0.5531864078125001 0.44257330625 0.6143459375 0.46056887968750004 0.6130446890625 0.4980775125 0.399153646875 0.46920673125 0.386624159375
11 0.41809931718750004 0.5193534234375 0.44401293124999996 0.518052175 0.451930971875 0.44518119375 0.44329311875000005 0.2994392796875 0.4152841359375 0.2982421890625 0.40514248437499994 0.47120651875 0.41809931718750004 0.5193534234375
9 0.399985359375 0.34381510625 0.357634184375 0.5570902 0.3864271 0.6000320140625 0.40514248437499994 0.5336673953125 0.399985359375 0.34381510625
15 0.2863717078125 0.4308672484375 0.262617584375 0.4764116078125 0.2964492390625 0.5336673953125 0.32308271875 0.5427762281249999 0.3453972171875 0.4842191921875 0.3734703203125 0.37361148593750004 0.3252913359375 0.340559896875 0.2863717078125 0.4308672484375
15 0.2403030859375 0.35018865625 0.24462201249999999 0.4048418984375 0.27845366562499996 0.450386259375 0.3166043015625 0.37491273281250004 0.3453972171875 0.3189582921875 0.320203415625 0.25519614218750003 0.285694503125 0.28522135625 0.2403030859375 0.35018865625
13 0.2978889171875 0.2838240359375 0.28421227187500003 0.19794039218749998 0.2424979578125 0.194075521875 0.215109284375 0.2525935984375 0.2482211265625 0.3397785265625 0.2978889171875 0.2838240359375
1 0.5120448921875 0.8238500249999999 0.5205757125 0.6888671890625 0.49476913125 0.6768068140625 0.4882907140625 0.809536053125 0.5120448921875 0.8238500249999999
1 0.5120448921875 0.8199462328125 0.5422774312499999 0.822548728125 0.544436921875 0.7848120015625 0.5538730484375 0.6758463546875 0.52140255625 0.6729029718749999 0.5120448921875 0.8199462328125
0 0.5790710328124999 0.6693359390625 0.5602730031250001 0.6742042703125 0.5458765453125001 0.7288575125000001 0.5523549625 0.7913183390625 0.5732298375 0.8641892953125 0.6013028859375 0.8342602546875 0.5926650328124999 0.7431715328124999 0.5790710328124999 0.6693359390625
6 0.6276671453125 0.6807291671875 0.5984236375 0.6650953859375 0.5833073140625 0.7028321625 0.6034623765625 0.8069335578124999 0.6192984578125 0.8811058125000001 0.6452121265625 0.847272928125 0.628656178125 0.7535815640625 0.6276671453125 0.6807291671875
6 0.66816390625 0.609114584375 0.602022753125 0.6468776234375 0.6293759890625 0.7054347078125 0.65672928125 0.7770043671875 0.6941600484375 0.853779265625 0.705677259375 0.8108373500000001 0.6725653625 0.68071060625 0.66816390625 0.609114584375
4 0.72845908125 0.5733072921875 0.6632076984374999 0.5896218859375 0.6660869453125 0.6390700375 0.696319540625 0.7028321625 0.7308710609375 0.797824675 0.76542258125 0.7379663437499999 0.7402287796875 0.65858905 0.72845908125 0.5733072921875
4 0.7337503078125 0.5635965359374999 0.73518993125 0.644275128125 0.7819784203125 0.7158448374999999 0.829486775 0.6689991796875 0.8021334828125 0.62996115625 0.77705519375 0.540755209375 0.7337503078125 0.5635965359374999
4 0.8129308265624999 0.6338649484375 0.8345255125 0.606538353125 0.8381246265625 0.5193534234375 0.8022531781250001 0.491927084375 0.783418153125 0.602634559375 0.8129308265624999 0.6338649484375