11 0.4187104078125 0.549187371875 0.42654843124999997 0.6194556343750001 0.453001628125 0.637022925 0.45104215937500003 0.5355239 0.45104215937500003 0.416457959375 0.4177306734375 0.4106022703125 0.42371920156250004 0.4432617203125 0.4187104078125 0.549187371875
11 0.45006242500000004 0.4457364765625 0.4461434140625 0.6155518921875001 0.474556153125 0.638974646875 0.4910881390625 0.5848632828125 0.4843536453125 0.441832659375 0.45006242500000004 0.4457364765625
13 0.27109795000000003 0.3392578140625 0.23359904999999997 0.316910259375 0.2223319203125 0.3959622234375 0.216453440625 0.45451925937500004 0.24094715 0.48770159218750003 0.26446114375 0.4691585171875 0.2629915046875 0.4135293265625 0.27109795000000003 0.3392578140625
3 0.519573375 0.6048156625 0.5234923874999999 0.5023408515625001 0.51761390625 0.432072403125 0.48528215625 0.4232888328125 0.4911606734375 0.592128275 0.5019378984375 0.62043093125 0.519573375 0.6048156625
3 0.55239499375 0.495509190625 0.5436359203125 0.4369140640625 0.519573375 0.44085593593750005 0.523982253125 0.5199079546875 0.531330371875 0.5716334015625 0.54896585 0.6057916734375 0.5675810984375 0.609695415625 0.5710102046875 0.584320678125 0.55239499375 0.495509190625
7 0.6018723171875 0.39791413124999997 0.6024306296875 0.4234863296875 0.5935444640624999 0.4916053734375 0.585216575 0.5599219140625 0.6229369015625 0.5784649890625 0.6346939359375 0.5608978875 0.6263660828125001 0.5218598640625001 0.6337142015625 0.45061544218750005 0.6356736703125 0.4076736375 0.6018723171875 0.39791413124999997
7 0.6569382234375001 0.4063964859375 0.633224296875 0.432072403125 0.6273458171875 0.5277156265625 0.6376331390625001 0.5657776390625 0.6596774937500001 0.5774890171875 0.671434528125 0.5501624078125 0.6631066765625 0.4847737125 0.6569382234375001 0.4063964859375
5 0.7310440546875 0.3453613296875 0.696907990625 0.36765964218749997 0.6836813921875 0.471110425 0.69053960625 0.5277156265625 0.7287498375 0.5169801109375001 0.743446075 0.4916053734375 0.7292397421875 0.412553390625 0.7310440546875 0.3453613296875
10 0.46519730625 0.63863431875 0.4602985609375 0.7049989875 0.45784918750000003 0.7596522796875 0.4833226875 0.7625800500000001 0.48528215625 0.7118306125 0.48851588125 0.6456542984375 0.46519730625 0.63863431875
10 0.426007340625 0.779171290625 0.44413272187499997 0.7820990609375 0.46176819843750005 0.726469871875 0.4656871734375 0.63180269375 0.435845621875 0.6407714859375 0.43531496406250003 0.7313496234375 0.426007340625 0.779171290625
10 0.438744071875 0.6278988765625 0.408898046875 0.6187988296875 0.4054326234375 0.6766964062499999 0.40151361249999995 0.745012946875 0.3926958921875 0.8016180734375 0.4054326234375 0.8104016421875 0.4211085953125 0.7908826312499999 0.43041621875 0.732325596875 0.4377643375 0.6503457328125 0.438744071875 0.6278988765625
14 0.3739886890625 0.6163574234375 0.3765300171875 0.68938375625 0.3735907765625 0.757700296875 0.382408496875 0.7908826312499999 0.40053387812499996 0.7655079312499999 0.40592249062499997 0.69621541875 0.40641235781249996 0.6396102906250001 0.3882870140625 0.6035001125 0.3739886890625 0.6163574234375
14 0.3358704125 0.684504003125 0.3172552015625 0.7557484265625 0.3309716671875 0.7850269046875 0.3520362890625 0.74013319375 0.35938440625 0.6874318484375 0.37212113750000003 0.626922940625 0.337241996875 0.6004882828125 0.3358704125 0.684504003125
12 0.276595596875 0.5634861718749999 0.25946149687500003 0.6163574234375 0.2462233703125 0.6571773953125 0.2746361109375 0.6991432609375 0.305988071875 0.662057146875 0.3319514375 0.5820291921875 0.309417215625 0.5771494390624999 0.3001095734375 0.5361595265625 0.276595596875 0.5634861718749999
12 0.2276143625 0.5321289078125 0.2158511625 0.5732456781249999 0.2364258796875 0.6288748125 0.262389246875 0.6074039296875 0.27953485625 0.56251018125 0.2692474796875 0.5185924046875 0.24916262812499998 0.4990733921875 0.2276143625 0.5321289078125
2 0.4833226875 0.7723395562500001 0.5029176703125 0.773315528125 0.505856909375 0.7293977515625001 0.5156544015625 0.646441953125 0.48851588125 0.6505371109375 0.484302421875 0.7333015328125 0.4833226875 0.7723395562500001
2 0.5127151609375 0.633754565625 0.513205028125 0.71475849375 0.51222525625 0.7713636203124999 0.5352493843749999 0.7664838671875 0.5401481296874999 0.7030470796875 0.5448608109374999 0.6383300796875 0.5127151609375 0.633754565625
0 0.5474962484375 0.63180269375 0.5396582624999999 0.697191353125 0.5450468749999999 0.7762433734374999 0.5783583234375 0.769411784375 0.5778684562499999 0.6874318484375 0.5791577234374999 0.6212402359375 0.5474962484375 0.63180269375
6 0.5773785890625 0.6181393703125 0.56856083125 0.6425381359375 0.5793380953125 0.697191353125 0.576888721875 0.7801471515625 0.6038318234375 0.7772193093750001 0.611669809375 0.6835280671875 0.6091884578125 0.6132879328125 0.58717608125 0.6327786296875 0.5773785890625 0.6181393703125
6 0.6542889187500001 0.7752674359375 0.666045878125 0.7547725265625 0.6508598109375 0.7235420265625 0.6420420546875001 0.6688888093750001 0.6454711609375 0.6405862265625 0.6397897671874999 0.6065917984375 0.61803815625 0.6152115265625 0.596973571875 0.6181393703125 0.5999128109375 0.656201459375 0.6111799421875 0.674744496875 0.6175483265625 0.7010951703125 0.6376331390625001 0.763556021875 0.6542889187500001 0.7752674359375
4 0.7120941328125 0.5488469125 0.6983776296875 0.598620359375 0.7096447593749999 0.6357064734375 0.7409967015625 0.6591293031250001 0.7702405265625 0.5797363296875 0.7356080515625 0.5244481484375 0.7120941328125 0.5488469125