11 0.5096263015625 0.48086976718749996 0.50881586875 0.4058593765625 0.47676686718749994 0.39576689374999996 0.474172709375 0.48633509531249997 0.468552040625 0.5402075796875 0.4689843953125 0.5870532078124999 0.5091939156249999 0.587834015625 0.51005865625 0.5487959921875001 0.5096263015625 0.48086976718749996
11 0.474172709375 0.3903015640625 0.4434104625 0.3873046890625 0.442178015625 0.44573554531250004 0.4326660953125 0.519127040625 0.4283424875 0.562849615625 0.45255467656250004 0.5831494046875 0.4676873 0.5729994953124999 0.4694167484375 0.5105386578125 0.464228434375 0.48867737031249997 0.474172709375 0.3903015640625
9 0.4300719375 0.466816084375 0.42665370625000004 0.3736328140625 0.4002390453125 0.3653172234375 0.3989419515625 0.45588542500000007 0.3937536359375 0.5370845859375 0.3989419515625 0.5714379984375 0.4253159765625 0.56597266875 0.44001621249999995 0.5292769796875 0.4300719375 0.466816084375
15 0.3634104625 0.3599609390625 0.365217840625 0.45510467656250003 0.356570628125 0.531619196875 0.366514903125 0.5581650640625 0.3803504625 0.565191890625 0.40067139999999996 0.5323999749999999 0.40326555781250006 0.46603533593749996 0.3998066921875 0.3606326875 0.3634104625 0.3599609390625
15 0.36002949375000004 0.343455921875 0.3336807328125 0.3345703140625 0.33668204375 0.40591677343750004 0.3263053828125 0.48867737031249997 0.321117034375 0.536303778125 0.34014090937499997 0.5534804828125 0.35527353281249996 0.5448921906249999 0.36478548593750004 0.5089771609375 0.3583000765625 0.46759683281250003 0.36002949375000004 0.343455921875
13 0.31938761875 0.3497020140625 0.287194246875 0.3443359390625 0.27961041875000003 0.41840892968750004 0.267504325 0.48243129375000005 0.2670719703125 0.531619196875 0.2839340265625 0.5378652749999999 0.315496365625 0.5409883875 0.325873028125 0.5222500953125 0.32284648437499996 0.45744695156250004 0.31938761875 0.3497020140625
13 0.27226028593749996 0.4301203359375 0.27422127343749997 0.3248046890625 0.24848045000000002 0.31534855624999997 0.23637435468749998 0.3934245890625 0.21605340156250002 0.4504201265625 0.219944653125 0.4902388984375 0.25020989843749997 0.52303084375 0.268801403125 0.500388778125 0.27226028593749996 0.4301203359375
13 0.24716937187500002 0.320033121875 0.225572625 0.3023437515625 0.20133915156249999 0.35750961875 0.17020918125 0.40435524687499996 0.181882921875 0.43168186249999996 0.1961508359375 0.45744695156250004 0.2099863640625 0.46603533593749996 0.22295718281250002 0.4363664140625 0.23073968749999998 0.39732839062499997 0.24716937187500002 0.320033121875
3 0.5130988078125001 0.5016321359375 0.5096399421875 0.5836119859375 0.545958209375 0.586735009375 0.552011265625 0.5344240828125 0.5498494625 0.3899834109375 0.508342846875 0.383737303125 0.51097803125 0.4097656265625 0.5130988078125001 0.5016321359375
3 0.5747618140624999 0.3931640640625 0.5472553046875 0.397791015625 0.5498494625 0.507097465625 0.5511465578125 0.5804889328125 0.5706027859375 0.5859542624999999 0.58487066875 0.56643525 0.579682353125 0.49694755625000003 0.5747618140624999 0.3931640640625
3 0.6134064968749999 0.5469162390625 0.6108123062499999 0.4985090828125 0.6216213234375 0.43839053593750005 0.626113165625 0.3658203140625 0.5982738734375 0.3579721984375 0.5917884640625 0.4266791296875 0.585735409375 0.5164665687500001 0.5861677624999999 0.5586276453125001 0.5969767796875 0.5711198015625001 0.6151359125 0.5679967765625 0.6134064968749999 0.5469162390625
1 0.6549131125 0.557846896875 0.6475629953125 0.5242741734374999 0.6527513093749999 0.46805945781249997 0.6628699234375001 0.3697265640625 0.626377315625 0.363437521875 0.6237831265625 0.417310028125 0.6160006546875 0.4641556546875 0.609082890625 0.514905071875 0.6164330078125 0.5531623156250001 0.63156563125 0.564092975 0.6549131125 0.557846896875
7 0.6823293828125 0.3814453140625 0.6596691046875 0.374368171875 0.6484277031250001 0.5141242921875 0.6549131125 0.5461354890625 0.6713428296874999 0.555504590625 0.6856107437500001 0.5359855796875 0.6804223640625 0.4641556546875 0.6823293828125 0.3814453140625
7 0.7270937828124999 0.41965228750000005 0.72389695 0.3394531265625 0.6959638296875 0.32439950624999997 0.69077548125 0.41028315624999995 0.679966465625 0.4938245171875 0.686451875 0.5320817765625 0.7236349171875001 0.5359855796875 0.7400646015625 0.4985090828125 0.7270937828124999 0.41965228750000005
5 0.8282662125 0.40276189999999995 0.8118364625 0.3481086671875 0.8071401937499999 0.2828125015625 0.7772476109374999 0.27549795 0.76989749375 0.348889446875 0.770329846875 0.43633459375 0.7923802328125 0.45741513281249996 0.805351053125 0.4308692953125 0.8230778328125 0.43789612031249997 0.8282662125 0.40276189999999995
10 0.48736385000000004 0.604702315625 0.492552165625 0.6687246499999999 0.49774051249999995 0.75929288125 0.52065560625 0.7546083015625 0.515899646875 0.6687246499999999 0.511518571875 0.6080078140625 0.48736385000000004 0.604702315625
10 0.4670428796875 0.72259719375 0.4899580078125 0.74289689375 0.49471396875 0.6835591703125 0.4886609125 0.6086061171875 0.4623293828125 0.5953125015625 0.4648810765625 0.6577940203125 0.4670428796875 0.72259719375
8 0.42899516249999997 0.65389021875 0.42769806875 0.7343086 0.4666105265625 0.7491430015625 0.46358401562499996 0.690585965625 0.4644487234375 0.616413721875 0.4562338640625 0.5929909078125 0.4342212734375 0.5933593765625 0.42899516249999997 0.65389021875
14 0.359817459375 0.571129590625 0.355493853125 0.61329066875 0.3541967578125 0.6796553671875001 0.3477347875 0.7339843765625 0.343820096875 0.7686619828125 0.36759993125 0.75929288125 0.3784089484375 0.7015165953125 0.3913797671875 0.633590428125 0.4047829734375 0.6078253390625 0.4017564296875 0.5812795015625001 0.359817459375 0.571129590625
14 0.4376423765625 0.6171944703125 0.4223293828125 0.5875000015625 0.399162271875 0.5883063265625 0.38921796406250003 0.6687246499999999 0.3909474140625 0.7452391984375 0.40002698125 0.7795926421875 0.42683335937500005 0.72103560625 0.4229421078125 0.6523287515625 0.4376423765625 0.6171944703125
12 0.2674921375 0.54848755625 0.246306459375 0.6101676140625 0.223951003125 0.6626953140625 0.2415504984375 0.700735846875 0.267924490625 0.6718477625 0.3051075 0.640617284375 0.32759024062500003 0.590648603125 0.2973249953125 0.566445040625 0.2934337765625 0.543802975 0.2674921375 0.54848755625
12 0.2393886953125 0.5195994125000001 0.21820301718750001 0.4914920625 0.198746771875 0.546926028125 0.1774645171875 0.5757812515625 0.15983431406249998 0.604702315625 0.1875054015625 0.6531094703125 0.2281472921875 0.61563294375 0.254953671875 0.584402525 0.267924490625 0.5453645015624999 0.259277278125 0.5250647421875 0.2393886953125 0.5195994125000001
2 0.5400266203124999 0.669505428125 0.5353023546875 0.5962890640625 0.5352706609375 0.597675459375 0.511058471875 0.6187559968749999 0.5184085890625 0.6921474640625 0.5201380390625 0.7553890796875 0.535703015625 0.78349644375 0.5452149687500001 0.7522660250000001 0.5400266203124999 0.669505428125
2 0.5612483015625 0.6207031265625 0.5335412125000001 0.61329066875 0.5408913625 0.6687246499999999 0.5430531656250001 0.7335277921875 0.548673834375 0.772565784375 0.561644653125 0.7631966828125 0.56423884375 0.6827783609375 0.5612483015625 0.6207031265625
0 0.5983953093750001 0.774908090625 0.5983953093750001 0.6546709671875 0.591518571875 0.6041015640625 0.5798038203125 0.6039215375 0.552997440625 0.6195367453125 0.5659682593750001 0.6484249484375 0.5750478593749999 0.7265009953125 0.5819656234374999 0.7827156953125 0.5919098984375 0.79755015625 0.5983953093750001 0.774908090625
6 0.6031513015625001 0.6702861765625 0.6130955765625 0.7616351859375 0.6386048609375 0.8108230593749999 0.64292846875 0.75929288125 0.6316870984375 0.65154794375 0.628660553125 0.585183303125 0.5942212734375001 0.6041015640625 0.6031513015625001 0.6702861765625
6 0.6217427890625 0.5875255796875 0.6195809859375 0.6140714171874999 0.6351459625 0.642959559375 0.6528727765625 0.7038588703124999 0.6744908078125 0.7686619828125 0.68789398125 0.7756888390625 0.6840027296875 0.736650815625 0.6645464999999999 0.642959559375 0.6576377078125 0.582187509375 0.6217427890625 0.5875255796875
6 0.7423714484375 0.7085434515625 0.723779928125 0.6109483921875001 0.7163834359375 0.5533203140625 0.6584934453125 0.57503339375 0.659790540625 0.6109483921875001 0.6736260671875 0.6351519546875 0.685299825 0.6843398578125 0.707782565625 0.7569506046875001 0.722050446875 0.7444584203125 0.7423714484375 0.7085434515625
4 0.7964165296875 0.660917075 0.7769603015625 0.571129590625 0.767194246875 0.5201171890625 0.739344871875 0.5320915687500001 0.7129708796875 0.5500490828125 0.7207534171875001 0.59142938125 0.7380478421875 0.6351519546875 0.7652865109375 0.6952705765625 0.7877693171875 0.70307818125 0.7964165296875 0.660917075
4 0.8277347875000001 0.5025390640625 0.7683130874999999 0.5117918078125 0.7760955265625 0.5961139328125 0.7964165296875 0.65857476875 0.8145756640625 0.6866821640625 0.8323024109375 0.6679439609375 0.8279788046875 0.584402525 0.8277347875000001 0.5025390640625