11 0.4764754796875 0.283940959375 0.4691741359375 0.3969611984375 0.46675597812499997 0.4198447296875 0.46433781874999996 0.43429748593750006 0.4631287390625 0.4993348875 0.47884677187499997 0.504152471875 0.4963784234375 0.504152471875 0.50544651875 0.5005392828125 0.507864678125 0.4619986 0.50544651875 0.4186403328125 0.5006102015625 0.2717039796875 0.49335572499999997 0.2524336390625 0.4764754796875 0.283940959375
11 0.43773807031249995 0.3475809484375 0.4341108328125 0.4138227484375 0.42927451562499996 0.43188869218750003 0.4280654359375 0.4619986 0.43048359375 0.4800645453125 0.44559708750000004 0.4933129046875 0.4570833421875 0.49210850937500006 0.46433781874999996 0.48367773593749996 0.46615143750000004 0.41020955781249996 0.463733278125 0.264477603125 0.45228987812500004 0.25742773125 0.43773807031249995 0.3475809484375
3 0.541718903125 0.2885655296875 0.536882584375 0.270499584375 0.52484668125 0.2694791984375 0.516328234375 0.3030182859375 0.509678296875 0.39455240625 0.50544651875 0.44272825937500004 0.5024238203125 0.4740425640625 0.5036329 0.4957216984375 0.5072601390625 0.5077656609375001 0.5211645515625001 0.512583246875 0.536882584375 0.5077656609375001 0.5483688390625 0.49451730156249996 0.5495779187500001 0.45236343124999995 0.5465552203125 0.4065963703125 0.541718903125 0.2885655296875
3 0.55145084375 0.286351253125 0.548973378125 0.40298318125000004 0.548973378125 0.4330930890625 0.5483688390625 0.46079420468750004 0.548973378125 0.48488213125 0.5544142359374999 0.5005392828125 0.5677141109375 0.4969260953125 0.5798049046875 0.48969971718750005 0.5822230625 0.4535678265625 0.574364046875 0.401778784375 0.5683186499999999 0.3030182859375 0.5628777921875 0.2717039796875 0.55145084375 0.286351253125
10 0.44785389374999995 0.713964775 0.4540047921875 0.7280756140625 0.46369711875 0.6920558406249999 0.47749004375000004 0.586224546875 0.4808450796875 0.5505011453125 0.480099515625 0.5248788328125 0.45652235937499996 0.515329140625 0.4512089296875 0.5248788328125 0.44990419375 0.5902342984375 0.44785389374999995 0.713964775
10 0.4791675609375 0.564611984375 0.4808450796875 0.68351506875 0.4847592875 0.727382915625 0.493146878125 0.7344383359375 0.502839203125 0.7284969296875 0.5065670203125 0.6909918046875 0.5060078484375 0.575430759375 0.5060078484375 0.52232944375 0.5036067625 0.5204903859375001 0.47972673437499996 0.526735521875 0.4791675609375 0.564611984375
8 0.44339251874999996 0.5086001703125 0.43516728281250006 0.507082146875 0.42882999218749995 0.5081961609375 0.4239838296875 0.525277703125 0.41690097656249997 0.56612486875 0.41019090468749997 0.622246865625 0.40758143281250003 0.6734914921875 0.413545940625 0.71285330625 0.4193240578125 0.7303061859375 0.4353536734375 0.6541819234374999 0.449705771875 0.5850631 0.4515696796875 0.53975988125 0.44339251874999996 0.5086001703125
14 0.4051583515625 0.6545032828124999 0.4144778953125 0.5828350734375001 0.42454300156249997 0.5193362984375 0.4243566109375 0.5041114453125 0.41988322968749997 0.5007694046875 0.41319218593749996 0.5048844781249999 0.4124275953125 0.4992590640625 0.40963173125 0.495174346875 0.40497195937499997 0.49183230624999996 0.3991938421875 0.493688996875 0.39416128906250003 0.495917021875 0.38838317187500004 0.5081711734375001 0.38484174531250004 0.5341648250000001 0.384282571875 0.6270742578124999 0.3829778359375 0.6868596546875 0.3878239984375 0.7017131703125 0.4051583515625 0.6545032828124999
14 0.33656650625 0.667153759375 0.338803196875 0.672352490625 0.3430901875 0.6712384765625 0.361170103125 0.6206865484375 0.3868920453125 0.5430769328125 0.3949068515625 0.520053984375 0.3995666234375 0.5052004703125 0.3986346703125 0.4922036453125 0.395652415625 0.483291534375 0.3917382078125 0.4810635078125 0.381873321875 0.48779229218750003 0.3781316734375 0.47621112656250003 0.37309911875 0.474725775 0.3671346109375 0.474725775 0.361915665625 0.477325140625 0.3568831125 0.47848913125000003 0.3535280765625 0.4892579296875 0.35203695 0.51005285 0.3468180046875 0.55092500625 0.34159906093750003 0.6177658218750001 0.33638011562500003 0.654156934375 0.33656650625 0.667153759375
12 0.3033751359375 0.5683318421875 0.308407690625 0.560533746875 0.311762725 0.5594197328125 0.313253853125 0.5653611390625 0.31064437968749997 0.5791006390625 0.3009520546875 0.6106643593750001 0.2959195 0.6292312531250001 0.294987546875 0.641856740625 0.2987153640625 0.6440847671875 0.305052653125 0.6440847671875 0.31138994375 0.63294463125 0.322200615625 0.602494925 0.333570459375 0.5623904359375 0.341212484375 0.536025446875 0.3523959375 0.511888484375 0.359106009375 0.49406426718749996 0.36208826250000004 0.47252667031250006 0.3602243546875 0.45655914218750004 0.3559373640625 0.4506177359375 0.3490409015625 0.4502463984375 0.343262784375 0.44653302031250003 0.3382302296875 0.44579034375 0.3324521125 0.45544512812500004 0.33002903125 0.4361355578125 0.327419559375 0.4327935171875 0.32369174218749996 0.4327935171875 0.3195911421875 0.43576422031249995 0.317727234375 0.44133428906249994 0.313253853125 0.437620909375 0.3102715984375 0.43687823437500006 0.3084231296875 0.4409745671875 0.302256790625 0.4502463984375 0.30020649062500004 0.4654712515625 0.2959195 0.501491025 0.286786346875 0.543080865625 0.2780259765625 0.5761299359375001 0.2718750765625 0.602494925 0.270197559375 0.618091115625 0.272620640625 0.6247751984375001 0.2789579296875 0.6247751984375001 0.2858543921875 0.6158630890625 0.295733109375 0.586527396875 0.3033751359375 0.5683318421875
12 0.24055605937500002 0.577955853125 0.2508075578125 0.571271771875 0.26665078124999997 0.5449067828125 0.28361235156250003 0.5003462375 0.2949821953125 0.47695195156250003 0.3037425671875 0.4580137203125 0.30840233906250003 0.43684746093750004 0.306724821875 0.416423878125 0.298523621875 0.4060264171875 0.291254378125 0.4060264171875 0.28249400625 0.397856984375 0.2772750625 0.3889448765625 0.2670235640625 0.3885735375 0.2582631921875 0.397856984375 0.2517395109375 0.4182805671875 0.24484304843750002 0.4491016109375 0.2306773421875 0.4951475078125 0.22564478906250002 0.534880659375 0.22434005156249998 0.5519622015625 0.2358962859375 0.5426787546875 0.248570865625 0.512971725 0.254535375 0.5055449671875001 0.24931642968749998 0.533766646875 0.2396241046875 0.565701703125 0.24055605937500002 0.577955853125
9 0.3995468734375 0.335326659375 0.39506979375 0.408169078125 0.3943236125 0.45499634687499996 0.4021585046875 0.4750651765625 0.4085010359375 0.4817547875 0.422678459375 0.477295046875 0.43312498125000004 0.45276647812500004 0.434617340625 0.3999928875 0.43312498125000004 0.26917385 0.4249169984375 0.2230898703125 0.40890942656249996 0.2573373421875 0.3995468734375 0.335326659375
15 0.402904684375 0.23349593125 0.3943236125 0.22829290000000002 0.380923028125 0.2461810453125 0.3689534875 0.316744409375 0.36149168593750003 0.4051959171875 0.358506965625 0.437900678125 0.362237865625 0.4572262171875 0.3723112984375 0.4646591171875 0.38163855 0.46540240781250003 0.392085071875 0.45499634687499996 0.40253159531250005 0.44459028749999996 0.407008675 0.40891236875 0.4081279453125 0.3695179984375 0.4047701359375 0.27660675 0.402904684375 0.23349593125
15 0.3379870109375 0.30856822031250003 0.32530194843750004 0.38215392812500004 0.3230634078125 0.4178318484375 0.33537538125 0.44161712656249996 0.34992589375 0.447563446875 0.366714946875 0.4297244875 0.3726843890625 0.3888435375 0.3704458484375 0.3182309890625 0.37156511875 0.242415409375 0.36149168593750003 0.22086000156250002 0.3514440203125 0.2335372421875 0.3379870109375 0.30856822031250003
13 0.343210271875 0.335326659375 0.3484335328125 0.2595110796875 0.3484335328125 0.2134271 0.34134482187500004 0.18518208125 0.3215710484375 0.20376433125 0.3129899765625 0.22086000156250002 0.303289634375 0.28329635937500003 0.2913507515625 0.313027959375 0.28015805 0.350192459375 0.27941187031250003 0.379924059375 0.28388895000000003 0.3955331484375 0.2928431125 0.40296604843750006 0.2999318234375 0.3999928875 0.3047819953125 0.41485868750000005 0.3156016078125 0.42080500781249996 0.3275404890625 0.4170885578125 0.33724083125000004 0.39033011875 0.343210271875 0.335326659375
13 0.296947103125 0.185925371875 0.2797988390625 0.1896558078125 0.25963809531250004 0.2528214703125 0.2439683125 0.2751201703125 0.23762578125 0.30931150937499996 0.2402374109375 0.33904310937500004 0.2484453921875 0.34573271875 0.256280284375 0.36803141875 0.27344242812499997 0.37620760781249996 0.2846351296875 0.3524223296875 0.290604571875 0.31377124843750004 0.30627435468750003 0.23721238125 0.3085128953125 0.2007911703125 0.296947103125 0.185925371875
1 0.5801667968750001 0.40518758125 0.5771820765625 0.44160879062499997 0.5835246078125 0.4758001296875 0.5969558515625 0.492152509375 0.6092678234375 0.48620619062500003 0.6137449046875 0.44086550156250004 0.6059100125 0.28254473281250003 0.59770203125 0.2312577234375 0.5869029234375 0.2640311203125 0.5831515171875 0.3583603125 0.5801667968750001 0.40518758125
7 0.6059100125 0.4468118203125 0.620460525 0.4698538109375 0.635384128125 0.482489740625 0.6503077312500001 0.460191040625 0.6503077312500001 0.4259997015625 0.636130309375 0.3323451625 0.625310696875 0.249096684375 0.6200874359374999 0.2394339140625 0.61190410625 0.2491560578125 0.6021791109375 0.41262048125 0.6059100125 0.4468118203125
7 0.63575721875 0.4074174515625 0.6387419390625 0.431946021875 0.646949921875 0.44978497968750003 0.659634984375 0.46093433125 0.6753047671875 0.45647459062499995 0.68090111875 0.4304594421875 0.6741854968750001 0.3925516515625 0.661500434375 0.30038369375 0.6488153718749999 0.22308153437499997 0.639861209375 0.2253114046875 0.6365321359375 0.2417185265625 0.63575721875 0.4074174515625
5 0.6644851546874999 0.20375599375000003 0.6615333203125 0.2283309703125 0.66485824375 0.37471269218750003 0.6682160546875 0.4103906109375 0.678662578125 0.4334326 0.695824721875 0.43120273124999997 0.7025403421874999 0.41633693125000004 0.7137330453125 0.413363771875 0.72268720625 0.387348621875 0.7200755765625 0.35018412187500003 0.70813669375 0.3085598828125 0.6883629203125 0.2401772046875 0.6749316765625 0.1992962546875 0.6644851546874999 0.20375599375000003
5 0.6898928703125 0.2134559078125 0.7066443328124999 0.3115330421875 0.716717765625 0.359103603125 0.7271642875000001 0.37917243125 0.73984935 0.3814023015625 0.7495496921875 0.353900571875 0.7558922234375001 0.342751221875 0.7585038546875 0.3167360734375 0.7488035125 0.281058153125 0.73611845 0.26024603281249997 0.7044057921875 0.20821573437500002 0.6939592703125 0.197809675 0.6898928703125 0.2134559078125
5 0.7051519734375 0.1479592265625 0.6965709015625 0.16802805625 0.693213090625 0.1843804359375 0.7017941624999999 0.203705975 0.7223141171874999 0.2364107359375 0.733133728125 0.24978995468749998 0.748430421875 0.2505332453125 0.7603693046875 0.234180865625 0.762980934375 0.1992462359375 0.7603693046875 0.16431160625000002 0.743953340625 0.153905546875 0.7260450171875 0.15316225625 0.7051519734375 0.1479592265625
2 0.5044295125 0.5718345953124999 0.5200992953125 0.6855579640625 0.527561096875 0.7175194328125001 0.5383807093749999 0.7115731125 0.5331574484375 0.6231216046875 0.5331574484375 0.5785242046875 0.5346498078125 0.5294670671875 0.5331574484375 0.5205475859375001 0.525695646875 0.5175744250000001 0.512264403125 0.516087846875 0.505555790625 0.5362447640625 0.5044295125 0.5718345953124999
2 0.5275717578125 0.5265759734375 0.524949465625 0.5391298359375 0.5297996375 0.5725778859374999 0.5383807093749999 0.6275813453125 0.5495734109375 0.6929908625000001 0.5630046546874999 0.704883503125 0.56524319375 0.6885311234375 0.5603930234375001 0.6275813453125 0.5581544828125 0.5480493156249999 0.5570352125 0.5242640359374999 0.5518119515625 0.5175744250000001 0.5275717578125 0.5265759734375
0 0.57233190625 0.6833280937499999 0.5883747796875001 0.7494809015625 0.5991943921875 0.701167053125 0.59061331875 0.573321175 0.5868824187499999 0.53392680625 0.5824053375 0.512371396875 0.565633259375 0.5117009109375 0.556662121875 0.5428462859375001 0.561885384375 0.5978497453125 0.57233190625 0.6833280937499999
6 0.59061331875 0.5681181453125 0.601806021875 0.6558263640625001 0.614864175 0.6959640234375 0.62120670625 0.701167053125 0.622699065625 0.62386489375 0.6193412546875 0.536899965625 0.614491084375 0.50419520625 0.606283103125 0.49973546718749995 0.5880016890624999 0.508654946875 0.5827784281249999 0.5346700953125 0.59061331875 0.5681181453125
6 0.6279223265625 0.4841263765625 0.61899399375 0.4931070828125 0.61225254375 0.49378914687500003 0.6077754625 0.510884815625 0.6129987234375001 0.5354133859375 0.622699065625 0.5740644640625 0.6435921109375 0.6617726828125 0.6562771734374999 0.704883503125 0.663738975 0.6922475734375 0.6573964421875 0.591160134375 0.6491884609375 0.527237196875 0.64657683125 0.488586115625 0.6391150296875 0.4841263765625 0.6279223265625 0.4841263765625
4 0.701421071875 0.5904168453125 0.7152254046875 0.6186618640625 0.73350681875 0.6335276640624999 0.7271642875000001 0.598593034375 0.714852315625 0.54507615625 0.7029134328125 0.5027086265625 0.6984363515625 0.467773996875 0.691347640625 0.44547529687500004 0.6820203874999999 0.4425021375 0.6682160546875 0.4551380671875 0.663738975 0.45811122812500005 0.6570554953125 0.4693069828125 0.6473230109375 0.4655441265625 0.6409804796875 0.48189650625 0.6428459296875 0.516087846875 0.6544117234375 0.5473060249999999 0.6689622359375 0.581497365625 0.6790356671875 0.62386489375 0.6853781984375 0.64988004375 0.701421071875 0.6528532046875 0.701421071875 0.6305545046875001 0.6917207296875 0.5859571046875 0.6924669109375 0.5688614359375 0.701421071875 0.5904168453125
4 0.782008528125 0.475106859375 0.79133578125 0.49963542812500006 0.8025284828125001 0.5174743890625 0.8092441046875001 0.5026085890624999 0.8047670234375 0.47064711875 0.7924550515625 0.42902287968749997 0.790962690625 0.38739864062499996 0.7838739796875 0.3561804609375 0.7704427359375 0.3517207203125 0.7585038546875 0.36287007187500003 0.74992278125 0.36287007187500003 0.73984935 0.3703029703125 0.7331785 0.3934441640625 0.73350681875 0.39334495937499997 0.7394762609375001 0.420846690625 0.751042053125 0.4594977703125 0.7585038546875 0.48328304843750003 0.7667118359375 0.5085549078125 0.7723081859375001 0.5286237375 0.7816354390625 0.5249072875 0.782754709375 0.51152806875 0.7790238078125 0.48476962968750004 0.7775314484375 0.46321422031250004 0.782008528125 0.475106859375
4 0.765219475 0.5070683296875 0.7450726109375 0.44909170937500004 0.73350681875 0.398547990625 0.7256719265625 0.39260167031250004 0.7152254046875 0.409697340625 0.7021672515625 0.41267050000000005 0.6921317828125 0.4343505859375 0.691347640625 0.45206486874999996 0.7025403421874999 0.4907159484375 0.7174639453125 0.5174743890625 0.7301490078125 0.5561254671875 0.7495496921875 0.5858570671875001 0.7626078453125 0.5940332578125 0.751042053125 0.5516657281249999 0.7391031703125 0.5130146484375 0.7599962140625001 0.5531523078125 0.77342745625 0.5709912671875 0.7793968984374999 0.5717345578125 0.765219475 0.5070683296875