11 0.44998939375 0.3521659234375 0.44051316093750004 0.35468313125 0.43550783125 0.366127571875 0.4323004265625 0.44404400156249996 0.42914168124999996 0.4931295515625 0.4259829375 0.5170430234375 0.424719440625 0.537180684375 0.4272464359375 0.5573183453125 0.43545917031250003 0.5686457796875 0.44304015625000004 0.5711629890625 0.45504338437499997 0.5724215921875 0.461992621875 0.5623527609375001 0.46388786875 0.524594646875 0.4594656265625 0.47550909687500004 0.44998939375 0.3521659234375
11 0.4689960765625 0.3711651234375 0.46515136718749994 0.456630040625 0.46515136718749994 0.485577928125 0.461992621875 0.50697419375 0.4594656265625 0.547249515625 0.46009737656249994 0.5673871765625 0.465783115625 0.5875248375 0.503056296875 0.5837490265625 0.50558329375 0.5434737046875 0.499897553125 0.48180211718750005 0.4935800640625 0.36349335781250003 0.48473558125 0.35090731875 0.4689960765625 0.3711651234375
3 0.5106984203125 0.3648681828125 0.50558329375 0.4213891328125 0.506846790625 0.48180211718750005 0.5024245484375001 0.5183016281249999 0.503056296875 0.576197403125 0.510637284375 0.586266234375 0.5321167453125 0.5824904234375 0.5453834703125 0.5787146109375 0.54601521875 0.530887665625 0.540961228125 0.48180211718750005 0.5321167453125 0.3572003375 0.5194817671874999 0.3420970921875 0.5106984203125 0.3648681828125
3 0.556191884375 0.366127571875 0.55296445625 0.4138375109375 0.551700959375 0.4717332859375 0.5434882234375 0.5271118546875 0.5434882234375 0.5522839312500001 0.5491739625000001 0.56486996875 0.5624406890625 0.5686457796875 0.57381216875 0.5686457796875 0.58076140625 0.5296290609375001 0.5782344109374999 0.4969053625 0.5712851734375 0.366010565625 0.5643359359375 0.355941734375 0.556191884375 0.366127571875
1 0.5997138718749999 0.3307696578125 0.5909438375 0.35479307968749996 0.5864471453125 0.40880309531250003 0.58392015 0.46166445625 0.5776026625 0.514525815625 0.578866159375 0.537180684375 0.5915011359375 0.569904384375 0.6035043640625 0.5749388 0.6110853515625 0.5623527609375001 0.623720328125 0.5422151000000001 0.6211933328125 0.514525815625 0.6142440953125 0.4893537390625 0.6085583546875 0.35090731875 0.5997138718749999 0.3307696578125
7 0.619266971875 0.4506019859375 0.6128043953125 0.5011827078125 0.617420521875 0.5287721921874999 0.6289608390625 0.5508437796875 0.6363466421874999 0.5563616765625 0.646040509375 0.5490044796875 0.6543495375 0.5241739437499999 0.6511182484375 0.4837093671875 0.6437324453125 0.430369696875 0.633115353125 0.3393243984375 0.6225563375000001 0.35502559843750003 0.619266971875 0.4506019859375
5 0.66272330625 0.3605469328125 0.6580424390624999 0.4285303984375 0.646963734375 0.48278971718749997 0.6488101859375 0.520495346875 0.6640434046875 0.541647284375 0.6783533984375001 0.5278525421875 0.6894321031249999 0.5388883375 0.7009724203125 0.5223346453125 0.7009724203125 0.4846290171875 0.6940482296875 0.43588759374999997 0.690816940625 0.34576194375 0.67004436875 0.3384047484375 0.66272330625 0.3605469328125
5 0.7138975750000001 0.3062170171875 0.706973384375 0.3227707078125 0.7015052078124999 0.34398292812500003 0.6995875828125 0.4064588109375 0.69866435625 0.44508408906249997 0.6968179046875 0.47727182187499995 0.70004919375 0.50486130625 0.7180520890625 0.5168167484375 0.7314388578125001 0.496584459375 0.7392862734375 0.49842375937499994 0.748056915625 0.46623602656249996 0.7448256265625 0.44140549062499995 0.7323620828124999 0.41013740781249997 0.72636111875 0.30713666562499997 0.7138975750000001 0.3062170171875
9 0.4073610078125 0.334739903125 0.4004368171875 0.3200255109375 0.391711690625 0.3384615921875 0.3888965 0.37796342968749996 0.3875116625 0.4165887078125 0.3865884359375 0.45797293437500003 0.3870500484375 0.48372312031250003 0.382895534375 0.5057947078125 0.3842803734375 0.53154489375 0.39074295000000003 0.5508575328124999 0.4068993953125 0.571089821875 0.426748740625 0.5435003375 0.42998002968750004 0.5057947078125 0.4225942265625 0.46900872812500005 0.4073610078125 0.334739903125
15 0.353352321875 0.3338202546875 0.342772625 0.3467435953125 0.34596651875 0.436820996875 0.34596651875 0.4662497796875 0.34412006875 0.5067143578125 0.3468897453125 0.5333841921875 0.369047153125 0.5499378828125 0.3773561828125 0.5389020890625 0.3875116625 0.5389020890625 0.3925894015625 0.5103929546875 0.3888965 0.480044521875 0.3773561828125 0.45245503749999993 0.36443102656250004 0.35957043906249997 0.353352321875 0.3338202546875
13 0.3422736171875 0.4322227484375 0.33304136406249996 0.3430167484375 0.321962659375 0.3255434078125 0.3039907234375 0.34490315 0.30349815156250004 0.40647256406250004 0.29980525 0.4450978421875 0.294265896875 0.491080315625 0.2961123484375 0.514071553125 0.3002668625 0.535223490625 0.309037503125 0.5379824390625 0.3215010453125 0.5306252437500001 0.3353494265625 0.5389020890625 0.34642813125 0.524187696875 0.35473716093749996 0.5205091000000001 0.353352321875 0.458892584375 0.3422736171875 0.4322227484375
13 0.28180235468750003 0.3200255109375 0.26841558593750003 0.31174866562500003 0.25364397968749997 0.3402578015625 0.25502881718750003 0.39727606875 0.24810462656249999 0.435901346875 0.2407188234375 0.47268732656249995 0.24256527499999997 0.49751786249999996 0.2517975296875 0.5122322546875 0.263799459375 0.50947330625 0.2721084875 0.5223483984375 0.280417515625 0.5278662953125 0.295650734375 0.5103929546875 0.2965739609375 0.4616515328125 0.292419446875 0.380722378125 0.28180235468750003 0.3200255109375
12 0.1354711296875 0.6235717281250001 0.147473059375 0.635527171875 0.1659375671875 0.634607521875 0.1816323984375 0.6456433171875 0.192711103125 0.6530005109375 0.2037898078125 0.658518409375 0.2139452875 0.647482615625 0.21763818906250001 0.6309289234375 0.21809980156250003 0.6189734812500001 0.2148685125 0.6088573375 0.21302206250000003 0.5978215437500001 0.21302206250000003 0.58494645 0.2144069 0.5693124093749999 0.219946253125 0.557356965625 0.219946253125 0.5444818734375 0.21211455468749998 0.535389209375 0.2019433578125 0.52792818125 0.1885565890625 0.5334460796875 0.17101530625 0.536205028125 0.1507043484375 0.5316067796875 0.1428569328125 0.5343657281249999 0.133624678125 0.558276615625 0.146549834375 0.5711517078125 0.1520891859375 0.5831071515625 0.131778228125 0.5766696046875001 0.126238875 0.5978215437500001 0.1354711296875 0.6235717281250001
12 0.22779366875 0.7045008828125 0.235179471875 0.6732328 0.2388723734375 0.6603577078125 0.2384107609375 0.6759917484375 0.23102495781250001 0.7219742234375001 0.22640883125000003 0.757840553125 0.236564309375 0.744965459375 0.251335915625 0.7008222859375 0.2591833328125 0.667714903125 0.2674923609375 0.6162145328124999 0.2721084875 0.5978215437500001 0.2748781640625 0.5775892546875 0.27533977656249997 0.5610355640625 0.2721084875 0.547240821875 0.2610297828125 0.5435622234374999 0.25364397968749997 0.5463211718750001 0.24302688749999998 0.5555176671875001 0.23102495781250001 0.5481604703125 0.22133109062499998 0.55183906875 0.21302206250000003 0.5656338109375 0.21117561093749998 0.5978215437500001 0.2167149640625 0.634607521875 0.2139452875 0.6750721000000001 0.2093291609375 0.7219742234375001 0.2107139984375 0.75140300625 0.2167149640625 0.7486440578125 0.2227159296875 0.7339296671875 0.22779366875 0.7045008828125
12 0.2522591421875 0.7624388 0.2702620375 0.7330100171875 0.2841104171875 0.68610789375 0.29057299531249997 0.689786490625 0.28641848125 0.713697378125 0.27995590312499996 0.7412868625 0.2721084875 0.7688763468750001 0.280417515625 0.77623354375 0.295650734375 0.756001253125 0.3136536296875 0.7045008828125 0.322885884375 0.657598759375 0.3344262015625 0.6401254187500001 0.336734265625 0.6051787375 0.3353494265625 0.5886250484375 0.32750201093750003 0.5803482015625 0.3201162078125 0.5913839953125 0.309499115625 0.5867857484375001 0.30165169999999997 0.568392759375 0.2974971859375 0.5757499546875 0.29011138281250004 0.5757499546875 0.28641848125 0.579428553125 0.28134074062500003 0.5711517078125 0.2725701 0.5766696046875001 0.2693388109375 0.5923036453125 0.26841558593750003 0.61989313125 0.26841558593750003 0.655759459375 0.2624146203125 0.678750696875 0.2522591421875 0.7219742234375001 0.24764301406250003 0.7486440578125 0.2522591421875 0.7624388
14 0.349585790625 0.7273600015625 0.3565055171875 0.6842792249999999 0.3631369203125 0.65900516875 0.37149825625 0.64234726875 0.3772646953125 0.6245405484375001 0.3772646953125 0.607882646875 0.372939865625 0.59696885 0.36832671562499997 0.596394440625 0.3579471265625 0.600989721875 0.3496089078125 0.59072556875 0.3403594890625 0.596394440625 0.32853828906250004 0.59696885 0.3239251390625 0.6285614203125001 0.3247901046875 0.6613028109375 0.32190688437500004 0.7198926671875 0.3193119875 0.7532084671875 0.313833871875 0.772164009375 0.3132572265625 0.788821909375 0.32104191875 0.790545140625 0.331998153125 0.7848010359375001 0.3423777421875 0.7641222640625001 0.349585790625 0.7273600015625
14 0.3942756890625 0.673365428125 0.40033044999999995 0.6469425515625 0.40292534687500003 0.6320078812500001 0.3968705859375 0.6193708546875001 0.3942756890625 0.613052340625 0.3902391828125 0.6136267515625 0.3798877328125 0.6010713984375 0.37034496875 0.6073082375000001 0.3622719546875 0.6205196749999999 0.36054202343749997 0.6457937312500001 0.3637135640625 0.6710677859375 0.3686150375 0.7250623593750001 0.37149825625 0.76297344375 0.3709216125 0.778482521875 0.3746697984375 0.7876730875 0.381589525 0.781354575 0.386202675 0.7612502125 0.3911041484375 0.7072556390625 0.3942756890625 0.673365428125
8 0.4303159296875 0.711850921875 0.4366590125 0.6613028109375 0.44098384218750003 0.631433471875 0.438677265625 0.6153499828125 0.43146921875000005 0.601564134375 0.4280093546875 0.6004153125 0.4176641734375 0.594748946875 0.4104217171875 0.5992664921874999 0.40321366875000003 0.606159415625 0.40033044999999995 0.6119035203125 0.3994654828125 0.62224290625 0.40090709375 0.646368140625 0.3988888390625 0.6727910171875 0.401195415625 0.7049579968749999 0.4014837375 0.736550565625 0.4081151421875 0.7715895984375 0.41734144375 0.7899707296875 0.42397284687500003 0.7715895984375 0.4303159296875 0.711850921875
10 0.4663760265625 0.6245405484375001 0.4635149671875 0.6085433859375 0.45138328593750005 0.60213854375 0.43379564843749996 0.6153499828125 0.4323540375 0.6239661375 0.4323540375 0.636603165625 0.4346606140625 0.6526866546875 0.4386971203125 0.68255599375 0.44244530624999995 0.737124978125 0.4559964359375 0.7876730875 0.46233951875 0.7945660125 0.4681059578125 0.753782878125 0.46666434843750004 0.65555870625 0.4663760265625 0.6245405484375001
10 0.491460034375 0.6159243921875001 0.4880001703125 0.6044361859375 0.47935051250000005 0.6032873640624999 0.4681059578125 0.600989721875 0.46349280625 0.6101802890625 0.462627840625 0.626263778125 0.4681059578125 0.6561331171875 0.4715658203125 0.6877256859374999 0.47877386875 0.73252969375 0.494631575 0.780205753125 0.5018396234375 0.7715895984375 0.498379759375 0.6980650734375 0.49318996562499995 0.6526866546875 0.491460034375 0.6159243921875001
2 0.5029929109375 0.5981176703125 0.4934782875 0.601564134375 0.48944177968749997 0.6084570578124999 0.490306746875 0.6320078812500001 0.49520821875000004 0.6791095312500001 0.5029929109375 0.728508821875 0.5133725 0.7692919578125 0.5286535625 0.7945660125 0.5286535625 0.7296576421875 0.5208688703125001 0.6544098859374999 0.5174401140625 0.6033704703125 0.5029929109375 0.5981176703125
2 0.548259453125 0.606159415625 0.5269563171875 0.5964732515625 0.5168323640625 0.6084570578124999 0.5188506171875 0.6285614203125001 0.5234637671875 0.65900516875 0.53153678125 0.6911721484375 0.54681784375 0.748613184375 0.5620989062499999 0.7664199046875 0.5661354125 0.7555061078125 0.56094561875 0.7227647187499999 0.5543142140625 0.6831304031250001 0.548836096875 0.6406240375000001 0.548259453125 0.606159415625
0 0.5837507046875 0.606152615625 0.5739477578125001 0.5952388187500001 0.559819984375 0.58892030625 0.547998784375 0.6090246687499999 0.548575428125 0.634873134375 0.5508820046875 0.666465703125 0.5563601203124999 0.6969094515625 0.560973271875 0.72448115 0.5707762171875 0.7532016671874999 0.5863456015625 0.7733060296875001 0.5947069375 0.7784757234375 0.5929770046875 0.7474575640625 0.5851923140624999 0.68254919375 0.5840390265625001 0.63200108125 0.5837507046875 0.606152615625
6 0.599048759375 0.595323715625 0.5846156703125 0.620512875 0.5828857375000001 0.6342987234375 0.5872105671875001 0.65555190625 0.5912470734374999 0.6963350421875 0.59528358125 0.7239067390625 0.6030682734374999 0.7566481296875 0.616907725 0.7830710046875 0.6177726906250001 0.7440111015624999 0.6157544374999999 0.708397659375 0.6180610125 0.6572751375 0.6209442328125 0.6118967203125 0.599048759375 0.595323715625
6 0.616907725 0.609599078125 0.617196046875 0.627980209375 0.6229624859375 0.6538286765625 0.6321887875 0.7141417624999999 0.645163275 0.7779013124999999 0.6639041999999999 0.8077706499999999 0.6751487546875 0.8054730093750001 0.6564078296875 0.7147161734374999 0.6566961515624999 0.6274057984375 0.6509297140625 0.60213174375 0.6238485593750001 0.5976227875 0.616907725 0.609599078125
4 0.7062875234375 0.7038023765625 0.7183970453125 0.73596935625 0.73137153125 0.7554993078125001 0.7322364968749999 0.74113905 0.7166671124999999 0.6745074484375 0.7097473859375001 0.6400428265625 0.7051342359375 0.5837506125 0.6933130375000001 0.5722624046875 0.6791852625 0.56881594375 0.6714005703125 0.5883458953125 0.6515063578125 0.5883458953125 0.649776425 0.6090246687499999 0.6526596453125 0.6377451859375001 0.665922453125 0.6641680609375 0.6768786875 0.7106953 0.6892765296875 0.7445855124999999 0.7091707421875 0.7698595671875 0.712342284375 0.7612434125 0.7016743734374999 0.725055559375 0.6956196125 0.6940374 0.695907934375 0.686570065625 0.7062875234375 0.7038023765625
4 0.7570321828125001 0.721609096875 0.7495358125 0.6974838625 0.7423277640625 0.6710609859375001 0.7405978328125 0.6544030859375 0.7509774218749999 0.681400371875 0.7584737921875 0.703227965625 0.766835128125 0.7043767875 0.7653935187500001 0.691739759375 0.76193365625 0.6572751375 0.7570321828125001 0.6256825687500001 0.7550139296875 0.604429384375 0.7555905734375 0.58202738125 0.7541489640625 0.5647950703125 0.7472292375 0.5492859906249999 0.7426160875 0.54698835 0.7359846812499999 0.5446907078125001 0.7281999906250001 0.55847655625 0.71609046875 0.5573277359375 0.7034043046875 0.5607741984375 0.7013860515625 0.5716879953125 0.7025393390625 0.5952388187500001 0.7062875234375 0.6107478984375 0.7143605375 0.6337243140625 0.7235868390625 0.664742471875 0.731659853125 0.703227965625 0.7454993062499999 0.73252289375 0.7581854703124999 0.7434366906250001 0.7570321828125001 0.721609096875