3 0.5379881265625001 0.6358258718750001 0.5337892015625 0.5577495203125 0.5239917078125 0.46712518281250004 0.501597440625 0.45318297812499997 0.49179994843749997 0.5800570484375001 0.49179994843749997 0.6400085328125 0.5169935 0.6469796359375 0.5379881265625001 0.6358258718750001
11 0.44421212812500005 0.5995761359375 0.446311590625 0.6302489890625 0.4498106953125 0.64837385625 0.47430442656249994 0.645585415625 0.489000665625 0.6386143125 0.4938994109375 0.6037587984375 0.4848017390625 0.539624653125 0.472904784375 0.45597141875 0.4498106953125 0.46433674375 0.4498106953125 0.5507784171875 0.44421212812500005 0.5995761359375
11 0.40922108437500004 0.5898165921875 0.407121621875 0.6274605484375 0.41342000937499995 0.645585415625 0.44141284531249997 0.6414027531250001 0.4470114109375 0.6302489890625 0.44421212812500005 0.56193218125 0.442112665625 0.48246161093750006 0.43511445625 0.45178875781250005 0.417618934375 0.46154830156250004 0.411320546875 0.5521726375 0.40922108437500004 0.5898165921875
9 0.3766332921875 0.552968875 0.37048723125 0.5840510953125 0.369541684375 0.6170170859375 0.3808882578125 0.6462155359375 0.399326440625 0.640564221875 0.406890821875 0.6320872546875 0.41209133593749997 0.591586178125 0.4083091453125 0.560503959375 0.40310863125 0.449361475 0.395071475 0.4390007359375 0.382817103125 0.44662279531250004 0.3766332921875 0.552968875
15 0.38820045937500003 0.5960704953125 0.38628935468750003 0.5830165265625 0.3802830203125 0.565611234375 0.3742766875 0.5128514421875 0.368816384375 0.4339837125 0.35953386875 0.4290884734375 0.354365753125 0.4405510953125 0.352162459375 0.47260170468749996 0.3516164296875 0.5041487953125 0.34779421718750003 0.55092551875 0.33741964062499996 0.5830165265625 0.3368736109375 0.60259748125 0.341241853125 0.6178271109375 0.34997833906250003 0.6374080640625001 0.357895778125 0.62652975625 0.36854336875000004 0.62272235 0.37727985468749997 0.6113001265625 0.3821941265625 0.60749271875 0.38820045937500003 0.5960704953125
15 0.33717926875000004 0.4413491328125 0.32618516249999996 0.429180775 0.314596296875 0.4359394109375 0.314885665625 0.49914883593750003 0.3145802734375 0.527744478125 0.3084724359375 0.5526896125 0.300837640625 0.5861525984375 0.3130533140625 0.6031883 0.3264905546875 0.615356659375 0.3344307421875 0.6141398234375 0.3429817140625 0.600754628125 0.3487841578125 0.5812852546875 0.3472571984375 0.5624243 0.3408439703125 0.527136059375 0.33717926875000004 0.4413491328125
13 0.2928790078125 0.6220582828125 0.2999030203125 0.6251003734375 0.30692703125 0.6177993578125001 0.3133402609375 0.6062394171875 0.3170049625 0.5983299843750001 0.315478003125 0.5435723718750001 0.309064775 0.5192356546875 0.304483896875 0.43040663749999997 0.297459884375 0.41458777187500007 0.29013048124999996 0.409720428125 0.27824863906249997 0.4243722671875 0.2763878484375 0.48697896093750004 0.2699746203125 0.52653666875 0.2653937421875 0.5447892078125001 0.2629506078125 0.565475415625 0.2605074734375 0.5776437750000001 0.262339825 0.601372075 0.26569913437500003 0.6165825218750001 0.269669228125 0.6202330296875 0.275777065625 0.621449865625 0.2843280359375 0.6104983421875 0.28921430625 0.6177993578125001 0.2928790078125 0.6220582828125
13 0.26049612187500004 0.58853585 0.26477160781250003 0.5660243859375 0.2629392578125 0.5276940578125 0.2580529875 0.424871428125 0.247669665625 0.39992629375 0.2351812453125 0.4152403109375 0.231789290625 0.4717196078125 0.225681453125 0.5021405046874999 0.21957361718750001 0.517350953125 0.21346578125 0.5368203265625 0.21285499687499998 0.553856028125 0.21651969843750002 0.5684580578125 0.22354371093749997 0.5848853421875 0.2305677234375 0.58366850625 0.24095104531249997 0.59766211875 0.25072358437500003 0.5964452828125 0.25530446093750003 0.5915779390625 0.26049612187500004 0.58853585
13 0.2177412671875 0.5100499375 0.23911869375 0.393233696875 0.23911869375 0.3768064125 0.231789290625 0.3664633078125 0.216549253125 0.39454121249999996 0.18964521875 0.452858653125 0.1804834625 0.4741532796875 0.16765700625 0.5009236687499999 0.16582465625 0.5210014609375 0.16887857343749998 0.528302475 0.170710925 0.5416876703125 0.192088353125 0.5757590734375 0.1988069734375 0.5745422375 0.2113280375 0.5684580578125 0.21438195625 0.5532476109375 0.21590891562499998 0.528302475 0.2177412671875 0.5100499375
3 0.5638186203125 0.4437744640625 0.5570999999999999 0.43586503125 0.5467326 0.44872414843749997 0.5415250171875 0.5046162562500001 0.5409142328125001 0.5265193015625 0.543662759375 0.548422346875 0.5384710984375001 0.5745843171875 0.5378603140625 0.6068304671875 0.5399980578125 0.6232577515625 0.5519083390625 0.631167184375 0.5659563624999999 0.6281250953125 0.5720642 0.622040915625 0.574507334375 0.5958789453125 0.570537240625 0.54659709375 0.5638186203125 0.4437744640625
1 0.609327171875 0.5709068953124999 0.614824225 0.42914551875000007 0.606273253125 0.42732026406249995 0.596519728125 0.442636178125 0.5852012171875 0.48572838437500004 0.5781772046875 0.5167576984375 0.57206936875 0.5654311328125 0.571458584375 0.5757742375 0.57298554375 0.5879425953124999 0.574512503125 0.6019362078125 0.579398771875 0.6268813421874999 0.5867281765625 0.63053185 0.5968061062500001 0.63053185 0.602303159375 0.6207971640625 0.607189428125 0.5995025359375 0.609327171875 0.5709068953124999
7 0.62856685625 0.6366160296875 0.6343693015625 0.6293150140625 0.6395609624999999 0.6122793125 0.6398663546875001 0.600719371875 0.6377286109375 0.5763826546875 0.6358962609375001 0.550829103125 0.645058015625 0.44496438437499997 0.634063909375 0.43766336875 0.6233986687499999 0.4493329453125 0.617267359375 0.4784273703125 0.6087163875 0.5307513109374999 0.6050516859374999 0.5538711921874999 0.597416890625 0.5684732234375 0.59588993125 0.5903762671874999 0.598333065625 0.6074119703124999 0.60291394375 0.6207971640625 0.6074948203125 0.623839253125 0.6117703062500001 0.622014 0.6184889265625 0.628098178125 0.6239859796875 0.6366160296875 0.62856685625 0.6366160296875
7 0.6722378890625 0.5818584171875 0.6710163203125 0.563605878125 0.6649084843749999 0.5392691625 0.6633815249999999 0.5015472515625 0.6588006484375 0.44678963749999995 0.6517766359375 0.440097040625 0.642336103125 0.45785610312499997 0.642004096875 0.52527555 0.6416987046875 0.5502206843749999 0.6392555703125 0.5684732234375 0.63742321875 0.5855089234374999 0.6383393953125001 0.6025446265625 0.6404771375 0.6104540578125001 0.6545251624999999 0.623839253125 0.66246535 0.6159298203125 0.6670462265625 0.615321403125 0.6710163203125 0.6128877312500001 0.6725432796875 0.6001109546875 0.6722378890625 0.5818584171875
5 0.6991274187500001 0.604384665625 0.7024867296874999 0.6092520078125 0.706762215625 0.6116856796875 0.710121525 0.6068183375 0.71409161875 0.5976920671875 0.7183671046875 0.5849152906249999 0.7192832796874999 0.5751806046875 0.7183671046875 0.5514523062500001 0.7159239703125 0.5362418578125 0.71225926875 0.5192061546875 0.710121525 0.489393678125 0.708594565625 0.42185928749999996 0.7070676078125 0.40664883906249993 0.701875946875 0.40664883906249993 0.6945465421875 0.40786567500000004 0.6909014609375 0.4213282828125 0.6835524359375 0.46079803437500005 0.6771392078125 0.49486943906249997 0.6762230328125 0.5192061546875 0.6713367640625 0.5465849625 0.6682828453125 0.5654459187499999 0.6701151953125 0.5861321265625 0.673779896875 0.598908903125 0.6804985171875 0.6098604265625001 0.6866063546875 0.6092520078125 0.691798015625 0.6068183375 0.6954627171875 0.598908903125 0.6991274187500001 0.604384665625
5 0.73516365625 0.59221630625 0.7409661 0.5885657984375 0.7470739375 0.5788311125 0.7489062875 0.5818732015625 0.7531817734375 0.5830900375 0.7556249078125 0.580656365625 0.7595950015625 0.571530096875 0.7638704875 0.5563196484375 0.7629543125 0.5313745140624999 0.7586788265625 0.5119051406249999 0.7556249078125 0.4924357671875 0.7571518671875 0.44376233281250005 0.753487165625 0.4176003625 0.7479901124999999 0.39995624375 0.7403553171875 0.397522571875 0.7327470843749999 0.40976113906249995 0.7293612109375001 0.431593975 0.7263072921875 0.4486296765625 0.7241695499999999 0.46323170625000004 0.7223371984375 0.48391791562500003 0.7214210234375 0.5039957078125 0.7198940640625 0.520422990625 0.715618578125 0.5471933796874999 0.7177563218749999 0.5666627546874999 0.7198940640625 0.5776142765625 0.726612684375 0.5873489625 0.7311935609375 0.5909994703125 0.73516365625 0.59221630625
5 0.7895234015625 0.55571123125 0.793188103125 0.549018634375 0.8023498578125 0.5502354703125001 0.8072361265625 0.5447597078124999 0.8102900453125 0.528332425 0.8075415187500001 0.502778871875 0.77669694375 0.3683185109375 0.771810675 0.36405958437499997 0.766313621875 0.367101675 0.7654294328125 0.377494896875 0.7660082296875 0.40604042187499995 0.7657028390625 0.434027646875 0.7635650953125 0.46809905 0.7629543125 0.50095361875 0.7626489203125 0.5143388125 0.7626489203125 0.5313745140624999 0.7641758796875 0.5459765437499999 0.7666190140625 0.5569280671875 0.770283715625 0.5617954109375 0.77578076875 0.5654459187499999 0.7843317390625 0.5636206640625 0.7895234015625 0.55571123125
10 0.47804719687499997 0.6668052046875 0.4757025546875 0.663691121875 0.44912993593749995 0.6597985203125 0.4456359390625 0.6685335796875 0.44444065000000005 0.69016081875 0.443659103125 0.71351643125 0.4401421390625 0.74777133125 0.43701594843749997 0.7726839859375 0.43193588906249997 0.79915368125 0.436625175 0.79915368125 0.44444065000000005 0.7882543953125001 0.4561638640625 0.770348425 0.46671475625000003 0.7337579640625 0.47296713749999997 0.7142949515625 0.476093328125 0.69016081875 0.47804719687499997 0.6668052046875
10 0.4800043734375 0.661364778125 0.47609663593749996 0.6769351859375 0.47765973125 0.6948411578125 0.47726895625 0.7220893734375 0.4753150875 0.76568651875 0.4780505046875 0.78281396875 0.4843028859375 0.7781428453125 0.50423235 0.7197538109375 0.5073585406250001 0.690170034375 0.5085308609375 0.6668144203125 0.506967765625 0.661364778125 0.4800043734375 0.661364778125
8 0.431515740625 0.6520429062499999 0.4279987765625 0.6520429062499999 0.42252794375 0.656714028125 0.4124146546875 0.6591855109375 0.4080693125 0.6753985203124999 0.4080693125 0.690968928125 0.40650621718749996 0.7267808703124999 0.398690740625 0.8233174062499999 0.3975184203125 0.833438171875 0.4127585984375 0.8248744468749999 0.423309490625 0.7937336296875 0.4322972890625 0.744686840625 0.4393312171875 0.7096534203125 0.44402050312499997 0.6917474484375 0.44206663281249997 0.66917035625 0.431515740625 0.6520429062499999
14 0.35961336093749996 0.8240959265625 0.36508419375 0.8248744468749999 0.37485353906249996 0.819424803125 0.3830597890625 0.8069684765625 0.3920475875 0.7773846984375 0.40064461093750003 0.734566075 0.40338002656249994 0.71198898125 0.409241634375 0.698754134375 0.41158627656249996 0.6785126015625 0.40572467031250004 0.6660562750000001 0.3944360765625 0.655290484375 0.3830597890625 0.6629421921875001 0.378370503125 0.6613851515625 0.37368121875 0.6668347953125 0.36977347968749996 0.6761770406250001 0.36977347968749996 0.6870763265625001 0.3721181234375 0.70342525625 0.37368121875 0.7228882671875 0.37329044375 0.7439083203125 0.370164253125 0.7750491375 0.3666472890625 0.790619546875 0.3584410390625 0.8155322015625 0.35961336093749996 0.8240959265625
14 0.3432008609375 0.8015188343749999 0.354924075 0.7618142906250001 0.3666472890625 0.722109746875 0.37563508749999996 0.6956400515625 0.3779797296875 0.6746199984375 0.3678196109375 0.6551569875000001 0.356096396875 0.6606066312500001 0.34089118125 0.6537324734375 0.3346038375 0.6629421921875001 0.3310868734375 0.6730629578125 0.32835145625 0.6886333671875 0.3267883609375 0.7065393375 0.3220990765625 0.7454653609374999 0.317409790625 0.7750491375 0.3158466953125 0.7952906703125 0.3158466953125 0.8186462828125001 0.3158466953125 0.8357737328124999 0.3220990765625 0.8373307750000001 0.333822290625 0.8311026109374999 0.3432008609375 0.8015188343749999
12 0.2978541109375 0.794535434375 0.3017618484375 0.8062132406250001 0.3072326828125 0.7976495156250001 0.31582970625 0.77351538125 0.32794369375 0.7096767046875 0.3306791109375 0.6800929265625 0.31973744375 0.65985139375 0.31192196875 0.6645225171875 0.29828976875 0.655290484375 0.29316482499999996 0.6645225171875 0.288475540625 0.6824284875 0.281832384375 0.7011129796875 0.2611213734375 0.7750724234375 0.259558278125 0.7828576265625 0.2650291109375 0.78752875 0.27636155156250003 0.7859717093749999 0.2896478609375 0.75872349375 0.29941720625 0.7283611953125 0.301371075 0.7353678796875001 0.2978541109375 0.7696227796875 0.2978541109375 0.794535434375
12 0.2052407203125 0.780522065625 0.21032077968750001 0.7680657375 0.222825540625 0.740817521875 0.23376720781250002 0.7166833875 0.22946869531249997 0.7314752765625 0.222825540625 0.749381246875 0.21501006406249998 0.766508696875 0.2111023265625 0.7828576265625 0.21071155312499998 0.7953139546875 0.2181362546875 0.7921998718750001 0.2282963734375 0.78207910625 0.23611184999999998 0.768844259375 0.2521335765625 0.7314752765625 0.2630752421875 0.7065626218750001 0.27479845625 0.6902136921875 0.280269290625 0.676200325 0.28222315937500003 0.6606299156250001 0.2794877421875 0.64505950625 0.275970778125 0.6372743015625 0.26893685 0.6287105765625001 0.259949053125 0.6279320562499999 0.2552597671875 0.6255964953125 0.24513571406249998 0.6085501515625 0.2365026234375 0.6100260859375 0.22517018437499997 0.638052821875 0.22360708749999997 0.65362323125 0.22165321875 0.67075068125 0.216963934375 0.68476405 0.21032077968750001 0.7003344593749999 0.2009422078125 0.7190189484375 0.196252921875 0.7314752765625 0.1946898265625 0.749381246875 0.1939082796875 0.7672872171875 0.198597565625 0.7813005859375 0.2052407203125 0.780522065625
12 0.16733566093750002 0.7190189484375 0.1630371484375 0.7314752765625 0.16460024374999999 0.7369249203125 0.1712433984375 0.7384819609375 0.179840421875 0.7345893578125 0.190000540625 0.7268041546874999 0.2021145296875 0.71590486875 0.2111023265625 0.6941062953125 0.2173547078125 0.666079559375 0.2239978625 0.6559587921875 0.227124053125 0.6419454250000001 0.22595173124999998 0.6255964953125 0.21969935000000002 0.6100260859375 0.2118838734375 0.609247565625 0.21071155312499998 0.5928986359375 0.206413040625 0.58511343125 0.1950806 0.5749926656250001 0.1857020296875 0.572657103125 0.1806219703125 0.57421414375 0.1775206265625 0.5875170015625 0.1751511359375 0.61936833125 0.17241572031250002 0.6364957812500001 0.163818696875 0.6629654765625 0.1587386375 0.686321090625 0.1528770296875 0.7096767046875 0.15248625625 0.723690071875 0.1583478640625 0.7283611953125 0.1731972671875 0.7026700203125 0.18531125625 0.680871446875 0.18492048125 0.6909922125 0.17671423125000002 0.7057841015624999 0.16733566093750002 0.7190189484375
2 0.5222179296875 0.6590491046875 0.51362090625 0.6590491046875 0.5089316203124999 0.6590491046875 0.508170121875 0.6716496000000001 0.507368525 0.6933040046875 0.5077593 0.7088744140625 0.50932239375 0.746243396875 0.5101039421875 0.789062021875 0.512448584375 0.8085250328125 0.522999478125 0.81086059375 0.5308149546875 0.7773842156249999 0.5351134656250001 0.715102578125 0.53823965625 0.6933040046875 0.539021203125 0.6590491046875 0.5323780484375 0.6590491046875 0.5222179296875 0.6590491046875
2 0.56676614375 0.655156503125 0.5612953109375 0.655156503125 0.5456643578125 0.655156503125 0.5386555375000001 0.6638595453125 0.5374581078125 0.6917469640625 0.539021203125 0.7073173734375 0.5409750718749999 0.71665961875 0.539411978125 0.764149365625 0.539021203125 0.8038539109375 0.5437104890625 0.814753196875 0.549572096875 0.8139746750000001 0.553479834375 0.8038539109375 0.5601229890625 0.7672634484375 0.56676614375 0.71665961875 0.57262775 0.6676128296875 0.56676614375 0.655156503125
0 0.607425878125 0.6683850437500001 0.5968749843750001 0.6559287171875 0.5906226046875 0.6567072375 0.5796935953125 0.6576275015624999 0.5742101046875 0.6730561671874999 0.5718654609375 0.68784805625 0.5718654609375 0.7119821890625 0.5687392703125 0.7516867328125 0.5640499859375 0.8015120421875 0.5718654609375 0.8451091875 0.5824163546875 0.843552146875 0.5984380796875 0.7477941312499999 0.6003919484375 0.7368948453125 0.6046904609375 0.718210353125 0.6085981984375 0.68784805625 0.607425878125 0.6683850437500001
6 0.6343892703125 0.7509082125 0.642204746875 0.7189888734375 0.64728480625 0.701082903125 0.6484571265625 0.6839554531250001 0.6453309375 0.663713921875 0.637906234375 0.6605998390625001 0.629699984375 0.652036115625 0.62190416875 0.6521744625 0.615632128125 0.6543716765625 0.6117243890624999 0.6652709625 0.609379746875 0.6831769328124999 0.6078166515625 0.7119821890625 0.6035181390625 0.7485726515625 0.6035181390625 0.7890557140625 0.6042996875 0.8116328078124999 0.6050812343749999 0.8272032171875001 0.6109428421875001 0.8318743390625001 0.6207121875 0.8201965328125 0.63087230625 0.7913912765625 0.6343892703125 0.7509082125
6 0.689097603125 0.7197673953125 0.687143734375 0.663713921875 0.6844083171875 0.64502943125 0.672685103125 0.6317945828125 0.66721426875 0.6333516234375 0.66330653125 0.6403583078125 0.6558818296875 0.63646570625 0.65119254375 0.638022746875 0.6476755796875 0.6473649921875 0.643767840625 0.655150196875 0.643767840625 0.6668280046875 0.6508017703125 0.6971903015625001 0.657444925 0.732223721875 0.668777365625 0.792169796875 0.680891353125 0.826424696875 0.6883160546875 0.8357669421875 0.6906606984375 0.8272032171875001 0.693005340625 0.79917648125 0.689097603125 0.7197673953125