11 0.492742684375 0.61457516875 0.49911106875 0.597008028125 0.500090803125 0.5072206046875001 0.500152334375 0.4088378921875 0.500090803125 0.3588761078125 0.47461734062499994 0.3608280171875 0.47412747343749995 0.40474579374999997 0.47069832968750003 0.49355728125000004 0.456491959375 0.58236876875 0.46384007812499994 0.6165270406250001 0.492742684375 0.61457516875
11 0.4540425859375 0.5628497578125 0.452572984375 0.508196540625 0.4468696296875 0.3770996109375 0.425629884375 0.3803470296875 0.425629884375 0.45939901250000004 0.431018496875 0.5121003578125001 0.42856912343750003 0.5608978875 0.4359172421875 0.587248521875 0.4496337453125 0.5882244953125 0.4540425859375 0.5628497578125
9 0.415403728125 0.6101290859375 0.43064427031249997 0.5849713015625 0.42759617499999997 0.532920603125 0.420241271875 0.45159141406250003 0.417472275 0.3990722671875 0.4158392 0.36549078281249997 0.395373309375 0.373298384375 0.3958087453125 0.4453018765625 0.39493787187499996 0.5207753953125 0.39014799375 0.5745610890624999 0.4001631875 0.60839405625 0.415403728125 0.6101290859375
15 0.3958087453125 0.37676844374999996 0.3725460421875 0.3751736125 0.369246665625 0.4444343453125 0.3587960015625 0.5008226 0.35357068593749996 0.5676210687500001 0.3614086921875 0.604923996875 0.3875353359375 0.5841037359375 0.395373309375 0.5294505109375 0.394502434375 0.4635196078125 0.3958087453125 0.37676844374999996
15 0.3513146203125 0.37625868125 0.3352820484375 0.4617845765625 0.316122503125 0.5450657140625 0.32483138437500003 0.5745610890624999 0.3452972421875 0.5841037359375 0.3587960015625 0.5407281546875 0.3635859125 0.45831455156249995 0.37185932187500004 0.3854435609375 0.3513146203125 0.37625868125
15 0.31960603593750003 0.511232746875 0.313074375 0.46698966718749996 0.3115737515625 0.37625868125 0.3117680625 0.354213171875 0.2760616296875 0.35594816875 0.273884409375 0.4721947234375 0.26778820312499996 0.5199079296875 0.2943503 0.55113826875 0.316122503125 0.548535740625 0.31960603593750003 0.511232746875
13 0.241891134375 0.34696180625 0.23687168125000002 0.42187905625 0.2216311390625 0.48086983906249997 0.229469128125 0.5094977171874999 0.2538539890625 0.5233779234375 0.26909453125 0.517305334375 0.27823885000000004 0.4479044046875 0.2760616296875 0.35508065312500003 0.241891134375 0.34696180625
3 0.5370196609375 0.611518721875 0.54006775625 0.5889634328125 0.5322297828125 0.5377802328125 0.5322297828125 0.487464565625 0.5315095140625 0.40230034843749995 0.5335360953125 0.3772905828125 0.499571478125 0.3807606421875 0.500442353125 0.424136221875 0.5021841359375 0.52823761875 0.500442353125 0.601108575 0.5056677015625 0.6201938375 0.5370196609375 0.611518721875
3 0.5666298703125 0.5117548843749999 0.5670653078125001 0.4640417453125 0.5717947765625 0.409895834375 0.5461639796875 0.40244843281250003 0.5461639796875 0.4562341765625 0.5378905359374999 0.5221650296875 0.54006775625 0.569010671875 0.5566146437499999 0.5837583421875 0.5670653078125001 0.5481903781249999 0.5666298703125 0.5117548843749999
1 0.6027717078125 0.5594680234375 0.596240046875 0.5100198546875 0.595804609375 0.431076309375 0.5952037812500001 0.35672743125 0.568807090625 0.3521327484375 0.5701134031249999 0.4215337109375 0.569242528125 0.4996097578125 0.56445265 0.569010671875 0.5801286296875 0.605446134375 0.5975463921874999 0.5941684890625 0.6027717078125 0.5594680234375
7 0.60886793125 0.5759507578124999 0.6288983515625 0.5846258734374999 0.6358654484375 0.55773299375 0.624979346875 0.51522494375 0.6241084734375 0.45970418593750006 0.6256899265625 0.390364584375 0.595804609375 0.393773315625 0.596240046875 0.419798665625 0.5971109546875 0.47531940625 0.595369171875 0.5265025890625 0.5944982640625 0.55773299375 0.599288175 0.5759507578124999 0.60886793125 0.5759507578124999
7 0.664169346875 0.52823761875 0.6545895578125001 0.458836671875 0.6507321171875 0.3871093765625 0.62628569375 0.38856824375 0.62585025625 0.418063634375 0.62715656875 0.4909346421875 0.6315110078124999 0.542985321875 0.6410907984375 0.5716132 0.6619921265625 0.5698781703125 0.664169346875 0.52823761875
5 0.69377955625 0.45102907031250006 0.6839402390625 0.38385416875 0.6554604312500001 0.38683324531249996 0.65894403125 0.481391978125 0.665040221875 0.5403827609375 0.672878228125 0.555130465625 0.6968276515625 0.5412502921875 0.7094555015624999 0.5160924421875001 0.69377955625 0.45102907031250006
5 0.7486454671875 0.45796917343750004 0.7303568296875 0.41632860625 0.7171483624999999 0.34696180625 0.715551759375 0.3304449578125 0.6841997328125 0.35647030625 0.6990048718749999 0.4440889828125 0.70553653125 0.5039473171875 0.720777075 0.5204300015625 0.7451619015625 0.49180212343749996 0.7486454671875 0.45796917343750004
5 0.787400028125 0.387700728125 0.76040244375 0.361675371875 0.738379784375 0.312239584375 0.729050484375 0.3000820453125 0.7120681921875 0.3287099359375 0.720777075 0.3651454234375 0.7386302406249999 0.424136221875 0.7477745921875 0.4649092921875 0.770853140625 0.45710165781249995 0.787400028125 0.387700728125
10 0.502112159375 0.6421006953124999 0.47626275625 0.6404620765625 0.481488071875 0.714200565625 0.490196953125 0.7662512625 0.5032602749999999 0.8018192265625 0.5150172515625 0.759311175 0.50413115 0.7020553890625 0.502112159375 0.6421006953124999
10 0.48410072968750006 0.72287568125 0.47598117812499996 0.645355903125 0.4527487703125 0.63612451875 0.4488297671875 0.6673549234375 0.46058674374999997 0.7358883546875 0.47016653281250004 0.8026867578125 0.48889060781250004 0.822639584375 0.499341271875 0.7992166984375 0.48410072968750006 0.72287568125
8 0.4353310078125 0.627449403125 0.42099723750000007 0.645355903125 0.41791324531249996 0.7037904187499999 0.4235739984375 0.7862040234375 0.43315378750000005 0.8451948078125 0.46842474999999995 0.8269771421875 0.46798931250000003 0.782733996875 0.4536196453125 0.7020553890625 0.4488297671875 0.6508722062500001 0.4353310078125 0.627449403125
14 0.43271835000000003 0.6621498671875 0.42009046562499996 0.625714371875 0.3975882328125 0.6301649312500001 0.393963821875 0.66301738125 0.3887384734375 0.7115980375000001 0.3843840328125 0.7688537906249999 0.3887384734375 0.8243745484374999 0.4004954828125 0.8174344625 0.40920436406249994 0.757576146875 0.41791324531249996 0.692512775 0.43271835000000003 0.6621498671875
14 0.3874321609375 0.7211406515625 0.403543578125 0.6517397203125 0.3856115328125 0.6301649312500001 0.386561253125 0.6317869593750001 0.3643536125 0.644799634375 0.35782195156249996 0.694247803125 0.340404190625 0.7523710890624999 0.3495485078125 0.8087593453125 0.3700143984375 0.7862040234375 0.3874321609375 0.7211406515625
12 0.25723438125000003 0.759311175 0.2832651890625 0.7245659734375 0.30687501093749997 0.6647523953125 0.32777630625 0.587543896875 0.301649678125 0.5658561062499999 0.27857112968750003 0.5511083859375 0.2650723703125 0.6057616109375 0.23763939843749998 0.6873077171875 0.22631784375000003 0.7402259140624999 0.25723438125000003 0.759311175
12 0.23055394218749997 0.7020553890625 0.22664806249999997 0.6996093765625 0.24710083124999999 0.644799634375 0.2675666875 0.5962190140625 0.272792003125 0.5467708265625 0.22837672343749998 0.5233479984375 0.2122652890625 0.5953514656250001 0.188315865625 0.6560772796875 0.2044273 0.69077774375 0.23055394218749997 0.7020553890625
2 0.5325656609375 0.7402259140624999 0.52497676875 0.6464409734375 0.5264694375000001 0.6430646046875 0.5025200140625 0.6421970906250001 0.5055681421875 0.6890427156250001 0.5129706781250001 0.7541060875000001 0.5208086859375001 0.7905415828125 0.539097321875 0.7853365250000001 0.5325656609375 0.7402259140624999
2 0.5621758703124999 0.7809989671875 0.5539024265625 0.706392946875 0.5549185171875 0.644270834375 0.5247276875 0.643932153125 0.5273403453125 0.6916452750000001 0.5330010984375 0.7350208578124999 0.539532759375 0.7896740828125 0.5491125484375 0.8261095781250001 0.564788528125 0.8243745484374999 0.5621758703124999 0.7809989671875
2 0.5939632671874999 0.8408572484375 0.5926569546875 0.8052892859374999 0.5878670765625 0.7237431796875 0.58656073125 0.6760300406249999 0.5804645078124999 0.6413295921875 0.5617404328125 0.627449403125 0.55259608125 0.6569448265625 0.5578214296875 0.7133330671875 0.564788528125 0.7653837640625001 0.573061971875 0.8261095781250001 0.5822062906250001 0.8486649328125001 0.5939632671874999 0.8408572484375
6 0.62226713125 0.8252420468749999 0.6231380390625 0.8018192265625 0.62096081875 0.7254782093750001 0.6122519375000001 0.657812309375 0.60718048125 0.6203993062500001 0.5878670765625 0.623979359375 0.5804645078124999 0.6569448265625 0.5891733890624999 0.6899102453125 0.6009303984375001 0.744563471875 0.6009303984375001 0.7983492 0.6139937203125 0.8269771421875 0.62226713125 0.8252420468749999
6 0.6588444390625 0.820036990625 0.65536090625 0.7671187609375 0.6449102421874999 0.6777650703125 0.6431105796875001 0.6084635421875 0.6309760125 0.6066291265625 0.6126873749999999 0.6048941296875 0.608332934375 0.6369920328124999 0.6187835984375 0.6725600140625 0.6296697 0.7436959734374999 0.6462165546875 0.8217720203125 0.6588444390625 0.820036990625
4 0.69934075 0.7688537906249999 0.7219838265625 0.7246107109375 0.6941154015625 0.6213768140625 0.686662215625 0.5737413203124999 0.6592798765625 0.590146409375 0.63794314375 0.5918814546875 0.635330453125 0.6222443625 0.6492646828125 0.6491371921875 0.6601507843750001 0.706392946875 0.6766976390624999 0.75844364375 0.69934075 0.7688537906249999
4 0.7803333718750001 0.69077774375 0.75290038125 0.63612451875 0.74201428125 0.58927889375 0.72966945625 0.5346788203124999 0.6880192109375 0.5580484718750001 0.6845356453125 0.5832063390625 0.7006470609375001 0.6395945953125 0.7158876375000001 0.6864401859375 0.7389661859375 0.7254782093750001 0.771624490625 0.7254782093750001 0.7803333718750001 0.69077774375
4 0.7868650328125 0.5603219578124999 0.7770318609375 0.4869357640625 0.7259028640625 0.5325615781249999 0.7441915015625 0.588082303125 0.7520295078125 0.6340604453124999 0.7781561499999999 0.6713634390625 0.78773590625 0.6418680296875 0.810378984375 0.6089025953125 0.7868650328125 0.5603219578124999