15 0.3736419625 0.432073153125 0.3707026859375 0.26420968437500003 0.339201809375 0.2552734390625 0.323674771875 0.47111117656249996 0.359925459375 0.476966865625 0.3736419625 0.432073153125
15 0.414791396875 0.4457364765625 0.39617622343750003 0.28372869375 0.3747236109375 0.2894531265625 0.36580393906249997 0.46915930625 0.38245972031250003 0.486726371875 0.414791396875 0.4457364765625
9 0.3922572109375 0.4652554875 0.41283192812499997 0.4593998 0.43242691093749996 0.37546799062499997 0.43830539062499996 0.26420968437500003 0.4077956359375 0.2625976578125 0.38637873125 0.422313646875 0.3922572109375 0.4652554875
11 0.4245888875 0.40865032343749996 0.410872459375 0.4652554875 0.43830539062499996 0.5042935125 0.4569206390625 0.4789188109375 0.463778853125 0.3637566125 0.46671813125000006 0.27787293125 0.43719298906250004 0.2870117203125 0.4245888875 0.40865032343749996
11 0.46573839687499996 0.26420968437500003 0.45594090468750004 0.46135167031249996 0.4588801078125 0.5042935125 0.4980700734375 0.5062453828125 0.4980700734375 0.43792884218749994 0.48986324843749995 0.2674804703125 0.46573839687499996 0.26420968437500003
13 0.2639100890625 0.365708484375 0.25803153437500004 0.41840982968749996 0.32465450625000003 0.44378452968750004 0.33347226406249997 0.3871794421875 0.3226950375 0.29739194375 0.3226950375 0.24664254218749998 0.2693830921875 0.2333007828125 0.2639100890625 0.365708484375
3 0.540199315625 0.426217465625 0.5460777953125 0.2368830375 0.5119112640625 0.2430664078125 0.4951308703125 0.49648587656250004 0.5353005703125 0.5140530171875 0.540199315625 0.426217465625
3 0.5470575296875 0.26420968437500003 0.542158784375 0.4203617765625 0.5460777953125 0.49453400625 0.567632321875 0.49843782187499996 0.578409546875 0.4554959828125 0.5707059734375 0.2723632828125 0.5470575296875 0.26420968437500003
1 0.617251784375 0.2699218765625 0.5852677609375 0.25445017812500004 0.57938928125 0.37546799062499997 0.578409546875 0.46915930625 0.605842478125 0.49063018906250006 0.6224982578125 0.44768834843749994 0.6107412984375 0.35985279531250003 0.617251784375 0.2699218765625
7 0.6454242484375 0.2723632828125 0.61955898125 0.26616155468749997 0.614660234375 0.3852274953125 0.6205387890625 0.45354403593750003 0.6499312640625 0.467207359375 0.66658696875 0.4359769703125 0.65189073125 0.3871794421875 0.6454242484375 0.2723632828125
7 0.65580966875 0.270065371875 0.6587489453125001 0.3832756234375 0.6626680328125001 0.4301212828125 0.6803033968750001 0.45354403593750003 0.6979389109375 0.4047465078125 0.68339583125 0.2577148453125 0.65580966875 0.270065371875
5 0.69206050625 0.4027946359375 0.704797125 0.451592165625 0.765541690625 0.3891313125 0.7483149890624999 0.2503906265625 0.6959794421875001 0.225171659375 0.69206050625 0.4027946359375
10 0.4544537578125 0.5337190984375 0.4594924765625 0.6184873609375 0.4578128890625 0.71775549375 0.48244659062500006 0.7233323546875 0.4843536453125 0.64546673125 0.48251391093749996 0.5140625015625 0.4544537578125 0.5337190984375
10 0.417503228125 0.7400629359375 0.44101719062500006 0.7478705484375 0.45277417187499996 0.6307564796875 0.4578128890625 0.5326037640625 0.4255390484375 0.5176897328125001 0.417503228125 0.5682956156250001 0.417503228125 0.7400629359375
8 0.3800431421875 0.542801340625 0.38167239375 0.6184873609375 0.37999280625 0.744524440625 0.4079856390625 0.74340904375 0.40910537812500003 0.689871190625 0.41414405312499997 0.61625665 0.4236616421875 0.5515650562500001 0.4113447703125 0.5337190984375 0.3800431421875 0.542801340625
14 0.338046921875 0.528850446875 0.3363240140625 0.5749878734375 0.33856340625 0.6742559640625 0.3396831453125 0.7657164859375001 0.3547992578125 0.7712933453125 0.36375695625 0.68429433125 0.37999280625 0.5504496796875 0.369355521875 0.52145004375 0.338046921875 0.528850446875
12 0.2176577578125 0.581863840625 0.20811683281249999 0.6073336390625 0.23554981718749998 0.65083316875 0.3032924625 0.5359498296874999 0.3100107265625 0.4957964515625 0.25682434375 0.4366817171875 0.23387022968750001 0.5359498296874999 0.2176577578125 0.581863840625
2 0.48344478906250005 0.5270269046875 0.4840046796875 0.61737200625 0.48064550625 0.71775549375 0.5041595109375 0.7211016015625 0.5091982296875 0.6196027578125001 0.5137311109375 0.523270090625 0.48344478906250005 0.5270269046875
2 0.5119975125 0.5292576140625 0.5125573609375 0.610679790625 0.5063989453125 0.7110632781249999 0.5265537765625 0.7132939890625 0.5338318875 0.615141253125 0.5403287171875 0.52606026875 0.5119975125 0.5292576140625
0 0.5422297375 0.5192192484375 0.5383107578125 0.6218335109375001 0.53215234375 0.7222169984375 0.547828303125 0.7211016015625 0.5601451749999999 0.62964108125 0.569726071875 0.5344308046874999 0.5422297375 0.5192192484375
6 0.6010146859375001 0.6028721765625 0.6019231734375 0.52606026875 0.5775007234375 0.5047194625 0.5691028734375 0.5359498296874999 0.566303590625 0.59617991875 0.5629444593749999 0.70994788125 0.5707824609375 0.77687020625 0.5892577046875 0.7422936890625 0.6010146859375001 0.6028721765625
6 0.6348202125 0.5204799125 0.619489971875 0.5169885171875 0.6015745765625 0.5459881953125 0.606053403125 0.644140953125 0.61221181875 0.77240874375 0.62844766875 0.7657164859375001 0.6418842375 0.558257271875 0.6348202125 0.5204799125
4 0.6816340515625 0.57052636875 0.6775163703125 0.503738840625 0.6407645421875 0.5102963234375 0.6413243890625 0.5437574859375001 0.64524336875 0.61179514375 0.652521521875 0.689871190625 0.664278503125 0.736716828125 0.6754756796875 0.7266784625 0.6816340515625 0.57052636875
4 0.74825704375 0.5125270328125 0.7237122125 0.45770089374999995 0.7045882078125 0.4913349671875 0.684433334375 0.489104215625 0.6749157890624999 0.541526690625 0.7135458625 0.6028721765625 0.7538556109375001 0.6653329968749999 0.779049159375 0.6196027578125001 0.74825704375 0.5125270328125