11 0.49966204999999997 0.515492025 0.5007817875 0.42960836406249997 0.5011322453125 0.333537946875 0.5024613328124999 0.3035713265625 0.46886993437499996 0.30245599218749997 0.46663049843750004 0.4151085359375 0.4576728015625 0.49541533437499996 0.4599122359375 0.53110725 0.4957430703125 0.5322226062500001 0.49966204999999997 0.515492025
11 0.44373741093749997 0.314006696875 0.4307997078125 0.4061855671875 0.4257609890625 0.470877140625 0.428560271875 0.5076844109375 0.4515143859375 0.51437666875 0.4615918234375 0.4942999375 0.4615918234375 0.42180075156249996 0.46663049843750004 0.3035713265625 0.44373741093749997 0.314006696875
9 0.4280004234375 0.3939164703125 0.4297386703125 0.30005580468750004 0.398887853125 0.3113789390625 0.3916097421875 0.4251469015625 0.3826520015625 0.46753103281249997 0.3899301546875 0.4864923671875 0.4056061578125 0.51437666875 0.4280004234375 0.4764540015625 0.4280004234375 0.3939164703125
15 0.3580183421875 0.41957004062500003 0.349060603125 0.46864638750000004 0.361937321875 0.504338303125 0.385451284375 0.489838475 0.3955287203125 0.46083877500000003 0.3966484171875 0.2946483578125 0.356945221875 0.29866071562499996 0.3580183421875 0.41957004062500003
15 0.33664704843750004 0.30563616250000003 0.332264903125 0.3794166203125 0.31266992031249996 0.4563773109375 0.32610648750000004 0.48872307656249997 0.3473810578125 0.48091550625 0.3574584515625 0.44745434375000004 0.3574584515625 0.36937831875 0.3580183421875 0.30245599218749997 0.33664704843750004 0.30563616250000003
13 0.28299754374999997 0.3626860390625 0.284851709375 0.284709821875 0.2449272734375 0.26676405625 0.2415681421875 0.3582245984375 0.2382090109375 0.41957004062500003 0.25668425625 0.43295447343750004 0.270680671875 0.44410819375 0.288596109375 0.42180075156249996 0.28299754374999997 0.3626860390625
13 0.20797674375000003 0.3124942953125 0.1878218921875 0.36937831875 0.20517746093749997 0.40172406250000003 0.22925131406250002 0.41733928750000004 0.23988855625 0.3894549640625 0.24548712187500002 0.2634179703125 0.21065838750000002 0.25401785781249997 0.20797674375000003 0.3124942953125
3 0.5394118625 0.40953167500000004 0.53822890625 0.32098214375 0.503581071875 0.308032853125 0.5047007671875 0.43183911718749995 0.5007817875 0.489838475 0.503581071875 0.5333379609375 0.518697184375 0.5333379609375 0.5427710375 0.521068884375 0.5394118625 0.40953167500000004
3 0.5724434125 0.40172406250000003 0.5669263234375 0.3070312515625 0.5343731875 0.3136097140625 0.541651296875 0.41399318125000006 0.541651296875 0.4753386453125 0.5478097125 0.513261271875 0.565165259375 0.51437666875 0.5791616765625001 0.48537696874999997 0.5724434125 0.40172406250000003
3 0.604915115625 0.3493015875 0.5977235515625 0.28889509062499996 0.5674047375 0.297994465625 0.5780419796875 0.435185225 0.5842004375000001 0.49541533437499996 0.6093939859375 0.504338303125 0.621150925 0.46083877500000003 0.6110735734375 0.41845464374999997 0.604915115625 0.3493015875
7 0.651943040625 0.48872307656249997 0.6508233437500001 0.4574926671875 0.6413057984375 0.36603216875 0.6397197718750001 0.284709821875 0.6340276453125 0.2779177765625 0.6088340953125 0.2801485515625 0.6155523578125 0.3805320390625 0.6110735734375 0.4586080640625 0.6183516421874999 0.48872307656249997 0.63570723125 0.5076844109375 0.651943040625 0.48872307656249997
7 0.6877739171874999 0.44522359062500005 0.6715380234375 0.3849934796875 0.6698170625000001 0.2972656265625 0.66929863125 0.2957637125 0.6362671234375 0.2879561203125 0.6480240609375 0.4073009234375 0.6480240609375 0.469761784375 0.66761904375 0.492069228125 0.6860943296875 0.48314621718749995 0.6877739171874999 0.44522359062500005
5 0.7336821453125 0.416223890625 0.7168864453125 0.3682629 0.71531296875 0.29587053750000003 0.669858521875 0.2823792609375 0.6804957640625 0.3760705125 0.6771365890625 0.4061855671875 0.6877739171874999 0.44968505312499996 0.7017703328125 0.466415634375 0.7258441859375 0.45526191406249994 0.7336821453125 0.416223890625
5 0.7650341515625 0.3180711546875 0.7573091890625 0.245647321875 0.7185660328125001 0.2522642484375 0.728083578125 0.3526477375 0.729763165625 0.41845464374999997 0.7426398859375001 0.435185225 0.7700728265625 0.41733928750000004 0.7795903734375 0.3794166203125 0.7650341515625 0.3180711546875
10 0.445137284375 0.5497767875 0.44759540624999994 0.6192216203124999 0.4565531046875 0.69172080625 0.4565531046875 0.7196051078125 0.480067065625 0.7162590859375 0.476707934375 0.6448751703125 0.4739086515625 0.584645103125 0.47278895624999995 0.542260971875 0.445137284375 0.5497767875
10 0.47334880312500005 0.5534146921875001 0.47726778281250004 0.639298309375 0.481746653125 0.7117974953124999 0.5002218968750001 0.7117974953124999 0.49742261406250005 0.6448751703125 0.5004323078125 0.558147321875 0.47334880312500005 0.5534146921875001
8 0.417139803125 0.5441964296874999 0.41176457187500004 0.632606178125 0.4134441171875 0.7162590859375 0.4464756671875 0.710682225 0.44927495000000006 0.6214524578125 0.44591581874999997 0.558991553125 0.4324792515625 0.5232996375 0.417139803125 0.5441964296874999
14 0.41456385625000003 0.5757221343750001 0.3989414421875 0.5302455375 0.38097245625 0.5433763265625 0.373694303125 0.6024910390625 0.370335171875 0.7051053656249999 0.3664161921875 0.7642199921875 0.377613325 0.7854120796874999 0.3899301546875 0.7329896671875 0.40224698437499995 0.6727594734375 0.41456385625000003 0.5757221343750001
14 0.37985271875 0.53110725 0.347146103125 0.5302455375 0.3389832078125 0.5857604578125 0.32274735625 0.7140282484375 0.3216276609375 0.77648906875 0.33450433749999997 0.7709122078124999 0.34850075468749997 0.7196051078125 0.36305701875 0.62702931875 0.38321189218749996 0.5690298765625 0.37985271875 0.53110725
12 0.2925150890625 0.48872307656249997 0.2857968265625 0.558991553125 0.2701530328125 0.6418526796874999 0.2678813890625 0.6961823109374999 0.2958742203125 0.7173743546875 0.3216276609375 0.6616057515625 0.34122264375 0.563453015625 0.34962049375 0.5076844109375 0.319388225 0.487607721875 0.2925150890625 0.48872307656249997
12 0.24044844687500003 0.44076208437500003 0.228131575 0.5322226062500001 0.20995845000000002 0.597209821875 0.1951000453125 0.6337214484375 0.2208534640625 0.656028890625 0.24884629687499998 0.632606178125 0.2807581078125 0.562337659375 0.295314371875 0.512145915625 0.28803626250000003 0.47310789375000006 0.24044844687500003 0.44076208437500003
12 0.1595629859375 0.49118303750000003 0.1637480609375 0.5667991234375 0.197899328125 0.57349138125 0.2275717265625 0.5255303890625 0.238768859375 0.461954171875 0.21805418125 0.42180075156249996 0.18502260937499998 0.4106470296875 0.1595629859375 0.49118303750000003
2 0.5256300406250001 0.552566965625 0.49854235312500006 0.5456070796875 0.5007817875 0.6036064359375 0.5030211812500001 0.6816824828125 0.5030211812500001 0.735220334375 0.5248555984375 0.736335690625 0.5231760546875 0.6337214484375 0.5256300406250001 0.552566965625
2 0.55572733125 0.54559151875 0.5248555984375 0.542260971875 0.5242957500000001 0.651567428125 0.5254154468750001 0.7329896671875 0.533813296875 0.736335690625 0.5522885828125 0.7196051078125 0.5522885828125 0.613644759375 0.55572733125 0.54559151875
0 0.5853201328125001 0.5545300484375 0.5711259453124999 0.52606026875 0.5517287343749999 0.5779528453125 0.558446996875 0.6437598999999999 0.5601265843750001 0.7441433890625 0.5769222843749999 0.7731430031250001 0.589799003125 0.75083551875 0.5892391124999999 0.62702931875 0.5853201328125001 0.5545300484375
6 0.598756659375 0.5244149921875 0.590358809375 0.5456070796875 0.5847602421875 0.5701452734375 0.5976369625 0.6281445890625 0.6077144 0.71291289375 0.6177918359375 0.7441433890625 0.6323480578125 0.7341049374999999 0.6239502078125 0.5879912093749999 0.6204736453125 0.529222278125 0.598756659375 0.5244149921875
6 0.668738740625 0.7307588296875001 0.65922119375 0.6080679 0.6631401734375 0.5578761546875 0.6537185125 0.5218750015625 0.63738681875 0.515492025 0.6172319453124999 0.54003021875 0.6233904031249999 0.5667991234375 0.6317882531250001 0.6147601578125 0.643545190625 0.7341049374999999 0.660340890625 0.7608739265625 0.668738740625 0.7307588296875001
4 0.71576675 0.5790682421875 0.7168864453125 0.5299918531250001 0.7048139140624999 0.48699776874999995 0.66258036875 0.4942999375 0.6508233437500001 0.5199535296875 0.6631401734375 0.562337659375 0.6804957640625 0.6292599859375 0.7045696171875 0.7062206343749999 0.7353617328125 0.6716442015624999 0.71576675 0.5790682421875
4 0.7664083703125 0.44235491250000003 0.7152068593750001 0.46418492499999997 0.7056893125 0.5032229484374999 0.7275236875 0.558991553125 0.7711925234375 0.659375040625 0.7997452468749999 0.6214524578125 0.7723122203125 0.50656905625 0.7664083703125 0.44235491250000003