11 0.5071115578125001 0.487685215625 0.503117778125 0.377641821875 0.4918625796875 0.365345225 0.48361023124999997 0.3899382546875 0.47658469375 0.4605055421875 0.47425954062500003 0.49756389062500006 0.46728408281249995 0.524199578125 0.4643776421875 0.5612579281250001 0.46379635312499995 0.57631288125 0.4754221171875 0.5902097609375 0.4875057296875 0.59329128125 0.49876092656250004 0.59329128125 0.503117778125 0.5918446234375 0.504206990625 0.5759313796875001 0.5060223453125 0.523128346875 0.5071115578125001 0.487685215625
11 0.4599398265625 0.38496579375 0.44647871875 0.4658879859375 0.440669584375 0.5049477640625 0.4359496640625 0.5346042625 0.43486045000000006 0.5642607625 0.44430029375 0.5758340296875 0.4566447046875 0.5859606375 0.46245383906250004 0.5823439921875 0.46572147656249996 0.56136744375 0.46862604374999994 0.5150743734375001 0.4747982484375 0.40657499062499997 0.47116753906250003 0.3812584671875 0.4599398265625 0.38496579375
9 0.4334081671875 0.3031389109375 0.4210847953125 0.319101821875 0.41561769374999996 0.37040852812499997 0.408719346875 0.431168184375 0.40581477968749996 0.4745679375 0.4029102125 0.5143510453125 0.404362496875 0.538220909375 0.4105347015625 0.56136744375 0.41452848124999997 0.571494053125 0.42614675 0.5664307484375 0.43776501874999996 0.5353275921875 0.441758796875 0.5186910203124999 0.44321108125 0.3132655203125 0.4334081671875 0.3031389109375
15 0.3978272203125 0.3154355078125 0.3822297640625 0.3552908171875 0.3713230453125 0.45865469374999995 0.3691446203125 0.48614120468750005 0.3680554078125 0.5143510453125 0.3713230453125 0.536050921875 0.378947534375 0.5497941765625 0.3883873765625 0.5555808109375 0.3989164328125 0.54834751875 0.403999425 0.5389442375 0.40581477968749996 0.5107343984375 0.40617785 0.4362314890625 0.407630134375 0.3530486265625 0.3978272203125 0.3154355078125
15 0.38002162500000003 0.49695283437500004 0.37929548281250003 0.46223303125 0.3814739078125 0.37109354843750003 0.3829261921875 0.3392670625 0.374212490625 0.329140453125 0.3654987890625 0.35952028125 0.358237371875 0.3920700953125 0.35351745 0.43402319062499994 0.3484344578125 0.46223303125 0.34407760781249996 0.47959293281250004 0.34080996875 0.49984615000000004 0.33863154375 0.52009936875 0.3437145359375 0.5316726375 0.354969734375 0.5417992453125 0.362594221875 0.534565953125 0.36949256875 0.534565953125 0.38002162500000003 0.49695283437500004
13 0.346619103125 0.5063561140624999 0.348797528125 0.47959293281250004 0.34262532343749996 0.4304065453125 0.3491606 0.37977349843749997 0.341173040625 0.3530103171875 0.3223131265625 0.35384325625 0.31176429843750003 0.40436669218750004 0.298693746875 0.448489775 0.29215847031250003 0.47959293281250004 0.293973825 0.49984615000000004 0.3001460296875 0.512142746875 0.306318234375 0.512142746875 0.3161211484375 0.5063561140624999 0.321204140625 0.51575939375 0.328465559375 0.5251626734375 0.335000834375 0.523716015625 0.3404468984375 0.5172060515625 0.346619103125 0.5063561140624999
13 0.2968783921875 0.456446396875 0.303050596875 0.40436669218750004 0.306318234375 0.3725402078125 0.3059551640625 0.3276937953125 0.3015983125 0.3182905140625 0.2830949640625 0.3263396203125 0.2718265 0.36603024375 0.2591190203125 0.41015332656250003 0.2533098859375 0.4238965828125 0.2493161046875 0.43980982500000004 0.2471376796875 0.46006304218749994 0.250042246875 0.46874299375 0.2591190203125 0.4716363109375 0.2631127984375 0.4839329078125 0.2707372875 0.499122821875 0.28780161875 0.49405951718749996 0.29288461250000003 0.48754955312500003 0.2968783921875 0.456446396875
13 0.230799490625 0.342883709375 0.212282875 0.3732635359375 0.20901523593750002 0.396410071875 0.22172271718749997 0.4535530796875 0.2286210640625 0.4571697265625 0.2416916171875 0.4549997390625 0.25149453125 0.43836316562500005 0.259482090625 0.3993033890625 0.2747310671875 0.3378204046875 0.269648075 0.304547259375 0.24859750625000002 0.30607378281250003 0.230799490625 0.342883709375
10 0.44936671875 0.774862240625 0.45481278124999996 0.805965396875 0.468972546875 0.7575023390625 0.4773231765625 0.694572696875 0.486036878125 0.649726284375 0.48966758749999995 0.6178997984375 0.48022774375 0.6150064828125 0.46425262500000003 0.6077731890625 0.45880656249999996 0.6200697875000001 0.45481278124999996 0.6605762234375 0.44936671875 0.774862240625
10 0.484947665625 0.7770322281250001 0.49910742968750005 0.714825915625 0.5096364859375 0.6482796265624999 0.5121779828124999 0.6200697875000001 0.5089625296875 0.622365609375 0.487126090625 0.620793115625 0.48131695625 0.6873394046875 0.47550782187499996 0.7828188625 0.484947665625 0.7770322281250001
8 0.447914434375 0.60415654375 0.4388782203125 0.6006522125 0.4326654578125 0.6063265312499999 0.426493253125 0.6244097625 0.42177333125 0.6504496140625 0.41487498437500003 0.6960193546875 0.406524353125 0.7567790109375 0.40507207031250003 0.81826199375 0.4141488421875 0.8240486296875 0.43665923749999996 0.7423124265625 0.4533604984375 0.6786594546875 0.45735427812499996 0.6352597 0.45590199531250003 0.6215164453125 0.447914434375 0.60415654375
14 0.42939782031249996 0.641046334375 0.42794553593750007 0.630919725 0.42504096875 0.6330897125 0.4166903390625 0.6070498609375 0.41233348750000004 0.600539896875 0.40507207031250003 0.59764658125 0.4000231890625 0.6035473328125 0.38982309375 0.616453140625 0.38474010000000003 0.6670861859375 0.38038325 0.71337925625 0.3760264 0.7603956562499999 0.3727587609375 0.7828188625 0.37820482499999997 0.792945471875 0.3912753765625 0.7820955328125 0.4003521484375 0.748099059375 0.41451191249999997 0.680829440625 0.42213640156250004 0.66419286875 0.42830860781249996 0.651896271875 0.42939782031249996 0.641046334375
14 0.3836508875 0.591859946875 0.36843078125 0.5861766125 0.35750978437500003 0.59764658125 0.3509745078125 0.6345363703125 0.3408085234375 0.694572696875 0.32628568750000003 0.770522265625 0.32555954531250003 0.7820955328125 0.3364516734375 0.7828188625 0.3546052171875 0.75388569375 0.3792940375 0.6743194781249999 0.390549234375 0.64900295625 0.402530575 0.6150064828125 0.3876446671875 0.609943178125 0.3836508875 0.591859946875
12 0.3153935609375 0.6786594546875 0.3139412765625 0.6996360015625 0.3015968671875 0.7336324750000001 0.3015968671875 0.748099059375 0.3106736390625 0.748099059375 0.32555954531250003 0.719165890625 0.3393562390625 0.6721494906250001 0.3440761609375 0.6591295640625 0.3542421453125 0.643216321875 0.3651342734375 0.620793115625 0.3680388390625 0.600539896875 0.3647712015625 0.5860733140625001 0.3625927765625 0.5817333375 0.3560575 0.5853499828125 0.3451653734375 0.5745000453125 0.33826702656249996 0.5781166921875001 0.3233811203125 0.562926778125 0.31938734062499996 0.567266753125 0.3099666671875 0.5659107750000001 0.304501434375 0.575223375 0.3026860796875 0.5925832765625 0.302323009375 0.6171764703125 0.30050765468749996 0.638876346875 0.2903416703125 0.663469540625 0.28053875625 0.6931260375 0.277997259375 0.7206125484375 0.2776341890625 0.7307391578125 0.2867109609375 0.724952525 0.30123379687499996 0.6996360015625 0.30958442656249996 0.6801061125000001 0.3153935609375 0.6786594546875
12 0.24858851718750002 0.6873394046875 0.2453208796875 0.698912671875 0.24749930468749998 0.7054226359375 0.256576078125 0.7003593312499999 0.2710989125 0.6757661374999999 0.279086471875 0.6468329671874999 0.287437103125 0.6316430546875 0.29433545 0.6121131656250001 0.3037752921875 0.596199921875 0.3063167890625 0.5687134125 0.303412221875 0.5520768406250001 0.29143088281249996 0.5354402671875 0.28380639375 0.5412269015625 0.267831275 0.5216970109375 0.259843715625 0.5318236203125 0.24896063750000003 0.5369595781250001 0.244957809375 0.547013534375 0.243505525 0.560756790625 0.243505525 0.5882433 0.2445947375 0.60849651875 0.2406009578125 0.6374296890625 0.236607178125 0.6685328453125 0.2351548953125 0.690232721875 0.23914867499999998 0.6960193546875 0.246047021875 0.6815527703125001 0.256576078125 0.66419286875 0.25294536875 0.6750428078125 0.24858851718750002 0.6873394046875
12 0.1959170921875 0.6323659328125 0.20789843125 0.6367059078125 0.215885990625 0.6338125906250001 0.23658103125 0.6338125906250001 0.2467470171875 0.625132640625 0.2547345765625 0.6113893859374999 0.2543715046875 0.5846262046875 0.2485623703125 0.5665429734375 0.2452947328125 0.5665429734375 0.24493166249999998 0.5332698296875 0.2362179609375 0.531099840625 0.22862529375 0.513798621875 0.2166121328125 0.5195265734375 0.20281543906250002 0.5433964390625 0.19337559531249998 0.5564163640625 0.1832096109375 0.5629263265625 0.1795789015625 0.578116240625 0.18248346875000002 0.5911361671875001 0.20208929687500002 0.5947528140625 0.1973693765625 0.6012627765625 0.1864772484375 0.602709434375 0.186114178125 0.61500603125 0.19047102968750002 0.6258559703125 0.1959170921875 0.6323659328125
3 0.5310956234375 0.365399759375 0.52094585625 0.3755566546875 0.511126725 0.48257909374999997 0.506406803125 0.5165755671875 0.50277609375 0.5729952468749999 0.50386530625 0.59397179375 0.5267387734375 0.6012050875 0.535089403125 0.6026517453125 0.5416246796874999 0.59397179375 0.543440034375 0.5520186984375 0.54198775 0.525978846875 0.5477968843750001 0.40228955 0.5408985375 0.3748030390625 0.5310956234375 0.365399759375
3 0.5692180671875 0.5368287859375 0.5652242875 0.38709963593749996 0.561593578125 0.38420631875 0.5561695765625 0.39220359375 0.55033838125 0.42037277968750003 0.5477968843750001 0.4775157890625 0.5452553875 0.528148834375 0.543440034375 0.5433387484375001 0.54198775 0.5889084890625 0.542350821875 0.595418453125 0.5463446000000001 0.5968651109375 0.557236728125 0.5990350984374999 0.568491925 0.59397179375 0.5710334203125 0.5889084890625 0.5710334203125 0.5664852828125 0.5692180671875 0.5368287859375
1 0.6095189359375001 0.3972262453125 0.6109712187499999 0.3690164046875 0.6011683046875 0.3458698703125 0.589940771875 0.371213975 0.58228861875 0.43339270625 0.574301059375 0.494875690625 0.5688549953125001 0.52742550625 0.568491925 0.544062078125 0.5713964921875 0.5693786000000001 0.5779317671875 0.591078478125 0.58337783125 0.5968651109375 0.5899131078125001 0.59397179375 0.5979006671875 0.5838451859375 0.602983659375 0.554912015625 0.607340509375 0.47896244687499995 0.6095189359375001 0.3972262453125
7 0.6160862140625001 0.36108105625000003 0.5986268078125 0.4963223484375 0.591365390625 0.5317654796875 0.5910023203125 0.548402053125 0.5957222421874999 0.5628686375 0.606251296875 0.565038625 0.6175064953125 0.58963181875 0.6236786999999999 0.5881851609375001 0.6287616921875 0.575165234375 0.634933896875 0.5050023 0.6392907484375 0.38131300156250003 0.6345708265625001 0.350933175 0.6160862140625001 0.36108105625000003
7 0.6371123234375 0.4775157890625 0.63529696875 0.5093422750000001 0.627309409375 0.54261541875 0.6291247640625001 0.5599753203125 0.6374753937500001 0.5693786000000001 0.6505459453125 0.58529184375 0.6607119296875 0.5773352218750001 0.66724720625 0.56069865 0.6570812218750001 0.38854629375 0.6505459453125 0.3682930765625 0.641868525 0.3777279953125 0.6371123234375 0.4775157890625
5 0.7093634296875 0.5375521140624999 0.7060957906249999 0.501385653125 0.6988343734375 0.4644958640625 0.6828592546875 0.371909721875 0.670877915625 0.369739734375 0.6658351796875001 0.39075603281250004 0.6654318515625001 0.4362860234375 0.6654318515625001 0.47896244687499995 0.658170434375 0.521638871875 0.655992009375 0.54695539375 0.660348859375 0.5556353453125 0.66506878125 0.5570820046875 0.6770501203125 0.5729952468749999 0.6839484671875 0.5715485874999999 0.69157295625 0.556358675 0.7021020124999999 0.5628686375 0.7075480749999999 0.5512953703125001 0.7093634296875 0.5375521140624999
5 0.7108157125 0.367569746875 0.7046435078125 0.3661230875 0.6966559484375 0.3849296484375 0.69810823125 0.4001195609375 0.6977451609374999 0.39505625625 0.7021020124999999 0.44062599843749994 0.7057327203125 0.5021089828124999 0.7097265 0.53610545625 0.71589870625 0.5389987734374999 0.7257016187499999 0.548402053125 0.7358676046875 0.5187455546875 0.7445813046875001 0.5187455546875 0.7496642984374999 0.5086189453125 0.7503904390625 0.4963223484375 0.7438551640625 0.4688358375 0.7307846125 0.42471275625000005 0.7108157125 0.367569746875
5 0.731873825 0.34225322343750003 0.71916634375 0.3480398578125 0.7206679796875 0.3755566546875 0.7358676046875 0.42471275625000005 0.7394983125000001 0.44641263125 0.7416767390625 0.46666584999999994 0.7503904390625 0.4898123859375 0.767454771875 0.49125904374999996 0.7750792609375 0.44424264375 0.7794361109375 0.4348393640625 0.7816145359375 0.4304993890625 0.78088839375 0.41530947500000004 0.7758054015625 0.4044595375 0.769633196875 0.394332928125 0.731873825 0.34225322343750003
4 0.7674471203125 0.6215727828125 0.7580072765625 0.5716630671875 0.749293575 0.5499631890625001 0.7442105828125001 0.544899884375 0.7340445984375 0.56370644375 0.7191586921875001 0.5709397375 0.7083215218750001 0.5955857531250001 0.706088140625 0.60855285625 0.7166171953125 0.6382093546875 0.73549688125 0.6628025484375 0.75873341875 0.6953523625 0.7718039703125 0.690289059375 0.7747085375 0.6823324375 0.7627271984374999 0.6707591703125 0.7543765687499999 0.6562925859375001 0.7856006640625 0.675822475 0.7848745234375001 0.6620792203125 0.7674471203125 0.6215727828125
4 0.7097188484375 0.614339490625 0.70069576875 0.5955857531250001 0.681762390625 0.6078295265625 0.666876484375 0.6208494531250001 0.6585258546875 0.63314605 0.6570735703125 0.6476126343749999 0.6625196328125 0.6714824984375001 0.7093557781250001 0.7676852859375 0.7224263296875 0.774918578125 0.707177353125 0.71777556875 0.741306015625 0.756835346875 0.7376753078125 0.7199455578125 0.7166171953125 0.6693125109375 0.7097188484375 0.614339490625
6 0.6588889250000001 0.618679465625 0.654169003125 0.6244661 0.642550734375 0.618679465625 0.6364215578125 0.6317747484375 0.6305693953125 0.627359415625 0.6251233328125 0.6353160375 0.6251233328125 0.6483359640625 0.629843253125 0.672205828125 0.6352893171875 0.7076489609375 0.6389200265625 0.7734719203125 0.649812153125 0.80746839375 0.6665134140625 0.8255516234375 0.6614304203125 0.779258553125 0.6621565625 0.6685891828125 0.6628827046875 0.6411026718749999 0.6588889250000001 0.618679465625
6 0.628754040625 0.657015915625 0.6280278984375001 0.6389326843750001 0.6236710484375 0.627359415625 0.609912984375 0.6238131703125 0.6037021499999999 0.6324227203125 0.593536165625 0.6396560140625 0.5902685265625001 0.649782621875 0.5938992359374999 0.6736524875 0.59644073125 0.6975223515625 0.595714590625 0.8038517484375 0.598982228125 0.824104965625 0.6055175046875 0.8327849171875 0.6091482125 0.8284449421875 0.610600496875 0.8161483453124999 0.6233079781249999 0.6910123890625 0.628754040625 0.657015915625
0 0.59208388125 0.6411026718749999 0.5772311828125 0.615851590625 0.5699365578125 0.6230194421874999 0.5641274234375 0.6259127578125 0.5604967140625 0.634592709375 0.5583182890625 0.6476126343749999 0.559770571875 0.663525878125 0.567031990625 0.8414648671875 0.5699365578125 0.8588247687499999 0.57501955 0.86316474375 0.5819178968750001 0.8414648671875 0.5891793140625 0.793001809375 0.589542384375 0.6866724125 0.59208388125 0.6411026718749999
2 0.5307249015625 0.6295294046875 0.5339925390625 0.6996923390625 0.531087971875 0.752495371875 0.5350817515624999 0.80529840625 0.545973878125 0.790831821875 0.554324509375 0.694629034375 0.56013364375 0.6490592921875 0.5604967140625 0.628082746875 0.5496045875 0.6215727828125 0.5325660531249999 0.6216418296875 0.5307249015625 0.6295294046875
2 0.51765435 0.7785352249999999 0.5238265546875 0.7633453109375 0.533266396875 0.675822475 0.53471868125 0.6230194421874999 0.5096887921875 0.6252607296875 0.5074883640625 0.7018623265625 0.5074883640625 0.759728665625 0.5096667890625 0.774918578125 0.51765435 0.7785352249999999