10 0.4662107390625 0.592407259375 0.46901002187499996 0.6827524671874999 0.475728284375 0.7374055875 0.49476342031250004 0.7362902328125001 0.490844440625 0.688329284375 0.48923331562500005 0.59441964375 0.4662107390625 0.592407259375
10 0.46683533125 0.577678571875 0.4365383203125 0.5868303984375001 0.43821790624999996 0.625868421875 0.44493616874999997 0.67494476875 0.4522143234375 0.7452132437500001 0.477407871875 0.7440978890625 0.4678903265625 0.660445025 0.46683533125 0.577678571875
8 0.43821790624999996 0.580138140625 0.4236616421875 0.5678690640624999 0.4073406859375 0.58465401875 0.4057462046875 0.6225222718750001 0.41358420625000003 0.6838677359374999 0.41414405312499997 0.748559309375 0.4247813390625 0.7742129015625 0.4387777546875 0.7585976750000001 0.439337603125 0.70840593125 0.43821790624999996 0.580138140625
14 0.386151221875 0.6805216281249999 0.40854548749999997 0.6002148296875001 0.3928695265625 0.57121525625 0.371035109375 0.5667536671875 0.36375695625 0.6214070015625001 0.3534455359375 0.6488281265625 0.386151221875 0.6805216281249999
13 0.36711612968749996 0.5578306984375 0.360957671875 0.504292846875 0.36044490625000003 0.4074776796875 0.3631971078125 0.37937116249999997 0.31840857499999997 0.3782558078125 0.30833118125 0.5165619234375 0.30217272500000003 0.5567153421875 0.322327596875 0.579022784375 0.3447218640625 0.582368978125 0.36711612968749996 0.5578306984375
13 0.3116903125 0.5098697078125001 0.30721144218749996 0.46860093125 0.3058498203125 0.39073660781249997 0.3100107265625 0.34367924843750003 0.27753906562499997 0.3414485375 0.260183475 0.445178134375 0.260183475 0.5098697078125001 0.2825777421875 0.519908071875 0.2971340484375 0.53106179375 0.3116903125 0.5098697078125001
2 0.4818867421875 0.5879458390625001 0.49476342031250004 0.672714015625 0.5037211171875 0.73294416875 0.5249956874999999 0.7251365125 0.517717534375 0.6615602953125 0.5144310484375 0.581863840625 0.4818867421875 0.5879458390625001
2 0.51491825 0.5812535375000001 0.523875990625 0.67717560625 0.5333935375000001 0.739636384375 0.554108215625 0.7295980171875 0.542351234375 0.6526373265625 0.541728590625 0.5804687515625 0.51491825 0.5812535375000001
0 0.5893792453125 0.751905459375 0.5832207875 0.701713715625 0.574263046875 0.6225222718750001 0.5676262609375 0.5693080375 0.545710365625 0.5779073875 0.5401118 0.6147147000000001 0.54515051875 0.6492913031249999 0.5574673890625 0.688329284375 0.5625061078125 0.7407517390625 0.5776222203125 0.7742129015625 0.5893792453125 0.751905459375
6 0.619051578125 0.6994830046875 0.6095340328125001 0.6080224421875 0.603323046875 0.5469866078125001 0.5770623296874999 0.5622922046875 0.5703440671875 0.595753365625 0.5787419171875 0.62363766875 0.5932982234375 0.6805216281249999 0.6028157703125 0.7295980171875 0.6168121859375 0.7307133734375 0.619051578125 0.6994830046875
6 0.64144584375 0.6124839484375 0.6418195828125 0.5372209828125001 0.6095340328125001 0.5388694078125 0.600576378125 0.57121525625 0.6095340328125001 0.6046764203125 0.62129105625 0.668252553125 0.6403261484375 0.7217904468749999 0.653762759375 0.6860984890624999 0.64144584375 0.6124839484375
5 0.7048139140624999 0.36981026875 0.66831898125 0.355948365625 0.667759175 0.4418320265625 0.6632803046875 0.5210235125 0.6979914 0.5433309546875 0.72094555625 0.50206209375 0.705829359375 0.454101103125 0.7048139140624999 0.36981026875
5 0.745019325 0.3938709921875 0.73281139375 0.33911830468750004 0.7052695531250001 0.34367924843750003 0.7119878171875 0.4217552953125 0.7131075124999999 0.48310075937499997 0.7321426890625 0.5087543515624999 0.7573362390625 0.48756226406250003 0.76629389375 0.4462934890625 0.745019325 0.3938709921875