11 0.486599846875 0.285198565625 0.475851175 0.3076833484375 0.47262657499999994 0.4083295203125 0.47262657499999994 0.43509711875 0.4672522375 0.47685457343750004 0.4672522375 0.4971979484375 0.473701440625 0.515399915625 0.48982444999999997 0.515399915625 0.504872590625 0.5100463953125 0.510784359375 0.506834284375 0.5118592265624999 0.44687486249999997 0.509172059375 0.41368304062499994 0.5000356874999999 0.288410678125 0.486599846875 0.285198565625
11 0.467789671875 0.49933935625 0.46993940624999997 0.4897030203125 0.46993940624999997 0.4650768296875 0.469401971875 0.43188500625000004 0.47047683906250004 0.290552084375 0.45495192500000003 0.2992159203125 0.447904628125 0.3312388359375 0.44306772499999997 0.36228925 0.441455425 0.40404670468750004 0.4398431234375 0.422248671875 0.43608108906250004 0.44901627031249997 0.435006221875 0.477925278125 0.43715595625 0.4939858359375 0.443605159375 0.5111171 0.45220409687499996 0.5111171 0.4581158671875 0.5111171 0.463490203125 0.506834284375 0.467789671875 0.49933935625
9 0.397923303125 0.4297436 0.395236134375 0.48542020468749997 0.408134540625 0.527177659375 0.42049551406249996 0.51968273125 0.439305690625 0.47685457343750004 0.43823082343750003 0.3965517765625 0.42264524843749995 0.28412786093750003 0.4113591421875 0.2434411109375 0.4006621234375 0.2617179328125 0.3984607359375 0.3398044671875 0.397923303125 0.4297436
15 0.39577356875 0.24129970312500001 0.3845364390625 0.276717128125 0.38018799375 0.310895459375 0.3683644546875 0.39976388906250004 0.3597655171875 0.46614753281250004 0.3597655171875 0.48542020468749997 0.36191525156250004 0.4939858359375 0.37911312656249996 0.512187803125 0.3920115328125 0.48756161249999996 0.40276020468749996 0.488632315625 0.409209409375 0.474713165625 0.4118965765625 0.42760219062499993 0.408134540625 0.3216025 0.39577356875 0.24129970312500001
15 0.340955340625 0.37727910468750003 0.329669234375 0.44687486249999997 0.3291318015625 0.47043035 0.3334312703125 0.47899598125000004 0.3468671109375 0.4939858359375 0.3597655171875 0.4725717578125 0.3678270203125 0.4682889421875 0.3742762234375 0.44259204687500003 0.3683644546875 0.24665322343749999 0.36299011875 0.2391582953125 0.34959745937500003 0.259575190625 0.340955340625 0.37727910468750003
13 0.33611843750000003 0.352652915625 0.3269820671875 0.2637844859375 0.316770828125 0.2370168875 0.29369508906249997 0.2563610765625 0.29043658125 0.3365923546875 0.286674546875 0.378349809375 0.28183764375 0.40083459218749995 0.28022534375 0.43188500625000004 0.28022534375 0.45008697499999994 0.2909740140625 0.46400612656250007 0.3017226875 0.457581903125 0.3130087921875 0.47043035 0.3285943671875 0.45544049375 0.33611843750000003 0.45436979062500005 0.33826817187499997 0.4254607828125 0.33611843750000003 0.352652915625
13 0.2431424234375 0.3312388359375 0.23454348593750002 0.39119825625 0.2350809203125 0.41154163125 0.2409926890625 0.42331937656249996 0.2533536625 0.4254607828125 0.2608777328125 0.44045063906250004 0.28022534375 0.4254607828125 0.2850622453125 0.35372361875 0.2893617140625 0.24558251874999998 0.27270127187500004 0.2252391453125 0.25227879531249997 0.2434411109375 0.2431424234375 0.3312388359375
13 0.1963857 0.30875405312500004 0.180800125 0.3483700984375 0.1781129578125 0.36978417812500003 0.20068516875000003 0.3837033296875 0.205522071875 0.39976388906250004 0.22648198125 0.40618811250000003 0.2350809203125 0.40297599999999995 0.2409926890625 0.34087517031250003 0.2501290609375 0.233804775 0.2323937515625 0.2198856234375 0.21199162500000002 0.24136188125000002 0.1963857 0.30875405312500004
12 0.2603403 0.6267531265625 0.2544285296875 0.6556621328125 0.2565782640625 0.6706519875 0.2678643703125 0.657803540625 0.2764633078125 0.6385308703125 0.2872119796875 0.591419896875 0.2931237484375 0.556086665625 0.30763445625 0.5079049875 0.3049472890625 0.474713165625 0.299572953125 0.4682889421875 0.29473604999999997 0.4682889421875 0.2780756078125 0.4725717578125 0.2651772015625 0.4607940140625 0.252305834375 0.4599215859375 0.246904459375 0.477925278125 0.24367985781249998 0.49612724375 0.24529215781249997 0.518612028125 0.24153012343750002 0.55180385 0.23346861875 0.5817835609374999 0.228631715625 0.6310359421875 0.23078145 0.661015653125 0.24153012343750002 0.640672278125 0.25227879531249997 0.5978441203125 0.26625206874999996 0.5775007453125001 0.2657146359375 0.5999855281250001 0.2603403 0.6267531265625
12 0.31838312812499997 0.6010562312500001 0.3178456953125 0.6256824234375 0.31354622656250003 0.652450021875 0.3065595890625 0.678146915625 0.3049472890625 0.6995609953125 0.310321625 0.7081266265624999 0.31945799531249996 0.6952781796874999 0.3312815359375 0.6642277640625001 0.3447173765625 0.6106925671875 0.3549286140625 0.5742886328125001 0.3640649859375 0.5582280734375 0.373738790625 0.5432382171875 0.37588852500000003 0.5207534359375 0.3699767546875 0.5025514671875 0.3597655171875 0.5025514671875 0.3468671109375 0.5025514671875 0.3307441015625 0.480066684375 0.32110875 0.48777723437500004 0.31247135937500004 0.48113738906250003 0.3044098546875 0.488632315625 0.299572953125 0.5100463953125 0.3006478203125 0.532531178125 0.29581091718749997 0.5625108890625 0.2845248125 0.6106925671875 0.2694766703125 0.669581284375 0.268401803125 0.6824297328125 0.28237507812499996 0.6792176203125 0.29258631562500004 0.652450021875 0.305484721875 0.6181874953125 0.31838312812499997 0.6010562312500001
14 0.39472902187500003 0.5347179515625 0.38075574843750004 0.5143745765625 0.363035528125 0.5242038515624999 0.35818353593749996 0.5507785109375 0.35549636875 0.5818289265625001 0.35227176718750003 0.62037426875 0.3474348640625 0.6524953874999999 0.3442102625 0.7338688875 0.3603332703125 0.7199497359375 0.3716193765625 0.6910407296875001 0.38559265 0.62358638125 0.39472902187500003 0.5946773734375 0.4092397296875 0.5497078078125 0.402790525 0.5304351375 0.39472902187500003 0.5347179515625
14 0.43386436718750004 0.5652151109375 0.42669008750000004 0.54640855 0.42178136874999994 0.5418949750000001 0.4146070875 0.5321155640625 0.3991545796875 0.534475565625 0.3942170265625 0.5546834359374999 0.3911962765625 0.5832694078125 0.3911962765625 0.6050850171875 0.39308424531249997 0.64044135 0.391951465625 0.68256804375 0.39044108906249997 0.7307128374999999 0.393839434375 0.749519396875 0.40327927656250007 0.745005821875 0.4115863390625 0.7239424750000001 0.4221589625 0.6411936125000001 0.42895564999999997 0.5983146546875 0.43386436718750004 0.5652151109375
8 0.46218389687499994 0.59380108125 0.46142870937499997 0.5396381890625 0.4440956890625 0.5254427921875 0.43386436718750004 0.5366291390625 0.42895564999999997 0.5441517625000001 0.42782286875000003 0.5546834359374999 0.427445275 0.5847739328125 0.42631249374999997 0.64044135 0.42517971250000003 0.6750454203125 0.42442452499999994 0.6976132921875 0.42857805625 0.7299605734375 0.43575233593749996 0.748767134375 0.4455697734375 0.7570420203125 0.4546320234375 0.6908429296875 0.46218389687499994 0.59380108125
10 0.460673521875 0.5501698625 0.463694271875 0.59380108125 0.47237892812500004 0.703631390625 0.479175615625 0.7307128374999999 0.4871050828125 0.7277037875000001 0.48937064531249996 0.59229655625 0.484127265625 0.535228296875 0.46671502187499997 0.5291065140625 0.460673521875 0.5358768765625 0.460673521875 0.5501698625
10 0.4890367984375 0.5292064484375001 0.48672748906249996 0.5441517625000001 0.4889930515625 0.5734899953125 0.4897482390625 0.610350853125 0.49201380156249996 0.6494684984375 0.4957897390625 0.68332030625 0.502586425 0.7239424750000001 0.5139142375 0.7337218859375 0.514669425 0.67955899375 0.511648675 0.59304881875 0.5124038625 0.5403904515625 0.50447439375 0.531363303125 0.4890367984375 0.5292064484375001
2 0.5177246984375 0.6599767359375 0.525276571875 0.7013511671875 0.530940478125 0.7096260531249999 0.532828446875 0.5952821703125 0.536981978125 0.527578553125 0.5116831984375 0.5238172421875 0.5109280109375 0.5343489156250001 0.5143263546875 0.5990434812500001 0.5177246984375 0.6599767359375
2 0.5513305390625 0.5305876031250001 0.5283130609375 0.548024725 0.5267869468749999 0.5606781 0.527542134375 0.5697052484375 0.536226790625 0.6028047937500001 0.5486873828125 0.68404913125 0.5558616640625 0.7111305781249999 0.5592600078125 0.708873790625 0.5630359453125 0.662233521875 0.5562392578125 0.6028047937500001 0.5573720390625 0.573466559375 0.5547288828125 0.536605703125 0.5513305390625 0.5305876031250001
0 0.5909778796875 0.5839982328125 0.5887123187500001 0.5373579656249999 0.5736318265625 0.5216791375 0.5566168515625 0.533596653125 0.5539736953125 0.5433760640624999 0.5547288828125 0.5591735734375 0.5581272265624999 0.580989184375 0.56869985 0.6419224375 0.5781396937500001 0.7036079546875 0.5883347234375 0.754761796875 0.5924882546875 0.77432061875 0.5977745671875 0.77432061875 0.6007953171875 0.7442301234375 0.5939986296875001 0.672012934375 0.5909778796875 0.5839982328125
6 0.5898450984375 0.550146425 0.5898450984375 0.574971084375 0.6004177234375 0.6343998140625 0.6079695984375 0.6810400828125001 0.620430190625 0.7321939265624999 0.624961315625 0.7321939265624999 0.6264716906250001 0.7111305781249999 0.621940565625 0.6201068281250001 0.622695753125 0.5892640703125 0.624961315625 0.536605703125 0.6053549625 0.5277009859375 0.5898450984375 0.550146425
6 0.6555464078125001 0.5170468796875001 0.632923878125 0.5156572875000001 0.618164628125 0.5396147515624999 0.620052596875 0.5569167875 0.6310028140624999 0.5892640703125 0.6411978453125 0.644179225 0.6510152828125 0.68781044375 0.66385346875 0.7261758265625 0.6785796234375 0.7487436984375 0.6831107484375 0.750248221875 0.67895721875 0.715644153125 0.6608327187499999 0.621611353125 0.6566791875 0.578732396875 0.6555464078125001 0.5170468796875001
4 0.710297496875 0.6569676859375 0.715583809375 0.69006723125 0.7261564328125 0.6870581812500001 0.7246460578125 0.6298862390625 0.715961403125 0.60054800625 0.708409528125 0.5606781 0.708031934375 0.4967357953125 0.6989696859375 0.485451859375 0.6921729984375 0.494479009375 0.6853763109375001 0.491469959375 0.6748036875000001 0.50576294375 0.6574715421875 0.5081299765625 0.6506376890625 0.5253217671875 0.6517704703125 0.553155475 0.66234309375 0.5704575109375 0.6695173750000001 0.60054800625 0.67706925 0.64568375 0.6891522484375 0.69006723125 0.7004800609374999 0.711882840625 0.6993472781250001 0.6780310328125 0.6906626234375 0.6163455171875001 0.6917954046875 0.6088228921875001 0.7004800609374999 0.6163455171875001 0.710297496875 0.6569676859375
4 0.7620278375 0.6389133890625 0.7699573046875 0.6351520765625 0.76089505625 0.6095751546875 0.7503224312500001 0.5704575109375 0.7673141484375 0.5885118078125 0.7820403046875 0.6095751546875 0.7846834609375 0.6088228921875001 0.7843058671875001 0.5757233484375 0.7744884296875 0.5426238015625 0.7582519 0.4997448453125 0.7447101671875 0.4509224109375 0.7352186828125 0.4523523140625 0.7333307140625 0.4598749390625 0.7250236515624999 0.4666453 0.7223804953124999 0.47868149843749996 0.714073434375 0.48244281093749997 0.711052684375 0.4952312703125 0.7065215593749999 0.51328556875 0.703500809375 0.5320921281250001 0.7125630593750001 0.5456328515625 0.7254012453125 0.5666961984375 0.7450361203125 0.617850040625 0.7620278375 0.6389133890625
4 0.809604646875 0.577227871875 0.808094271875 0.5471373765624999 0.8012975843750001 0.5215604546875 0.8001648031249999 0.50801973125 0.8084718640625 0.51554235625 0.8171565203125001 0.5343489156250001 0.8197996765625 0.5403670140625 0.8220652390625001 0.5065152078125 0.8175341140624999 0.47868149843749996 0.804695928125 0.43505027968750004 0.798276834375 0.4057120453125 0.7865714296874999 0.3921713234375 0.7798322109375 0.3959730390625 0.7759988046874999 0.4057120453125 0.7680693359374999 0.4124824078125 0.7642934 0.42602313125 0.75258799375 0.43580254218750003 0.750700025 0.4606272015625 0.75183280625 0.48244281093749997 0.75862949375 0.5012493703125 0.7695797109375 0.51178104375 0.7809075234375 0.5320921281250001 0.7884593984375 0.5614303609375 0.797899240625 0.5832459703125 0.809604646875 0.577227871875
3 0.5298236875 0.2913434125 0.516966690625 0.4078244640625 0.5131907546875001 0.4364104359375 0.5109251921875 0.45371247031250006 0.5097924093749999 0.5116366765625 0.5282945031249999 0.517654775 0.5464190015625 0.51615025 0.5517053140625 0.5056185765625 0.5524605015625 0.45521699531250004 0.5517053140625 0.4326491234375 0.55887959375 0.28896700625 0.5475517828124999 0.27241723281249997 0.5298236875 0.2913434125
3 0.5830455921875 0.44468532187500004 0.5822904046875 0.30401225468750004 0.57360575 0.2972418921875 0.5634107187499999 0.32206655156249997 0.55661403125 0.43791496093750004 0.5528380953124999 0.46349188124999996 0.5517053140625 0.4792893921875 0.5513277203125 0.49583916562499997 0.5539708765625 0.5093798890625 0.55963478125 0.514645725 0.56945221875 0.5169025109375001 0.575116125 0.5138934625 0.5807800296875001 0.5078753640625 0.5845559671875 0.491325590625 0.5853111546875 0.4762803421875 0.5830455921875 0.44468532187500004
1 0.612497903125 0.2573719859375 0.605323621875 0.243079 0.5913816765625 0.2815579078125 0.5856887484375 0.37322039375 0.5853111546875 0.46725319374999996 0.5849335609375 0.4807939171875 0.5883319046875 0.490573328125 0.5943734046875 0.5041140515625 0.6004149046875 0.5138934625 0.604946028125 0.517654775 0.608344371875 0.5153979875 0.612497903125 0.5063708390625 0.6170290281249999 0.491325590625 0.619294590625 0.4762803421875 0.612497903125 0.2573719859375
7 0.629213821875 0.2746740203125 0.6231723234375 0.2536106734375 0.6185729359375001 0.274030596875 0.619294590625 0.3198097640625 0.618539403125 0.37547718125 0.617784215625 0.429640075 0.616273840625 0.450703421875 0.615518653125 0.46950998125 0.6245809015625 0.485307490625 0.639031259375 0.49583916562499997 0.647338321875 0.494334640625 0.6530022265625 0.4755280796875 0.653379821875 0.45973057031250003 0.647338321875 0.42437423750000003 0.629213821875 0.2746740203125
7 0.6465052109375 0.459705728125 0.668028053125 0.48076907343749997 0.6763351140625 0.4702374015625 0.6812438328125 0.460457990625 0.6823766140624999 0.44616500468750003 0.6793558640625 0.4228448703125 0.658965803125 0.273896915625 0.651036334375 0.2648697671875 0.645750021875 0.276153703125 0.6480155843750001 0.411560934375 0.6465052109375 0.459705728125
5 0.7099409546875 0.25960393125 0.6955923937499999 0.25584261875 0.6759575203125 0.28292406406250004 0.6778454890625001 0.3340779078125 0.6786006765625 0.370186503125 0.6748247390625 0.415322246875 0.6759575203125 0.44089916718750005 0.6774678953125 0.4499263171875 0.6914388640625 0.4589534640625 0.70314426875 0.44541274218750004 0.7125841109375 0.45143084062499994 0.7246671109375 0.43337654375 0.7265550796875 0.415322246875 0.7201359859375 0.380718175 0.7099409546875 0.25960393125
5 0.740526046875 0.24531094531250003 0.7239119234375 0.23628379531250002 0.7167376421875 0.25584261875 0.7216463609375 0.34310505625 0.7205135796875 0.3731955515625 0.7231567359375 0.3972679484375 0.7276878609375 0.4183312953125 0.739770859375 0.4258539203125 0.7465675468749999 0.42510165781250003 0.7544970140625 0.4032860484375 0.7605385140625 0.39425889999999997 0.7650696390625 0.3822227015625 0.7654472328125 0.37093876406250004 0.7590281390625 0.3461141046875 0.740526046875 0.24531094531250003
5 0.8032066046875 0.3318211203125 0.8001858546875 0.3160236109375 0.7952771375000001 0.3069964609375 0.79036841875 0.29496026249999996 0.7745094828125 0.2633652421875 0.7624264828125 0.25208130624999997 0.7518856375 0.25596505 0.7582729515625 0.3265552828125 0.7612937015625 0.34310505625 0.7662024203125 0.3731955515625 0.7699783578125 0.3822227015625 0.78281654375 0.389745325 0.7877252625 0.3882408 0.79187879375 0.37846138906250004 0.79414435625 0.37093876406250004 0.8001858546875 0.361911615625 0.8035841984375001 0.3528844671875 0.8047169796875 0.34235279375 0.8032066046875 0.3318211203125