11 0.47908629999999996 0.3954784046875 0.468337628125 0.3826299578125 0.45333935625 0.40421028750000004 0.44899001875 0.4779226078125 0.44899001875 0.49933668750000004 0.444153115625 0.5250335828125 0.4409285140625 0.5453769578125 0.44307824843750004 0.5625082203125 0.44737771718749997 0.5774980765625 0.45758895624999996 0.5860637078125001 0.47478683125 0.5839223 0.48499807031250003 0.5774980765625 0.48768523750000004 0.5625082203125 0.48768523750000004 0.5057609109375 0.47908629999999996 0.3954784046875
11 0.414056834375 0.5014780953125 0.40868249843750004 0.532528509375 0.4129819671875 0.5571547015625 0.42050603750000004 0.5742859640625 0.4344793109375 0.5774980765625 0.451139753125 0.5710738531249999 0.44899001875 0.5378820296875 0.44630285000000003 0.4961245765625 0.4452279828125 0.3976198125 0.4328670109375 0.3804885484375 0.4210879890625 0.40099617500000007 0.414056834375 0.5014780953125
9 0.3909471890625 0.588205115625 0.3973963921875 0.58927581875 0.40008355937499995 0.5839223 0.41835630312500005 0.5186093578125 0.3973963921875 0.361215878125 0.3882600203125 0.343013909375 0.372173415625 0.38492560781249996 0.3737493140625 0.5314578062499999 0.3844979859375 0.57535666875 0.3909471890625 0.588205115625
15 0.3646129421875 0.43509444999999997 0.3581637390625 0.386912771875 0.3458347984375 0.3902824640625 0.34365303125 0.5014780953125 0.337203828125 0.55180118125 0.3409658640625 0.5742859640625 0.3495648015625 0.5860637078125001 0.358701171875 0.5839223 0.365687809375 0.5721445562499999 0.3710621453125 0.57535666875 0.37912365000000003 0.5732152609375001 0.38503541874999997 0.559296109375 0.38879745468750004 0.5357406218749999 0.38073595 0.49933668750000004 0.3646129421875 0.43509444999999997
15 0.34365303125 0.5250335828125 0.330754625 0.3804885484375 0.3221556875 0.37406432500000003 0.3141209546875 0.3817114953125 0.31086958125 0.4640034578125 0.3081824140625 0.4886296484375 0.30603267968750003 0.5089730234375 0.302808078125 0.5250335828125 0.30227064375 0.5443062546874999 0.3054952453125 0.5614375171875 0.30925728124999996 0.5710738531249999 0.317318784375 0.576427371875 0.3232305546875 0.579639484375 0.3339792265625 0.5700031484375 0.345802765625 0.552871884375 0.34365303125 0.5250335828125
13 0.30065834375 0.4811347203125 0.30065834375 0.422246003125 0.297433740625 0.3911955875 0.28614763593750003 0.36549869375 0.263056290625 0.3902824640625 0.26250055781250003 0.468286271875 0.2555139203125 0.4854175359375 0.2469149828125 0.5089730234375 0.2490647171875 0.5368113265625001 0.26088825625 0.556083996875 0.27217436093749997 0.5625082203125 0.2737866625 0.5571547015625 0.28668506875 0.5678617406249999 0.2968963078125 0.5614375171875 0.3038829453125 0.5453769578125 0.3065701125 0.5186093578125 0.30065834375 0.4811347203125
13 0.2619631234375 0.38905418125 0.2533641859375 0.35372095 0.23509144218750003 0.3569330609375 0.2270422625 0.38492560781249996 0.22111816874999998 0.43509444999999997 0.2098320625 0.4565085296875 0.2006956921875 0.48648824062499996 0.20230799375 0.515397246875 0.210369496875 0.532528509375 0.2162812671875 0.5346699171875 0.22488020468749997 0.547518365625 0.236166309375 0.5496597734375 0.250139584375 0.5410941421875 0.2571262203125 0.515397246875 0.256051353125 0.48755894375000003 0.2619631234375 0.38905418125
12 0.2341841734375 0.588603890625 0.2249078171875 0.5578024703125 0.21784011718750002 0.55956255 0.2076802984375 0.5754032812500001 0.1873811265625 0.574717465625 0.17366699218749998 0.60004441875 0.1732252609375 0.6255655953125 0.1838268109375 0.6651674234375 0.18515200468749998 0.712689615625 0.1935448984375 0.730290428125 0.20149606250000002 0.721490021875 0.20414644843750002 0.6757279109375001 0.2085637609375 0.686288396875 0.2076802984375 0.719729940625 0.22093223593750003 0.711809575 0.22844166718749997 0.6414063265625 0.2341841734375 0.588603890625
12 0.2717313296875 0.679248071875 0.2779155671875 0.6458065296875 0.2898423109375 0.61588515 0.2916092359375 0.5771633625 0.2752651796875 0.56484279375 0.2651053609375 0.5630827125 0.2505282296875 0.555162346875 0.23818864999999997 0.563269809375 0.23153378593750001 0.578043403125 0.2310920546875 0.599164378125 0.23153378593750001 0.6246855546875001 0.2279999359375 0.6642873812500001 0.2204905046875 0.7109295343750001 0.22579127968749999 0.717969859375 0.2341841734375 0.7109295343750001 0.2505282296875 0.6748478687499999 0.23462590468750003 0.7285303453124999 0.2452274546875 0.7285303453124999 0.2580376609375 0.714449696875 0.2717313296875 0.679248071875
12 0.3216469609375 0.7320505093749999 0.3309233171875 0.6783680328125 0.3547768046875 0.61764523125 0.3490342984375 0.586843809375 0.3428500609375 0.5842036875 0.3340154359375 0.5877238499999999 0.3216469609375 0.58596376875 0.3110454109375 0.5701230374999999 0.29650685 0.5729562875 0.2885171171875 0.5877238499999999 0.2863084609375 0.6282057171875 0.2708478671875 0.698608965625 0.2615715109375 0.7390908328125 0.2708478671875 0.7452511171875 0.29691001093749997 0.69948900625 0.3066280984375 0.695088803125 0.3079532921875 0.7153297375000001 0.29691001093749997 0.7478912390625 0.2885171171875 0.7637319703125 0.3017690546875 0.7707722953125 0.3216469609375 0.7320505093749999
14 0.3640830671875 0.5833510640624999 0.3539232484375 0.5824710234375 0.34510535 0.602015721875 0.3437634296875 0.6255930125 0.3446468921875 0.6643148 0.3402295796875 0.7197573578124999 0.3415547734375 0.773439834375 0.3481807421875 0.778720078125 0.3578988296875 0.757599103125 0.3782184671875 0.6607946375 0.38970347968749997 0.63439341875 0.3936790609375 0.6097522828125 0.38661136093750004 0.5859911859375 0.37733500468750003 0.5965516734375 0.3640830671875 0.5833510640624999
14 0.3799853921875 0.6282331343750001 0.3764515421875 0.6669549203125 0.3742428859375 0.7171172359375 0.3733594234375 0.78312028125 0.3879365546875 0.76903963125 0.4020719546875 0.7162371953125 0.41179004218750004 0.659914596875 0.4223915921875 0.6247129734375 0.4091396546875 0.5930315109375 0.3994215671875 0.5859911859375 0.383100540625 0.5932098328125 0.3799853921875 0.6282331343750001
8 0.4104648484375 0.7206373984375001 0.4104648484375 0.78312028125 0.4184160109375 0.801601134375 0.43078448593749996 0.78664044375 0.4506623921875 0.643193825 0.4515458546875 0.6027119562500001 0.43343487343750003 0.5877512671875 0.4131152359375 0.6194327281249999 0.4135569671875 0.6581545156249999 0.4104648484375 0.7206373984375001
10 0.4449198859375 0.6361535 0.4564048984375 0.7267976828125 0.4634725984375 0.773439834375 0.4731906859375 0.77255979375 0.4802583859375 0.73383800625 0.4780497296875 0.6467139875 0.47584107343750004 0.5939115515625 0.4572883609375 0.5939115515625 0.4435946921875 0.6106323234375 0.4449198859375 0.6361535
10 0.503271378125 0.59232924375 0.4749576109375 0.5930315109375 0.47937492343750004 0.6581545156249999 0.48246704218750003 0.75143881875 0.49174339843750003 0.78312028125 0.5027866796875 0.7602392250000001 0.503271378125 0.59232924375
3 0.48909301093749996 0.49446696250000005 0.4873260859375 0.525268384375 0.4864426234375 0.5507895609375 0.4877678171875 0.5754306984374999 0.5129464984375 0.5833510640624999 0.5306157484375 0.5727905765625 0.5350330609375 0.5437492374999999 0.5297322859375 0.49798712656250005 0.5213393921875 0.394142334375 0.5094126484375 0.388862090625 0.490459046875 0.403883209375 0.48909301093749996 0.49446696250000005
3 0.5293378468750001 0.40652497500000007 0.5284070921875 0.498867165625 0.5244315109375 0.53318875 0.5213393921875 0.560470009375 0.5288488234375001 0.5745506578125 0.5447511484375 0.5789508609375 0.5610952046875 0.5736706171875 0.5681629046875 0.551669603125 0.5681629046875 0.5261484249999999 0.5641873234375 0.4962270453125 0.5584448171874999 0.411743146875 0.5460763421875 0.3844618875 0.5293378468750001 0.40652497500000007
1 0.5672794421875 0.45838529843750003 0.5588865484375 0.5059074906250001 0.5655125171875001 0.542869196875 0.5739054109375 0.5692704140625 0.5783227234375 0.5877512671875 0.5849486921875 0.5895113484375 0.6012927484375 0.55606980625 0.6101273734375 0.41086310625 0.6096856421875 0.3598207515625 0.5920163921875 0.34662014218750004 0.5819125875 0.3748237734375 0.5672794421875 0.45838529843750003
7 0.6212331921875001 0.39507731874999996 0.6021762109375 0.4935869234375 0.5955502421875 0.525268384375 0.5920163921875 0.554309725 0.6008510171875 0.5771907796875 0.6136612234375 0.5719105359375 0.6207289234375 0.5859911859375 0.6361895171875 0.5754306984374999 0.6432572171875 0.5569498453125 0.6432572171875 0.4918268421875 0.6432572171875 0.38622196875000003 0.6295635484375001 0.378301603125 0.6212331921875001 0.39507731874999996
7 0.6282383546875 0.5472694 0.6432572171875 0.5719105359375 0.6675524359375 0.5807109421875001 0.6785957171875 0.562230090625 0.6768287921875 0.49446696250000005 0.6706445546875 0.385341928125 0.655693946875 0.3959579078125 0.6459076046875001 0.48038631406250004 0.6326556671875 0.52438834375 0.6282383546875 0.5472694
5 0.7245357671875 0.49974720625 0.7157011421874999 0.46982582656250005 0.7099586359375001 0.40470282187500006 0.692363725 0.38891319687500003 0.6830130296875 0.4407844859375 0.6808043734375 0.4707058671875 0.6808043734375 0.4918268421875 0.6768287921875 0.5226282624999999 0.6746201359375 0.5490294812500001 0.6838964921875 0.5683903734375 0.6927311171875 0.5719105359375 0.7086334421875 0.562230090625 0.7174680671875 0.5613500484375 0.7276278859375 0.5551897640625 0.7311617359375 0.5367089125 0.7245357671875 0.49974720625
5 0.7678663296875 0.455734209375 0.7581482421875 0.4434136421875 0.7431293796875 0.4302130328125 0.715779365625 0.385390840625 0.7144168484375 0.4205325859375 0.7201593546875 0.46805477812499996 0.7254601296875001 0.49709611875000004 0.7289939796875 0.5296576203125001 0.7369451421875 0.5419781890625 0.7479884234374999 0.5454983515625 0.7599151671875 0.5437382703125 0.7643324796875001 0.5226172953125 0.7731671046875 0.5217372546875 0.7775844171874999 0.5120568078125001 0.7762592234375 0.477735225 0.7678663296875 0.455734209375
5 0.8018796359374999 0.315807753125 0.7877935078125 0.32374961406249997 0.7705167171875 0.35892974375 0.7501970796874999 0.39237128593750004 0.7448963046875 0.4082120171875 0.7444545734375 0.427572909375 0.7524057359375 0.43989347968750003 0.7678663296875 0.455734209375 0.7806765359375001 0.46805477812499996 0.7912780859375 0.4671747375 0.7996709796875 0.43813339687499997 0.8018796359374999 0.4046918546875 0.8076221421875 0.33252852499999996 0.8018796359374999 0.315807753125
4 0.7842103859375 0.707425821875 0.7762592234375 0.6431828578125 0.7714001796875001 0.608861275 0.7758174921875 0.5560588390625 0.7643324796875001 0.5410981484375 0.7462638796875 0.5438968515625 0.7325278296875 0.552538675 0.7144168484375 0.5604590421875 0.7130916546875 0.5718995687499999 0.7166255046875001 0.60358103125 0.7259018609375001 0.630862290625 0.7329695609375 0.6722241984374999 0.7501970796874999 0.712706065625 0.7647742109375 0.7294268374999999 0.7665411359375 0.7118260249999999 0.7519640046875 0.6634237921875 0.7727253734375 0.7047857 0.7842103859375 0.707425821875
4 0.7183924296875001 0.7663885421875001 0.7095578046875 0.732066959375 0.7033735671875 0.71006594375 0.7042570296874999 0.6871848890625001 0.7188341609375 0.702145578125 0.7298774421875 0.7267867156250001 0.7466632296875 0.73822724375 0.7391537984375 0.714466146875 0.7329695609375 0.6942252125 0.7192758921875 0.6458229796875 0.7166255046875001 0.58598021875 0.7077908796875 0.567499365625 0.6976310609375 0.576299771875 0.6874712421875 0.574539690625 0.6830539296875 0.5868602593750001 0.6618508296875001 0.5868602593750001 0.6587587109374999 0.6071011937499999 0.6636177546875001 0.6343824515625001 0.6768696921874999 0.6590235890625 0.6848208546875 0.702145578125 0.6874712421875 0.72766675625 0.6954224046874999 0.7549480140625 0.7086743421875 0.7655085015624999 0.7183924296875001 0.7663885421875001
6 0.6472736984374999 0.58246005625 0.6388808046875 0.57893989375 0.6358127421875001 0.594090421875 0.6278375234375 0.5947806250000001 0.6212115546875 0.608861275 0.6212115546875 0.6247020062499999 0.6300461796875 0.6423028171875 0.6371138796875 0.6669439546875 0.6481571609375 0.723266553125 0.6689185296875 0.7971899640625 0.6742193046875 0.7866294765624999 0.6649429484375 0.630862290625 0.6627342921875 0.59302054375 0.6543413984375 0.57893989375 0.6472736984374999 0.58246005625
6 0.6207698234375 0.7857494359375 0.6300461796875 0.7901496390625 0.6282792546875 0.6695840765625001 0.6287209859375 0.60358103125 0.6044446203125 0.5888068875 0.5863147859375 0.6167816390625 0.5920572921875 0.6431828578125 0.6070761546875 0.7083058624999999 0.6207698234375 0.7857494359375
0 0.5655204328125001 0.7109558546875 0.5792141015625 0.784879265625 0.5867235328125 0.8165607265625001 0.5955581578125 0.806000240625 0.5973250828125 0.7197562609375 0.5906991140625 0.6018308203125 0.5691002562499999 0.5879262984375 0.5549188828125 0.61943163125 0.5571275390625 0.65463325625 0.5655204328125001 0.7109558546875
2 0.5292984703125 0.7875193859375 0.5381330953125001 0.788399428125 0.5659621640625 0.6167915109375001 0.5491763765625 0.5974306171875 0.534197696875 0.598493365625 0.5297402015625 0.613271346875 0.5319488578125 0.65815341875 0.5297402015625 0.7355969906250001 0.5292984703125 0.7875193859375
2 0.5306632609374999 0.5932098328125 0.5014694015625001 0.5912703328125 0.5098622953125 0.784879265625 0.5142796078125 0.784879265625 0.5323905890625 0.65815341875 0.5341575140625 0.5956705359375001 0.5306632609374999 0.5932098328125