10 0.49372245625 0.667276478125 0.48833380625 0.594080184375 0.4879034375 0.5565429703125 0.4878439390625 0.536499121875 0.461880609375 0.5443067203124999 0.46873882343749995 0.5979840015625 0.47510720781250004 0.6614207890625 0.47608694218750003 0.719977825 0.49372245625 0.715098071875 0.49372245625 0.667276478125
10 0.4413576265625 0.5516601578125 0.4432653609375 0.6214067937500001 0.444735 0.6721562296875 0.449143840625 0.7287613953125 0.4775565796875 0.7238816421875 0.472657834375 0.66532460625 0.4657995828125 0.5813929078125 0.467269221875 0.546258628125 0.4413576265625 0.5516601578125
8 0.4413058546875 0.5608978875 0.42114694531249997 0.5528808609375 0.4094640078125 0.594080184375 0.41093364687499995 0.6692284234375 0.4094640078125 0.7629196640625 0.4241602453125 0.775606978125 0.4359172421875 0.7434006515625 0.4378767484375 0.6887474359375 0.4422856265625 0.619454921875 0.4413058546875 0.5608978875
14 0.40652476875000004 0.62726251875 0.40995387499999997 0.5833447421875 0.3892998109375 0.5602050796875 0.3722335484375 0.5706573921875 0.37468292187499996 0.6262865453125 0.378112028125 0.695579059375 0.37958166718749997 0.76682348125 0.3923183984375 0.7775589234375 0.4021158890625 0.7590158484375 0.403585528125 0.68484361875 0.40652476875000004 0.62726251875
2 0.51546345625 0.5589843765625 0.487354071875 0.5384510296875 0.489313578125 0.6009119203125 0.4922528171875 0.6604448171875 0.49568192499999997 0.7229057046875 0.5142971734375 0.7160740062500001 0.51380730625 0.62726251875 0.51546345625 0.5589843765625
2 0.5466981453125 0.5455566421875 0.5187060515625 0.541378875 0.5167465453125 0.5911524140625 0.518216184375 0.6663005421875 0.5187060515625 0.7277854578125 0.541730140625 0.7111942546875001 0.5456491531250001 0.615551178125 0.5466981453125 0.5455566421875
0 0.5791577234374999 0.5638671890625 0.547608659375 0.5394269671874999 0.5441795140625 0.5979840015625 0.5466288875 0.6663005421875 0.5471187546875 0.7209537593750001 0.57553153125 0.702410684375 0.5770010953125 0.62043093125 0.5791577234374999 0.5638671890625
6 0.578470734375 0.561873896875 0.57945046875 0.6048156625 0.58287965 0.6887474359375 0.5902277687499999 0.76682348125 0.609332846875 0.76682348125 0.6112923140625 0.6038396890625 0.6105201453125 0.5538293875 0.5921872375 0.5384510296875 0.578470734375 0.561873896875
6 0.650972184375 0.7258335125 0.64656334375 0.62726251875 0.64775155 0.5699707046875 0.6289278296874999 0.5579700046875 0.6068834734374999 0.5687054828125 0.6112923140625 0.6126232593750001 0.6205999765625 0.682891671875 0.63039746875 0.756087965625 0.6460734390625 0.7736551046875 0.650972184375 0.7258335125
11 0.5005806703125 0.43987999999999994 0.495252775 0.3429199234375 0.459921103125 0.3335013890625 0.46384007812499994 0.4184090796875 0.4716781 0.5013648796875 0.49715156250000003 0.5033167875 0.5005806703125 0.43987999999999994
11 0.44074518124999995 0.3404785171875 0.4359172421875 0.4232888328125 0.43346786875000004 0.4672066078125 0.43738688124999997 0.505268696875 0.45747173124999996 0.5013648796875 0.4716781 0.48867752812500004 0.4613907046875 0.41157741718749996 0.45894133125 0.3276456828125 0.44074518124999995 0.3404785171875
9 0.42849628281249996 0.3355957046875 0.398196915625 0.336429271875 0.40113615625000004 0.42133692343750007 0.3977070109375 0.5150282015625 0.41534252499999996 0.5384510296875 0.4368969765625 0.511124384375 0.4305286296875 0.4086495734375 0.42849628281249996 0.3355957046875
15 0.37517278906249996 0.437928090625 0.36635506875 0.4964851265625 0.387419653125 0.520883890625 0.39917665 0.49355728125000004 0.40799440625 0.41938505312499996 0.403585528125 0.34911658437500004 0.375213578125 0.3612304703125 0.37517278906249996 0.437928090625
3 0.5142971734375 0.508196540625 0.5378111671875 0.5042927234375 0.5441795140625 0.44866356874999996 0.5334022890625 0.3422849421875 0.503214559375 0.3465820328125 0.5059693203125 0.44378381562499997 0.5142971734375 0.508196540625
1 0.57014288125 0.42621667656250006 0.5652441359375 0.49843703437500003 0.5931669703125 0.511124384375 0.6059037390625 0.4974610984375 0.5985556203125 0.43012049374999994 0.603944196875 0.31593426875 0.5736457203125 0.3233886734375 0.57014288125 0.42621667656250006
7 0.662450228125 0.3172851578125 0.634806309375 0.31788617656249996 0.6299075640625 0.4076736375 0.630887296875 0.4691585171875 0.6480329078125 0.49355728125000004 0.6705671671875 0.4662306734375 0.663708953125 0.39791413124999997 0.662450228125 0.3172851578125