11 0.4508681265625 0.5662444390625 0.45310385000000003 0.5940827421875 0.4553395734375 0.616353384375 0.46707712343749996 0.6286022375 0.4899932921875 0.61969398125 0.4899932921875 0.5640173765625 0.470430709375 0.4081228796875 0.4620467453125 0.39253343125 0.4531501484375 0.4104756671875 0.45366278125 0.535065540625 0.4508681265625 0.5662444390625
3 0.48663970624999997 0.56290384375 0.48943436093750003 0.6152398531250001 0.503407634375 0.624148109375 0.52352915 0.6141263203125 0.5240880796875 0.5450873296875 0.5201755640625 0.535065540625 0.509555875 0.40700934687499996 0.5011719109375 0.39921462343749997 0.49172278281250004 0.41270411874999996 0.4905522234375 0.5294978796875001 0.48663970624999997 0.56290384375
3 0.5246470109375 0.6152398531250001 0.5375024234375 0.6230345765624999 0.54700425 0.61858045 0.5593007296875 0.6063315953124999 0.55706500625 0.5651309078125 0.5363845609375 0.39253343125 0.5224112875 0.41369054062500005 0.5246470109375 0.5306114125 0.521293425 0.5651309078125 0.5246470109375 0.6152398531250001
1 0.5553882140625 0.5294978796875001 0.5525935578125 0.5617903109375 0.5548292828125 0.5773797609375 0.5715972109375 0.6174669171875 0.5810990375 0.6152398531250001 0.5956312421875001 0.5718121 0.574950796875 0.3914198984375 0.5648900390625 0.3747169171875 0.5598596609375 0.39698755937499997 0.5559471453125 0.49052425624999996 0.5553882140625 0.5294978796875001
7 0.5850115546875 0.5294978796875001 0.585570484375 0.5528820546875 0.5889240703125 0.576266228125 0.6129581015625 0.5929692109375 0.6297260296875 0.5662444390625 0.6235777890625 0.5161354953124999 0.609604515625 0.38807930156250003 0.6040152062499999 0.3747169171875 0.595701190625 0.388191146875 0.59339551875 0.49497838437499997 0.5850115546875 0.5294978796875001
7 0.6185474109375 0.5640173765625 0.6375510625 0.576266228125 0.6587904390625 0.5573361828125 0.6604672328125 0.542860265625 0.64984754375 0.46825361406250005 0.6375510625 0.3836251734375 0.6270065171875 0.3781631140625 0.6196652734375 0.4604588890625 0.6129581015625 0.5306114125 0.6185474109375 0.5640173765625
5 0.645376096875 0.517249028125 0.657672578125 0.5484279265625001 0.6727637140625 0.5484279265625001 0.6867369875 0.5384061359375 0.697356675 0.535065540625 0.7057406390625001 0.5083407703125 0.6951209515625 0.46602655000000004 0.6722047828125 0.3702627875 0.6543189921875 0.372489853125 0.6464939578125 0.4816159984375 0.645376096875 0.517249028125
5 0.6940030890625 0.40478228437499997 0.691208434375 0.45934535781249997 0.6945620203125 0.49052425624999996 0.7035049156250001 0.5094543015624999 0.72139070625 0.5094543015624999 0.7398354265625 0.48718366093750004 0.7465425984375 0.453777696875 0.73201039375 0.41146347656250004 0.7102120875 0.3435380171875 0.6995923984375 0.3357432921875 0.69073521875 0.35476436875 0.6940030890625 0.40478228437499997
5 0.7364818421875 0.445982971875 0.7459836671875 0.46602655000000004 0.7593980109375 0.47048067812500005 0.772812353125 0.43484765000000003 0.783990971875 0.4248258609375 0.7817552484375 0.40366875156250004 0.7577212171875 0.3468786140625 0.73424611875 0.3190403109375 0.72818980625 0.336936753125 0.7348050484375 0.4192582015625 0.7364818421875 0.445982971875
4 0.739276496875 0.6698029265625001 0.72139070625 0.6174669171875 0.7057406390625001 0.5361790734375 0.6878548484375 0.53951966875 0.67332264375 0.559563246875 0.6543986796875 0.5753811062499999 0.6476118203125 0.5940827421875 0.654877921875 0.607445128125 0.6744405062500001 0.6419646234374999 0.6962388140625 0.7176848062500001 0.714683534375 0.7343877890625 0.72139070625 0.7176848062500001 0.7090942250000001 0.6820517796875001 0.7057406390625001 0.65309994375 0.72027284375 0.6865059078125 0.7359229109375 0.7076630171875 0.7437479437500001 0.6998682921875 0.739276496875 0.6698029265625001
4 0.8365803796875 0.5484112750000001 0.83155 0.5250271 0.8181356578125 0.47714521875000004 0.8002498671874999 0.427036275 0.7896301796875 0.42035508125 0.7588889765625 0.471577559375 0.7505050125 0.4738046234375 0.74999173125 0.5040706453125 0.7555353921875 0.52614063125 0.769508665625 0.5395030171874999 0.780687284375 0.5528654015625001 0.79801414375 0.5795901734375 0.8091927625 0.5795901734375 0.8175767265625 0.577363109375 0.8231660359375 0.5640007234375 0.8080749 0.5439571453125 0.804721315625 0.53393535625 0.83210893125 0.56511425625 0.8365803796875 0.5484112750000001
4 0.7896301796875 0.6374938421875 0.7896301796875 0.610769071875 0.767831871875 0.5528654015625001 0.7477103578125 0.48493994375 0.7376496 0.4905076046875 0.7292656359375 0.5083241187499999 0.7158912859375001 0.526355165625 0.70299588125 0.5317082921875 0.7024369515625 0.5550924671875 0.710820915625 0.5795901734375 0.7247941890625 0.601860815625 0.7426799796875 0.641947971875 0.7667140109374999 0.67089980625 0.7773336984375 0.6486291640624999 0.76168363125 0.6241314578125 0.756653253125 0.6007472828125 0.768949734375 0.6263585218750001 0.7829230078125 0.6464021 0.7896301796875 0.6374938421875
6 0.663870715625 0.6285855859375 0.6571635437500001 0.5751360453125 0.6359241671875 0.5829307703125 0.6197151703125 0.6118826046875 0.63203773125 0.6511484703125 0.6711368171875 0.7588688421875001 0.68175650625 0.7533011828125 0.6722546796875 0.6720133390624999 0.663870715625 0.6285855859375
6 0.5884934890625 0.6474827015625 0.5975712421875 0.673182703125 0.6162045265625 0.716016040625 0.6348378109375 0.7550419671874999 0.648215553125 0.7712234515625 0.6601599671875 0.7721753031249999 0.63722669375 0.6941234453125 0.6200267390625 0.6017938093749999 0.6057588640625 0.61044006875 0.58992681875 0.6332049234375 0.5884934890625 0.6474827015625
0 0.5574380156250001 0.6531938140625 0.561738003125 0.685556778125 0.5698602046875 0.71220863125 0.5755935234375 0.7464753 0.588971265625 0.7807419703125 0.602826784375 0.7978753046875 0.6162045265625 0.794067896875 0.599004571875 0.6941234453125 0.599004571875 0.6503382578125 0.5837157234375 0.6255901078125 0.5741601937499999 0.62463825625 0.5574380156250001 0.6531938140625
2 0.526382540625 0.6798456671875 0.5340269656250001 0.7045938171875 0.5540935796875 0.7712234515625 0.567471321875 0.788356784375 0.5736824171875 0.7750308578125 0.5612602265625 0.700786409375 0.5612602265625 0.670327146875 0.5583935671875 0.6474827015625 0.5373714015625 0.64367529375 0.526434803125 0.6552049859375 0.526382540625 0.6798456671875
2 0.528293646875 0.713160484375 0.52733809375 0.65604936875 0.499674878125 0.659967209375 0.49962705625000003 0.69317159375 0.50774925625 0.7360049296875 0.526382540625 0.8045382671875 0.5345047421875 0.803586415625 0.528293646875 0.713160484375
10 0.498671503125 0.710304928125 0.49819372656249994 0.6579530734375 0.4705256734375 0.6609196546875 0.470960465625 0.700786409375 0.47382712343750005 0.7360049296875 0.482904878125 0.7959716 0.4938937375 0.7997790078125 0.498671503125 0.710304928125
10 0.43703833281250004 0.719823446875 0.43082723749999996 0.78645308125 0.43464945000000005 0.7921641937499999 0.4480271921875 0.7826456734375 0.463316040625 0.7141123359375 0.47334934687499997 0.6598567765625 0.4618827109375 0.6550975171875 0.4470716390625 0.6550975171875 0.4370757671875 0.6628245453125 0.43464945000000005 0.69602715 0.43703833281250004 0.719823446875
8 0.40024954062500007 0.670327146875 0.39642732812500003 0.7331493734375 0.3969051046875 0.784549378125 0.40120509374999996 0.8092975265625 0.42031615312500004 0.77979011875 0.429871684375 0.7264864109375 0.43560500312499995 0.6893641859375 0.43560500312499995 0.666519740625 0.427005025 0.64367529375 0.41079369843749997 0.639965865625 0.40024954062500007 0.670327146875
14 0.4017144390625 0.6209169640625001 0.374927384375 0.6208308484375 0.3682385140625 0.6303493671875 0.366805184375 0.6503382578125 0.3663274078125 0.671279 0.3653718546875 0.700786409375 0.35056078125 0.769319746875 0.35438299375 0.7788382656249999 0.3696718421875 0.757897525 0.386871796875 0.719823446875 0.398338434375 0.6779419625 0.41076062343749997 0.6417715890625 0.4017144390625 0.6209169640625001
14 0.3352719328125 0.6570012203125 0.319983084375 0.7702715984374999 0.32714973281250004 0.7807419703125 0.36202741875 0.681749371875 0.37397183125 0.6427234421875 0.3758829375 0.6236864046874999 0.355338546875 0.597986403125 0.3390941453125 0.609408625 0.332405275 0.6217827 0.3352719328125 0.6570012203125
12 0.22820678593750002 0.487466009375 0.21291793750000002 0.4627178609375 0.20483785000000002 0.465668428125 0.196195759375 0.47414008281250003 0.1880735578125 0.5007919359375 0.1656180625 0.5502882359375 0.162751403125 0.5874104609375 0.186640228125 0.5655178671875001 0.16800694375 0.6016882390625 0.1813846875 0.6016882390625 0.2019290765625 0.6007363875 0.21674015 0.5759882390625 0.240628975 0.5388660140625 0.2411067515625 0.505551196875 0.22820678593750002 0.487466009375
12 0.26977334375 0.544577125 0.2563956 0.5141178640625 0.24449988125000002 0.5161480140625 0.2334623265625 0.561710459375 0.223906796875 0.6016882390625 0.2076623953125 0.6492808359375 0.20670684218750002 0.6711734296875 0.2358512109375 0.62834009375 0.2143512671875 0.6864030609375 0.2224734671875 0.6854512078125 0.24254008124999998 0.6683178734374999 0.2688177890625 0.6216771296875 0.2831510859375 0.6093030546875 0.28983995625 0.5607586078125 0.26977334375 0.544577125
12 0.3423953734375 0.5883623124999999 0.3194621015625 0.576940090625 0.30757684687500003 0.5618653734375 0.288884403125 0.5655178671875001 0.2831510859375 0.6045437953125 0.255440046875 0.714006765625 0.26786223593749997 0.723525284375 0.290795509375 0.6730771343749999 0.294617721875 0.6787882453125 0.2783733203125 0.7358993593750001 0.2831510859375 0.7425623234375001 0.30178436875000003 0.7282845453125 0.32137320625 0.669269725 0.3471731390625 0.62262898125 0.3423953734375 0.5883623124999999
13 0.22199569062500002 0.47414008281250003 0.23537343437499997 0.48841786093749995 0.2468400703125 0.4627178609375 0.2520956109375 0.3342178515625 0.23016420625 0.328516346875 0.2086179484375 0.39989563437500003 0.1990624171875 0.42940304375 0.202406853125 0.45510304531249995 0.22199569062500002 0.47414008281250003
13 0.240628975 0.47318823125 0.239673421875 0.5007919359375 0.2520956109375 0.5150697156249999 0.264995578125 0.5283956421875 0.27407333125 0.527443790625 0.286973296875 0.5150697156249999 0.295573275 0.4665252671875 0.29366216875 0.3713400765625 0.267436959375 0.3570896984375 0.255440046875 0.416077115625 0.240628975 0.47318823125
13 0.327106525 0.3684845203125 0.316117665625 0.3684845203125 0.3070399109375 0.3894252625 0.2941399453125 0.4665252671875 0.2831510859375 0.51031045625 0.282673309375 0.5388660140625 0.286973296875 0.5550474953125 0.288884403125 0.5626623109375 0.29987326406250003 0.5588549031250001 0.3079954640625 0.5674215703125001 0.31563988906249996 0.569325275 0.32901763125 0.5550474953125 0.3366620546875 0.5131660124999999 0.3294954078125 0.4788993421875 0.327106525 0.3684845203125
15 0.3438938875 0.40375950312500003 0.3314065140625 0.5112623078125 0.3256731953125 0.552191940625 0.3247176421875 0.5655178671875001 0.3285398546875 0.5807474984375001 0.338095384375 0.5883623124999999 0.34621758593749996 0.5921697203125 0.35051757499999997 0.59121786875 0.3581619984375 0.5845549046875 0.363417540625 0.5702771265625 0.365328646875 0.5388660140625 0.36150643437499996 0.40846229999999994 0.3438938875 0.40375950312500003
15 0.36102865781250004 0.4579586 0.35672866875000003 0.5464808296875 0.3562508921875 0.576940090625 0.36150643437499996 0.598832684375 0.3729730703125 0.605495646875 0.38443970781250003 0.5997845359375 0.3944730140625 0.58169935 0.3973396734375 0.5502882359375 0.388739696875 0.51031045625 0.3744064015625 0.4027511890625 0.36539739843749997 0.40185461250000004 0.36102865781250004 0.4579586
9 0.38396193125 0.5588549031250001 0.38443970781250003 0.5807474984375001 0.391128578125 0.6093030546875 0.40832853281250003 0.6150141671875 0.42266182968750005 0.577891940625 0.41883961718749996 0.527443790625 0.4150174046875 0.4056067453125 0.40737297968749997 0.39799192968749997 0.39741373593749996 0.4066168390625 0.3858730375 0.536962309375 0.38396193125 0.5588549031250001
11 0.43603957187500003 0.6254845375 0.4551506328125 0.6045437953125 0.45323952656250005 0.5579030515625 0.43842845468749997 0.41322156093749995 0.42608508437500003 0.4113790640625 0.42266182968750005 0.5407697171875 0.41979517031249997 0.5750363859375 0.42122849999999995 0.608351203125 0.43603957187500003 0.6254845375