10 0.46005232500000004 0.755251609375 0.489164853125 0.74186709375 0.47908745937499997 0.6459451109375001 0.47012971875 0.5734459249999999 0.44863696875 0.5804687515625 0.45389390937499996 0.7072905765625 0.46005232500000004 0.755251609375
10 0.47460858906250003 0.6214070015625001 0.484126134375 0.713982790625 0.5065204015625 0.698367565625 0.496932621875 0.5860491078125001 0.4673304359375 0.5745612796875 0.47460858906250003 0.6214070015625001
8 0.4298200578125 0.761943825 0.46005232500000004 0.756366965625 0.44829534375 0.5946379687500001 0.4298200578125 0.5767921171875 0.4241391734375 0.591629465625 0.42758062187499996 0.713982790625 0.4298200578125 0.761943825
14 0.394549071875 0.7463285984375 0.42310179375 0.7530208140625 0.42534118750000005 0.666021884375 0.42422149062500003 0.572330528125 0.3926420078125 0.5734933046874999 0.3939892234375 0.6559834343750001 0.394549071875 0.7463285984375
9 0.45501360625 0.528831040625 0.44933690625 0.42561384062499996 0.4555734546875 0.398332496875 0.4270207734375 0.40502471250000005 0.4236616421875 0.48756226406250003 0.4270207734375 0.572330528125 0.43989749375000003 0.5812535375000001 0.45501360625 0.5667536671875 0.45501360625 0.528831040625
13 0.35535910625 0.4909083734375 0.355545346875 0.3753906265625 0.35927812812500004 0.34367924843750003 0.31784872656249996 0.3425638921875 0.3111304640625 0.48087004999999994 0.3105705734375 0.5433309546875 0.33408457812500003 0.5589460953125001 0.352559821875 0.5366386546874999 0.35535910625 0.4909083734375
13 0.2610538515625 0.353069196875 0.26522219375 0.445178134375 0.260743365625 0.5054082015625 0.28201789375 0.5411001171875001 0.3066515953125 0.5422155140625 0.31336985781250004 0.4920237703125 0.3004931796875 0.3258333109375 0.2534652125 0.324717978125 0.2610538515625 0.353069196875
2 0.527235121875 0.62363766875 0.523875990625 0.57121525625 0.5011322453125 0.5860491078125001 0.509879575 0.7273673078125 0.527235121875 0.7229058015625001 0.527235121875 0.62363766875
2 0.5233161 0.5868303984375001 0.5266752734375 0.6615602953125 0.527235121875 0.731828728125 0.5546681062500001 0.7251365125 0.5496293890625 0.6615602953125 0.550827771875 0.57488839375 0.5233161 0.5868303984375001
0 0.5522276453125 0.6083705375 0.554108215625 0.6537527234375 0.5602666734375 0.7217904468749999 0.5798616125 0.7463285984375 0.588819353125 0.701713715625 0.5849003734375 0.6046764203125 0.5692243718750001 0.5656383968750001 0.5522276453125 0.6083705375
4 0.7478186078125 0.5065235984375 0.723744840625 0.4440627359375 0.6856745703125 0.50206209375 0.6856745703125 0.5578306984375 0.7315827984375 0.599099559375 0.7735720484375 0.6247530234374999 0.7874064796875 0.5497767875 0.7478186078125 0.5065235984375
1 0.5793018078125 0.348140753125 0.5619462171875 0.5344079015625 0.5748229375 0.5667536671875 0.5944179203125 0.5511384828125 0.5944179203125 0.449639596875 0.5984234875000001 0.35446428750000003 0.5793018078125 0.348140753125