11 0.5079287890625 0.5960321671875 0.5074389218750001 0.51014845 0.5026021140625 0.4173828140625 0.5015604421875001 0.3559482640625 0.4721679671875 0.3559482640625 0.47069832968750003 0.4008419765625 0.46481985000000003 0.5023408515625001 0.467269221875 0.5950561578125 0.4824553265625 0.6116472875000001 0.5079287890625 0.5960321671875
11 0.4487069640625 0.3648925796875 0.438366615625 0.48086993125 0.43395773593750003 0.5794409265625 0.44620460156249997 0.6048156625 0.4657995828125 0.6028637546875 0.4653097171875 0.5121003578125001 0.47069832968750003 0.40474579374999997 0.472657834375 0.3637558609375 0.4487069640625 0.3648925796875
15 0.4398362546875 0.352044446875 0.41441005156250005 0.3551269546875 0.40652476875000004 0.457447103125 0.40015638437499995 0.5306433968750001 0.4021158890625 0.5735852359375 0.41730199375000004 0.587248521875 0.4324881359375 0.5755371453125 0.435427375 0.5023408515625001 0.43934635 0.381322965625 0.4398362546875 0.352044446875
15 0.375213578125 0.3404785171875 0.3732132828125 0.42719265 0.3634157921875 0.5189320203125 0.3776221609375 0.5628497578125 0.39574754218749997 0.5443067203124999 0.403585528125 0.5150282015625 0.40015638437499995 0.45842307499999996 0.3986867828125 0.3383811421875 0.375213578125 0.3404785171875
13 0.321776453125 0.4086495734375 0.3280553234375 0.3282714859375 0.33255371562499997 0.30812667031249996 0.285525765625 0.2925114953125 0.276218140625 0.406697665625 0.2678902515625 0.48086993125 0.3095295890625 0.5023408515625001 0.3281448375 0.4652547 0.321776453125 0.4086495734375
13 0.2296800390625 0.36277988906249997 0.214493934375 0.42133692343750007 0.24143705468749999 0.4564711671875 0.2703396234375 0.45159141406250003 0.27768774218750003 0.36765964218749997 0.28062701875 0.29055955 0.25211215781249996 0.2745605484375 0.2296800390625 0.36277988906249997
3 0.5064591875 0.371563459375 0.509398428125 0.5335712765625 0.5113579328125 0.6087194421875 0.5510377656250001 0.5989599359375 0.5510377656250001 0.49355728125000004 0.547923034375 0.3746582046875 0.5064591875 0.371563459375
3 0.5736457203125 0.3807617203125 0.5505478984375001 0.39791413124999997 0.5520175 0.546258628125 0.5520175 0.6077435062500001 0.5716125203125 0.6077435062500001 0.58287965 0.592128275 0.57945046875 0.4642787640625 0.5736457203125 0.3807617203125
1 0.6176607 0.5648016671875 0.6098227515625 0.4623268546875 0.6091675234375 0.3514648453125 0.5833694796875 0.352044446875 0.5848391187499999 0.50038894375 0.5804302765625 0.5657776390625 0.5887581296875 0.5931042484375 0.5995353546875 0.5765131546875 0.6132518578124999 0.5911524140625 0.6176607 0.5648016671875
5 0.6753115703125 0.3502441421875 0.6700772625 0.4994129703125 0.6872228734375 0.5306433968750001 0.7087773984375 0.5228358734375 0.7288622109375 0.475990178125 0.71220650625 0.41938505312499996 0.7087773984375 0.307150753125 0.6700772625 0.311054515625 0.6753115703125 0.3502441421875
5 0.747580065625 0.3014160171875 0.71367614375 0.2934874125 0.7151457828125001 0.3881546265625 0.7205343578125001 0.45061544218750005 0.734740765625 0.4672066078125 0.7562952171874999 0.457447103125 0.7690319859375 0.4106014828125 0.747580065625 0.3014160171875
10 0.4716781 0.623242475 0.4716781 0.694486859375 0.47020846250000004 0.7618274265625 0.4951920578125 0.760851565625 0.49568192499999997 0.7003425484375 0.5026021140625 0.6273437515625 0.4716781 0.623242475
10 0.4408159875 0.76573131875 0.4667793546875 0.76573131875 0.467269221875 0.70229445625 0.47314770156249997 0.6193386578125 0.4438074046875 0.6212402359375 0.4432653609375 0.6905830421875 0.4408159875 0.76573131875
8 0.40603490156250005 0.68375138125 0.40015638437499995 0.7686590890625 0.4094640078125 0.79793760625 0.42758938906250005 0.7471881671875 0.44277549374999997 0.6603285890625 0.444735 0.6164108125000001 0.4150224953125 0.6236816421875 0.40603490156250005 0.68375138125
14 0.3923183984375 0.751092059375 0.41142351406250005 0.6447133578125 0.4192615 0.6017715531250001 0.3883994234375 0.5793246984375 0.37566265625 0.66716025 0.36173979218749996 0.7457519546875 0.3923183984375 0.751092059375
12 0.2845717359375 0.6517578140625 0.29728272499999997 0.69253495 0.334513221875 0.70912611875 0.34627018125000003 0.6222665015625 0.3457803140625 0.5793246984375 0.314428334375 0.5549259515625 0.2948333515625 0.5900601390625 0.2845717359375 0.6517578140625
12 0.22282180624999998 0.6017715531250001 0.258092759375 0.529551196875 0.2620117703125 0.48270557500000005 0.2061660625 0.42902829374999996 0.196368571875 0.5032005421875 0.18229344218750002 0.5650878921875 0.22282180624999998 0.6017715531250001
2 0.5020503093750001 0.6193386578125 0.498131296875 0.6808235359375 0.49372245625 0.7628034 0.520175653125 0.7667071796875 0.525564303125 0.6954627953125 0.5270999093750001 0.6236816421875 0.5020503093750001 0.6193386578125
2 0.5250743984375 0.6105550875 0.525564303125 0.6915590140625001 0.5221351578125 0.7696350609375 0.5471187546875 0.7784185953125 0.552997271875 0.69253495 0.5522101484374999 0.6126953140625 0.5250743984375 0.6105550875
0 0.5515276328125001 0.6144589046875 0.5578960171875 0.6993666125 0.5706327859375 0.7735388421875 0.5956163437499999 0.7764666859375 0.5902277687499999 0.659352615625 0.5809950578125 0.6053710953125 0.5515276328125001 0.6144589046875
6 0.622069615625 0.6242184109375 0.615291971875 0.5956054703125 0.5965960781249999 0.576396815625 0.5804302765625 0.598843709375 0.5867985874999999 0.623242475 0.5970859828124999 0.69253495 0.6098227515625 0.7774426578125 0.634806309375 0.76573131875 0.622069615625 0.6242184109375
6 0.6842836703125 0.74621230625 0.66321905 0.6417855125 0.652651109375 0.5687500015625 0.625498721875 0.5451664468749999 0.616680965625 0.5822525421875 0.6235391796875 0.6261703187500001 0.6352962140625 0.684727353125 0.6534215578125 0.764755309375 0.6788950203125 0.7823224109375 0.6842836703125 0.74621230625
4 0.699809365625 0.5260253921875 0.6926115234375 0.55590186875 0.72837238125 0.6076272421875 0.7611939624999999 0.661304525 0.79548518125 0.615434840625 0.77050155 0.5393107015624999 0.749437003125 0.4661144078125 0.699809365625 0.5260253921875