10 0.51656284375 0.6643484749999999 0.50284635625 0.5979838359375 0.4987804609375 0.5386718765625 0.47071056718750004 0.5409883875 0.4746295625 0.5714379984375 0.48560276562500004 0.6362411109375 0.49540025625000006 0.68542904375 0.5044139609375 0.6955788953125001 0.5208737343750001 0.686990540625 0.51656284375 0.6643484749999999
10 0.46835917499999996 0.7104133546875 0.493440759375 0.6947981453125001 0.48089998125 0.61516063125 0.471102490625 0.54254985625 0.44243553125 0.5464843765625 0.451115584375 0.61516063125 0.46835917499999996 0.7104133546875
8 0.40839854531249997 0.610476021875 0.42485831875 0.7681896421875 0.47227817187500004 0.7447668265625 0.45816978906249994 0.6495140140625 0.4397505171875 0.5573842859375 0.42485831875 0.5409883875 0.41548795624999996 0.5552734390625 0.40839854531249997 0.610476021875
12 0.2720174546875 0.4972657546875 0.2579090578125 0.538646053125 0.23665405156250002 0.5767578140625 0.22969229531250002 0.59173781875 0.2532062734375 0.6674715296875 0.25869285937500003 0.663567728125 0.315126415625 0.5964223093750001 0.322572515625 0.5511382078125 0.30572081875 0.512100184375 0.2720174546875 0.4972657546875
13 0.2822068390625 0.3723440953125 0.2841663375 0.41528590468750004 0.272409346875 0.4527624015625 0.29435572187500003 0.5050733578125 0.3202211234375 0.48867737031249997 0.3214164234375 0.3521484390625 0.2822068390625 0.3723440953125
13 0.33237000625 0.356728884375 0.328059115625 0.41762818125 0.3268834046875 0.4816505453125 0.3476540984375 0.491800425 0.3609786640625 0.4652545578125 0.3522836453125 0.3638671890625 0.33237000625 0.356728884375
2 0.5059815359375001 0.60657221875 0.52557651875 0.686990540625 0.5369416140625 0.687771290625 0.52327825625 0.5474609390625 0.50284635625 0.5519189859375 0.5059815359375001 0.60657221875
2 0.5561053015625 0.5337890640625 0.5224413390625 0.548015184375 0.534590221875 0.61516063125 0.5455633953125 0.711974853125 0.55810423125 0.7588204796875 0.57495586875 0.7400822765624999 0.55967180625 0.6135990453125 0.5561053015625 0.5337890640625
0 0.5522257359375 0.54411138125 0.5616313046875 0.6354603625 0.5757397156249999 0.7549166781250001 0.590239990625 0.80176230625 0.6098349734374999 0.7369592234375 0.5948118171875 0.5689453140625 0.5522257359375 0.54411138125
6 0.6212694359375 0.5708984390625 0.5937670640625 0.567534196875 0.598861771875 0.6245297046875 0.6066997640625 0.711974853125 0.6176729671875 0.74788988125 0.63178131875 0.7400822765624999 0.6321732421874999 0.6737176359375 0.6212694359375 0.5708984390625
4 0.68104405625 0.3472656265625 0.693701475 0.45120087499999995 0.698404259375 0.5058541078125 0.72309395 0.516784765625 0.7348509390625 0.48243129375000005 0.7469998515625 0.46291228125000006 0.710945096875 0.35750961875 0.7046746781250001 0.32940226875 0.68104405625 0.3472656265625
4 0.6886067687499999 0.45120087499999995 0.6772417015625 0.313787059375 0.6526266140625 0.3248046890625 0.6521601484375 0.43870871874999995 0.6568629328125 0.4621315328125 0.6886067687499999 0.45120087499999995