3 0.5013522609375001 0.3820463640625 0.4970369453125 0.505820753125 0.4956224921875 0.5424540609374999 0.4956224921875 0.56781558125 0.4949152671875 0.5847232625000001 0.5097670125 0.5861322359375001 0.5295693390625 0.5861322359375001 0.535227146875 0.57908736875 0.5366415984375 0.5452720078125 0.5345199203125001 0.5114566468749999 0.530276565625 0.37901315156250004 0.519668175 0.362105471875 0.5013522609375001 0.3820463640625
3 0.5471717046875 0.3656625109375 0.54053704375 0.3743606234375 0.5389250578125 0.49318603281250006 0.5373542687499999 0.5135272078125 0.5349980828125 0.5276095578125 0.533819990625 0.5542095578125 0.5342126890625 0.575333084375 0.5412812421875 0.5839389671874999 0.5514913765625 0.5855036734375 0.5652357890624999 0.5823742625 0.5703408546875 0.5628154390625 0.5703408546875 0.5182213250000001 0.5589526296875 0.3515801578125 0.5471717046875 0.3656625109375
1 0.57824225625 0.36261801718750003 0.56837736875 0.5064860312499999 0.566021184375 0.5291742640625 0.56837736875 0.5502977921875 0.5730897374999999 0.5667272031249999 0.5781948046875 0.580027203125 0.5872268468749999 0.5870683796875 0.5962588890625 0.58080955625 0.6060763265625 0.5487330874999999 0.6076471156250001 0.482233090625 0.600971259375 0.3648801578125 0.59351000625 0.345321334375 0.57824225625 0.36261801718750003
7 0.63827751875 0.5111801484375 0.6312089640625 0.35549192343749997 0.6237477124999999 0.3461036890625 0.6100033 0.3594036875 0.5958661921874999 0.5025742671875 0.5962588890625 0.5315213234375 0.599793165625 0.5463860281249999 0.6045055359375 0.558903675 0.6147156703125 0.5596860265625 0.618249946875 0.5667272031249999 0.6206061328125 0.571421321875 0.6249258046875 0.575333084375 0.6312089640625 0.5722036734375 0.640633703125 0.55733896875 0.6422044921875 0.5432566171875 0.63827751875 0.5111801484375
7 0.6720495015625 0.48614485625 0.6618393671875 0.3734860390625 0.6579123921875001 0.3429742765625 0.644226378125 0.357138134375 0.6351359390625 0.465021328125 0.62649659375 0.508833090625 0.6213915265625001 0.5307389703125 0.6253185015625 0.545603675 0.6308162671875001 0.5557742625000001 0.6422044921875 0.554991909375 0.6500584421875 0.558903675 0.6559489046875 0.5635977921875 0.66537364375 0.5628154390625 0.67519108125 0.547950734375 0.6767618703125 0.5260448531249999 0.6720495015625 0.48614485625
5 0.691684375 0.32578546406250003 0.678396728125 0.3461783703125 0.6657663421875 0.49007957187500006 0.6618393671875 0.513550159375 0.6685152234375 0.533891334375 0.67322759375 0.5479736859375001 0.6877574 0.554232509375 0.7015018109375 0.5417148640625 0.71014115625 0.5471913328125 0.721136684375 0.5346736875 0.7215293828125 0.513550159375 0.7172097109375 0.481473690625 0.7030726015625001 0.346126640625 0.691684375 0.32578546406250003
5 0.743560971875 0.3171200703125 0.7274603749999999 0.3272906578125 0.7208150921875001 0.34148132656249996 0.719606425 0.43760241562499996 0.716464846875 0.4548141796875 0.71489405625 0.4947141765625 0.719213728125 0.5095788812500001 0.7278530734374999 0.522096528125 0.7380632078125 0.5314847625 0.747487946875 0.5158377046875 0.7592688703125 0.5150553515625 0.7694790046875 0.49627888281250004 0.7655520296875 0.4540318265625 0.7580907781249999 0.4102200640625 0.743560971875 0.3171200703125
5 0.7616250546875001 0.3398083046875 0.7580907781249999 0.39379065468749996 0.7616250546875001 0.4422965328125 0.7635885421874999 0.4735906484375 0.7675155171875 0.49627888281250004 0.7800818375 0.5158377046875 0.7879357859375 0.517402409375 0.7985386171875 0.5025377062499999 0.8142465171875 0.49393182500000005 0.8228858609374999 0.44073182656250004 0.8001094078125 0.3507612453125 0.78283071875 0.3249436 0.7616250546875001 0.3398083046875
4 0.8142465171875 0.6408270640625 0.8111049375 0.6283094171875 0.8162100046875 0.6290917703125001 0.829954415625 0.6431741234375 0.8350594828125001 0.615196521875 0.8044290796875 0.544002409375 0.7961824328125 0.5353965281249999 0.79068466875 0.52992005625 0.78479420625 0.5267906453125 0.7761548625 0.5346141734375001 0.7750163359375 0.556762428125 0.7655520296875 0.564938834375 0.7604469625 0.570415303125 0.76241045 0.597015303125 0.7549491984375 0.6189211828125 0.7612323578125 0.637697653125 0.7757621640625 0.64552118125 0.7942189453124999 0.6556917703125 0.8079633578125 0.66586235625 0.8177807937500001 0.6627329453125 0.82563474375 0.6509976515625 0.8142465171875 0.6408270640625
4 0.755341896875 0.7245388234375 0.7400266953125 0.6666447093750001 0.7388486015625 0.6549094156249999 0.75180761875 0.6916800015625 0.7608396609375 0.7128035296874999 0.7694790046875 0.7331447046874999 0.7710497953125001 0.7128035296874999 0.768693609375 0.6948094140625 0.7580907781249999 0.5993623609375 0.751414921875 0.5367741296874999 0.7412047875 0.5367741296874999 0.73138735 0.5469447171875 0.7200295671875 0.5595994421875 0.7050766187499999 0.5563329515625 0.6944737875 0.562591775 0.694866484375 0.5915388312500001 0.7015423421875 0.6103153015625 0.7117524765625001 0.634568240625 0.717250240625 0.6635152984375 0.721177215625 0.6862035328125 0.7266749796875 0.70654470625 0.7337435343750001 0.720627059375 0.743560971875 0.732362353125 0.75377110625 0.7401858812500001 0.755341896875 0.7245388234375
4 0.696044578125 0.771479996875 0.694081090625 0.75035646875 0.688190628125 0.7229741187500001 0.6854417453125 0.698721178125 0.6913322078124999 0.7151505890625 0.7023277375 0.740968234375 0.7125378718750001 0.75035646875 0.7278530734374999 0.7448799984375001 0.7176429390625 0.712021178125 0.7097889890625 0.679944709375 0.7054693171875 0.6400447125000001 0.6956518796875 0.5657211859375 0.6768024015624999 0.5657211859375 0.6665922671875 0.5821505984375 0.64303041875 0.575891775 0.63517646875 0.5985800078125 0.6398888390625 0.625962359375 0.6461719984375 0.643956475 0.657167528125 0.66899176875 0.6603091078125 0.7002858843750001 0.661879896875 0.7245388234375 0.6705192421875 0.761309409375 0.6854417453125 0.7769564671875 0.692117603125 0.7777388203125 0.696044578125 0.771479996875
6 0.611433203125 0.6416111609375 0.6277303484375001 0.714601834375 0.6412782109374999 0.771481740625 0.6514883453125 0.8043405609375001 0.662876571875 0.8113817375 0.662483875 0.7839993859375001 0.6479540687500001 0.6298758671875 0.6432416984375 0.5946699875 0.63420965625 0.5852817531250001 0.6239995234375 0.5852817531250001 0.6173236656250001 0.590758221875 0.6078989265625 0.59310528125 0.605542740625 0.6079699859375001 0.611433203125 0.6416111609375
6 0.5694427375 0.6246983390625 0.5710135265625 0.6442571609375001 0.6040001140625 0.8007277390624999 0.6181372234375 0.8202865609375 0.621278803125 0.8022924453125 0.6118540640625 0.6137453984375 0.6040001140625 0.59888069375 0.593004584375 0.5926218703125 0.5902906421874999 0.5966872875 0.58200905625 0.6004454 0.5694427375 0.6246983390625
0 0.5419539140625 0.6536453953125 0.5494151656249999 0.7201453921875001 0.559232603125 0.8202865609375 0.5725843171875 0.83045715 0.58004556875 0.7764748 0.57808208125 0.6231336328125 0.5710135265625 0.6098336343749999 0.5619814843750001 0.6035748109375 0.5502288546874999 0.606081371875 0.543524703125 0.6231336328125 0.5419539140625 0.6536453953125
2 0.5364561484375 0.783515975 0.5439174015625 0.6113983390625 0.53766045 0.60373285 0.5156431828125 0.6067042218750001 0.51407239375 0.6317395140625 0.523104434375 0.7326630375 0.5305656875 0.784298328125 0.5364561484375 0.783515975
2 0.5199628546875 0.6098336343749999 0.51014541875 0.60592186875 0.5046476546875 0.607486575 0.4924740328125 0.6020101046875 0.490528934375 0.6123440953125 0.4909032421875 0.6575571609375 0.49561561249999997 0.7811689171875 0.506611140625 0.7936865640625 0.5199628546875 0.6098336343749999
10 0.4838346875 0.77491009375 0.48933245156250005 0.6919806875 0.49168863749999997 0.6145277515625 0.48776166249999997 0.60592186875 0.47519534375 0.6106159859375 0.46734139375000006 0.6121806921874999 0.4641998140625 0.6231336328125 0.46892698906249997 0.7172447046875 0.47715883124999997 0.772563034375 0.4838346875 0.77491009375
11 0.46311431093750005 0.4947790109375 0.45800924375 0.5245084203125 0.45604575625 0.55423783125 0.45761654687500003 0.5761437125 0.466255890625 0.5863143 0.480393 0.5863143 0.49492280624999996 0.585531946875 0.4980643859375 0.49008489375000003 0.4878542515625 0.365690784375 0.4780368140625 0.36412607812500003 0.4627216140625 0.3789907828125 0.46311431093750005 0.4947790109375
11 0.45840194062500006 0.541720184375 0.4595800328125 0.52372606875 0.45800924375 0.5072966578125 0.4485845046875 0.3821201953125 0.4395524625 0.3602143140625 0.4360621828125 0.3704464203125 0.4301277234375 0.4345378390625 0.42855693281249996 0.4971260703125 0.4218810765625 0.5409378328125001 0.42305916874999994 0.5628437125 0.427378840625 0.5730143 0.433269303125 0.5761437125 0.4387670671875 0.5777084171875 0.44819180625 0.5777084171875 0.45290417656250004 0.57457900625 0.45604575625 0.5698848890625 0.4568311515625 0.5589319484375 0.45840194062500006 0.541720184375
9 0.3892871859375 0.4658319546875 0.385752909375 0.48930254062499995 0.38418211874999997 0.51355548125 0.3853602109375 0.540155478125 0.398319228125 0.570667240625 0.410885546875 0.5675378296875 0.4246299578125 0.5354613609375 0.42659344531250004 0.4939966578125 0.421488378125 0.3500437265625 0.410885546875 0.333614315625 0.3908944796875 0.3446126890625 0.3892871859375 0.4658319546875
15 0.39203606875 0.479131953125 0.385752909375 0.42280254531250006 0.37711356406249996 0.3813378421875 0.3688669171875 0.363343725 0.35904948124999997 0.3609966671875 0.35826408593750003 0.4540966609375 0.35433711093750003 0.49869077500000003 0.351588228125 0.5166848921875 0.3519809265625 0.5338966562499999 0.35433711093750003 0.553455478125 0.3606202703125 0.5573672421875 0.3688669171875 0.555020184375 0.37632816875 0.544849596875 0.385752909375 0.5464143015625 0.3936068578125 0.53233195 0.3951776484375 0.5049495984375 0.39203606875 0.479131953125
15 0.35472980781249996 0.47522018906249996 0.3398073046875 0.35943196093749996 0.3354876328125 0.34534960937500003 0.32213591875 0.352390784375 0.3193870359375 0.41106725156249996 0.3217432203125 0.4658319546875 0.3193870359375 0.4947790109375 0.314674665625 0.512773128125 0.3150673640625 0.5268554796875 0.322528615625 0.544849596875 0.3319533546875 0.55423783125 0.3402000015625 0.55423783125 0.3504101359375 0.5393731265625 0.3566932953125 0.525290775 0.3586567828125 0.49556136406249995 0.35472980781249996 0.47522018906249996
15 0.3229213125 0.5065143046875 0.32213591875 0.49008489375000003 0.309962296875 0.41732607499999996 0.3036791359375 0.3789907828125 0.29975216250000003 0.36177902031250003 0.2918982125 0.3531731375 0.28092094218749997 0.3563552953125 0.27736840625000003 0.41497901718749997 0.27736840625000003 0.4478378375 0.26951445625 0.47834960000000004 0.2699071546875 0.5057319515625001 0.273048734375 0.5245084203125 0.2785464984375 0.53233195 0.2805099859375 0.5385907734375001 0.2926836078125 0.5292025375 0.3044645328125 0.5409378328125001 0.31192578437499996 0.5385907734375001 0.3193870359375 0.525290775 0.3229213125 0.5065143046875
15 0.271051428125 0.49005272031249997 0.27144412500000004 0.4673644859375 0.2745857046875 0.331235084375 0.269087940625 0.317935084375 0.2478822765625 0.317935084375 0.24164467812499998 0.32895588125 0.230210890625 0.4157291953125 0.22235694062500003 0.4360703703125 0.218429965625 0.45954095781250004 0.2164664796875 0.4806644859375 0.22078615156249998 0.49944095468749994 0.2333524703125 0.5064821312500001 0.23806483906250003 0.5064821312500001 0.2439553015625 0.51665271875 0.25298734375 0.5205644828125 0.26437557031250003 0.51665271875 0.269873334375 0.5064821312500001 0.271051428125 0.49005272031249997
15 0.2125395046875 0.3852174328125 0.1976552640625 0.3649665390625 0.1823017984375 0.39851743281249996 0.170520875 0.43294095937500005 0.170520875 0.45093507656250004 0.178767521875 0.4603233109375 0.18701416875000001 0.48301154375 0.1925119328125 0.4916174265625 0.1980096984375 0.49318213125000004 0.20547094999999999 0.4916174265625 0.2188226640625 0.48144683906249996 0.22078615156249998 0.4712762515625 0.2211788484375 0.38834684531249997 0.2125395046875 0.3852174328125
12 0.178767521875 0.6332232999999999 0.168164690625 0.65512918125 0.170913571875 0.6652997671875001 0.17916021875000002 0.6637350625 0.1944754203125 0.6433938859375 0.20939792499999998 0.62148800625 0.22942549531249998 0.59097624375 0.22942549531249998 0.5768938921875 0.2254985203125 0.549511540625 0.219608059375 0.5299527171875 0.20704173906249998 0.5338644828125 0.20704173906249998 0.5143056609375 0.1964389078125 0.5002233078125 0.186265146875 0.50979200625 0.1858360765625 0.5064821312500001 0.1677719921875 0.5487291875 0.1630596234375 0.5808056546875 0.15873995000000002 0.6058409484375 0.1575618578125 0.63165859375 0.15991804375000002 0.6465232984375 0.1638450171875 0.6433938859375 0.1740551515625 0.6300938875 0.178767521875 0.613664478125 0.1803383109375 0.619140946875 0.178767521875 0.6332232999999999
12 0.275407525 0.618440003125 0.289544634375 0.589492946875 0.28679575156250003 0.5495929484375 0.27265864375 0.5409870671875 0.265197390625 0.54489883125 0.25066758437500003 0.5222105984375001 0.242028240625 0.523775303125 0.2310400875 0.5458026640625 0.22474955156249998 0.58871059375 0.2113978375 0.6778988234375001 0.2129686265625 0.6998047046875 0.22278606406249998 0.6974576453125 0.24006475312500003 0.6434752953125 0.230247315625 0.69902235 0.228283828125 0.7177988203125001 0.23574508125000002 0.7240576437499999 0.2475260046875 0.711539996875 0.25695074375 0.6857223515624999 0.2663754828125 0.6426929421875001 0.275407525 0.618440003125
12 0.2773710125 0.7584811703125001 0.2860103578125 0.7772576390625 0.3032890453125 0.7584811703125001 0.32135312968749996 0.713104703125 0.33077786875 0.6473870609375 0.34923465 0.6129635328124999 0.346878465625 0.5668047125 0.337061028125 0.5675870656249999 0.3229239203125 0.5722811828125 0.3072360390625 0.5614594703125 0.2926862140625 0.5597635359375001 0.2879738453125 0.5628929484375 0.28365417187499997 0.5957517703125 0.2812979875 0.6356517671875 0.25773613906250004 0.742051759375 0.2722659453125 0.745963525 0.2820833828125 0.72562235 0.2930789125 0.6951105875 0.300147465625 0.68337529375 0.29857667656250003 0.701369409375 0.2907227265625 0.7404870531250001 0.2773710125 0.7584811703125001
14 0.3559105078125 0.5730635359375 0.33863181875000004 0.58558118125 0.3374537265625 0.6035752984375 0.33863181875000004 0.630175296875 0.32135312968749996 0.774128228125 0.32763628906250003 0.7897752859375 0.332348659375 0.7889929343750001 0.340988003125 0.7709988171875 0.367298734375 0.6880694109375 0.384184725 0.5957517703125 0.377901565625 0.5871458875 0.365335246875 0.576192946875 0.3559105078125 0.5730635359375
14 0.4156005234375 0.6207870609375 0.39717868125 0.5865103625 0.389682490625 0.584016475 0.37947235625000003 0.589492946875 0.37161840625 0.60592235625 0.37161840625 0.6239164734375 0.372011103125 0.6528635296874999 0.3724038015625 0.69902235 0.37475998593750004 0.743616465625 0.3669060359375 0.7827341109375 0.37475998593750004 0.78508116875 0.3928240703125 0.76161058125 0.403034203125 0.6747694109375 0.4156005234375 0.6207870609375
8 0.41402973281250005 0.6004458875 0.40853196875000003 0.6239164734375 0.4077465734375 0.6552105890625 0.40460499375000003 0.7271870546875 0.40460499375000003 0.7803870515625 0.41599322031249997 0.7991635203125 0.4258106578125 0.742051759375 0.44230395156249996 0.6348694140625 0.44230395156249996 0.61609294375 0.43837697656249996 0.598098828125 0.4266358796875 0.589641725 0.41402973281250005 0.6004458875
10 0.44073316093750003 0.69354588125 0.43955506875 0.7467458765625 0.4525140859375 0.7686517578125 0.4733270515625 0.6176576500000001 0.46512661718750004 0.6013843296875 0.455655665625 0.59888118125 0.43955506875 0.6012282390625 0.44073316093750003 0.648951765625 0.44073316093750003 0.69354588125