11 0.4811847125 0.365044396875 0.467128621875 0.367924053125 0.4607814390625 0.455108378125 0.459581234375 0.4933656421875 0.453980328125 0.5372020953125001 0.45318021093749994 0.5826326703125 0.4575809125 0.5961820640625 0.470783046875 0.600167196875 0.48518535468749996 0.5977761234375001 0.4935867 0.5866178015625 0.494386846875 0.5228556265625001 0.4939867578125 0.427212453125 0.48798579374999995 0.3762027640625 0.4811847125 0.365044396875
11 0.43189551875000004 0.434866775 0.42517207968750004 0.49077520156250004 0.41932561875 0.54435415625 0.4184486625 0.5594959671875 0.4260490578125 0.57871450625 0.44738865 0.5810440109375 0.4538197484375 0.5734731265625 0.45469672812499995 0.50184041875 0.46112782656249995 0.3911883296875 0.4570352984375 0.37313456718750004 0.44427663281249996 0.384545821875 0.43189551875000004 0.434866775
9 0.4029791453125 0.34375370156249996 0.392414190625 0.44671705624999997 0.3827675203125 0.5113611390624999 0.38042894843749997 0.5340739453125 0.3865677296875 0.5585338640625 0.392998828125 0.5719286078125 0.3982606515625 0.5719286078125 0.4143384421875 0.5637752859375 0.4204772 0.5445567484375 0.42164651875 0.5084492421875 0.420769540625 0.3675134203125 0.41375376093750005 0.34421824375 0.4029791453125 0.34375370156249996
15 0.38881736875 0.5268959515625 0.39059471874999996 0.4977817796875 0.38743497968749996 0.445455003125 0.38447273437499996 0.3699155140625 0.374993559375 0.355751871875 0.36800713906250004 0.360636565625 0.3633420609375 0.4190948484375 0.3558377015625 0.47456914375 0.3522830171875 0.4997489546875 0.34971573125 0.523355034375 0.349320771875 0.5320106140624999 0.352480496875 0.5477480015625 0.3615647109375 0.5575838671875 0.364329475 0.5599444703125 0.374993559375 0.5512888890625 0.378153284375 0.5446005109375001 0.3842752546875 0.541453021875 0.38881736875 0.5268959515625
15 0.357417571875 0.3911609921875 0.36452695625 0.346309434375 0.363539540625 0.326244271875 0.3576375609375 0.3237289390625 0.3433962828125 0.3545715796875 0.3301649125 0.41870141875 0.32582029375 0.46394640468750004 0.31969832343750004 0.48951965781249995 0.31673607812500004 0.5174535140625001 0.3202907640625 0.532797471875 0.33154730312499997 0.5457808281250001 0.3435937625 0.53673181875 0.351098121875 0.5225681765625 0.354257846875 0.51233888125 0.3540603671875 0.44584840156250005 0.357417571875 0.3911609921875
13 0.32364798281249996 0.5056504734375 0.3246353984375 0.48361813906249995 0.32384546406250003 0.4651267359375 0.31930334843749997 0.4151605015625 0.3196157734375 0.334063075 0.2940255359375 0.33214578437500003 0.290668315625 0.358899346875 0.284348865625 0.4084721078125 0.2738822609375 0.4537170953125 0.2713149921875 0.47889695000000004 0.2742772359375 0.5056504734375 0.28178158125 0.5143060546875 0.2932356 0.5099782484375 0.3040971640625 0.5202075734375 0.318513428125 0.5091913921875 0.32364798281249996 0.5056504734375
13 0.277071415625 0.3325268859375 0.2766764546875 0.2971177671875 0.26147025625000003 0.289642525 0.24863386250000002 0.3104945453125 0.2407345421875 0.3895749125 0.233032703125 0.4139678953125 0.22987297812500002 0.43954115 0.23244024843750002 0.4548850765625 0.2407345421875 0.4643275 0.24744895156250002 0.48006488750000004 0.25613820625 0.48242548906250005 0.26324759062499997 0.477704284375 0.273516715625 0.465507815625 0.27746637500000004 0.44190172031249997 0.27726887968749997 0.4080663765625 0.277071415625 0.3325268859375
12 0.250806171875 0.5175336859375 0.245474121875 0.499042253125 0.23342766250000002 0.4750427453125 0.2168390890625 0.4840917390625 0.2079523546875 0.475829609375 0.2057973078125 0.4816935796875 0.201830384375 0.49707507968750003 0.19926311562500001 0.5112387375 0.1984731796875 0.5301235984375 0.1984731796875 0.559631228125 0.19333862500000001 0.6084171031250001 0.1935361046875 0.635564084375 0.200053034375 0.6461868390625 0.212099509375 0.6446130953125 0.22118372343749998 0.6320231671875 0.2302679375 0.6111711468750001 0.2442892265625 0.5619918 0.250806171875 0.5175336859375
12 0.249028821875 0.697757609375 0.26028534531249997 0.6745449578125 0.27035699062499996 0.644643915625 0.28062611406250004 0.614742915625 0.28971031406250003 0.6021529734375 0.2976096328125 0.58169436875 0.2960297640625 0.5584817328125 0.2857606546875 0.52189231875 0.27371421093750004 0.52464635 0.2701594953125 0.5108761359375 0.258632778125 0.509251275 0.24349929218750002 0.532908478125 0.2403395671875 0.5624160796875 0.235994946875 0.59939894375 0.22098624375 0.6619550609375 0.2190114140625 0.6824136515625 0.22434344843749998 0.689888915625 0.2346125578125 0.6741515296875 0.2460665765625 0.6379555375 0.247646446875 0.641889884375 0.2340201171875 0.6863479984375 0.234810053125 0.6989378953125 0.249028821875 0.697757609375
12 0.3061014078125 0.7001182109374999 0.30254670781250004 0.7174293421875 0.2946473890625 0.7478163062500001 0.2985970484375 0.7631602640625 0.30847119843750004 0.7588324734375 0.3179503875 0.740734484375 0.32367738125 0.7175218343750001 0.3288119515625 0.6773915171875 0.333946521875 0.6541788578125 0.34579550000000003 0.6301793578125 0.35250990937500004 0.597524271875 0.345992965625 0.5659878234375 0.33730372656249996 0.5703156 0.3266396265625 0.5655943890625 0.3185428421875 0.5498570015625 0.3094586125 0.5541539421875 0.2983995828125 0.5510064671875 0.2936599734375 0.570284771875 0.2914876796875 0.6053004625 0.289117859375 0.637168665625 0.282798409375 0.66274191875 0.26443249999999996 0.719396515625 0.2697645359375 0.7335601578125 0.28141603437499996 0.722543975 0.28971031406250003 0.702085384375 0.2982020890625 0.6792661625 0.3049164984375 0.676118703125 0.3061014078125 0.7001182109374999
14 0.3457650875 0.5991263734375 0.345370128125 0.612109715625 0.346752503125 0.64201074375 0.33292869375 0.7521724484375001 0.330756384375 0.801020025 0.33944563906249997 0.8002331671875 0.3483323734375 0.77269275625 0.3665008015625 0.6987270125 0.37834978124999996 0.660170425 0.38980380000000003 0.6161057328124999 0.3702291921875 0.581590221875 0.3457650875 0.5991263734375
14 0.38004322031250004 0.608306103125 0.3814445421875 0.6892525046875 0.3802596484375 0.746693959375 0.377297403125 0.7939061203125 0.3770999078125 0.8084632203125001 0.38183950312500003 0.8049223031249999 0.39052875625 0.7911520890625 0.40474752656249996 0.717186375 0.410672015625 0.6786297671875 0.4213361 0.6325979234375 0.40591350468750004 0.594142453125 0.38004322031250004 0.608306103125
8 0.41608509531250004 0.6288683078124999 0.4143077609375 0.64460569375 0.41569013593750004 0.6686052015625 0.41569013593750004 0.7280138453125 0.412727890625 0.8031598765625001 0.418059925 0.8236184671875 0.42872400937500005 0.7980452125 0.441955378125 0.7398168859375 0.4553842125 0.6375238734375 0.44926224374999996 0.6060491078125 0.43148877499999994 0.6052622203125 0.41608509531250004 0.6288683078124999
10 0.4761470265625 0.61357683125 0.45391054999999997 0.6154939890625 0.4475911 0.6308379390625001 0.4479860609375 0.6575915015625 0.451738240625 0.7288031703125 0.45075082499999997 0.783490609375 0.4568727953125 0.7866380687500001 0.46358721875000003 0.7720809984375 0.47267143437500003 0.7280163125 0.47780598906250005 0.6831647546874999 0.4795833390625 0.6363460234375 0.47978081875 0.6202152078125 0.4761470265625 0.61357683125
10 0.49241973281250007 0.6154939890625 0.47780598906250005 0.621395509375 0.47701606874999997 0.6461818906250001 0.47918837812500004 0.7051971046875 0.47918837812500004 0.7638188765625 0.4811632078125 0.7838840375 0.4888650484375 0.7858512109375 0.49459204218749997 0.75713046875 0.5046636875 0.6642798937500001 0.5080208921875 0.6280839015625 0.503281296875 0.6131333796875 0.49241973281250007 0.6154939890625
3 0.5275717109375 0.427733153125 0.5163151703125 0.37340832968750004 0.511378096875 0.36868712187499997 0.50268885625 0.39698357500000003 0.4963693921875 0.4988831578125 0.495184496875 0.5161942890625 0.49399960312499996 0.5366528796875001 0.49380212187500006 0.5917337328125 0.51256300625 0.5965166515625 0.5226346359375 0.594942878125 0.5342861203125 0.5914019749999999 0.5380383156249999 0.581172665625 0.53922319375 0.5496978921875 0.5376433546875 0.5221574640625 0.5321138249999999 0.49186300781250003 0.5275717109375 0.427733153125
3 0.5539940359375 0.4219784015625 0.5429349921875 0.384602115625 0.533258321875 0.370831903125 0.527254234375 0.3704785984375 0.5322709078125001 0.4896491515625 0.5344432171875 0.5160092765625001 0.5372079828125 0.5313532359375001 0.537800421875 0.5671557843749999 0.5409601609375 0.5797457109375 0.5472796109375 0.581712884375 0.55498145 0.5828931703125 0.5613009 0.5785653953125001 0.570780090625 0.5679426703125 0.5727549203125 0.5407956734375 0.5678178453125 0.5038128093750001 0.5539940359375 0.4219784015625
1 0.6119141546875 0.5271968734375 0.6065821203125 0.48509937656249996 0.6016450453125 0.4430018953125 0.5935482453125001 0.3521184703125 0.5860438859375 0.32868750625 0.5739173359375 0.3379998875 0.5698502875 0.455198334375 0.5696527921875 0.4823453609375 0.5700477671875 0.49532867343750003 0.5668880421875 0.5177544671875001 0.568467896875 0.5358524546875 0.573404971875 0.5480489234375 0.5828841609375 0.566540340625 0.5919683765625 0.5669337999999999 0.5988802796875 0.5637863109375 0.6034223953125 0.5594585359375001 0.6103343 0.54018023125 0.6119141546875 0.5271968734375
7 0.6262302546875 0.356321540625 0.618507153125 0.31726406875 0.6015294015625 0.338250084375 0.5968231265624999 0.4539652875 0.5953379187500001 0.51551035 0.598902409375 0.53622265 0.6078136578125 0.5415486781250001 0.6125663203125 0.5374062375 0.6208834953125 0.5498336078125 0.629200671875 0.5563431796875 0.6351415046875 0.5510171500000001 0.6425675453124999 0.539773365625 0.645835 0.519061065625 0.640785278125 0.47467756406249995 0.6262302546875 0.356321540625
7 0.67048944375 0.45337347031249997 0.65266694375 0.337384575 0.6440527546875 0.3243654109375 0.6360662265625 0.33454914062499996 0.6372207875 0.39952147656250003 0.6393000703125 0.45278167812500003 0.6348444453125001 0.49006383593749997 0.6375178234375001 0.5107761359375 0.6422704859375 0.5226117359375 0.6514787953125001 0.53030485 0.6621722906249999 0.5385897796875 0.67048944375 0.53030485 0.6767273359375 0.519061065625 0.679994790625 0.50959255 0.6764302765625 0.4817789078125 0.67048944375 0.45337347031249997
5 0.7236599046875 0.50071585 0.727818515625 0.4876967078125 0.7284125890625 0.4693515125 0.72692738125 0.4486392125 0.722174696875 0.42496801250000005 0.713263446875 0.39182838593749997 0.7129664328125 0.3243654109375 0.705540390625 0.31312160312500004 0.6978172890625001 0.316672275 0.6936587249999999 0.37289137656250004 0.6918764562499999 0.38117630468749997 0.6889060390624999 0.36164756875 0.6817770359375 0.3356092390625 0.6770243734375 0.33383390468749996 0.6717171453125 0.3456519734375 0.6728657859375 0.37644206874999997 0.6731628234375 0.40188860625 0.6722717109375 0.4302940875 0.6690042359375 0.44804748749999995 0.6672219890625 0.470535078125 0.6663308781249999 0.4876967078125 0.6695983328125 0.4989405359375 0.6785095828125 0.5018994359375 0.6895001140625 0.51255145 0.7070255984375 0.49479804843749997 0.7159368484375 0.50249120625 0.7236599046875 0.50071585
5 0.7664339296875 0.3758502765625 0.7536611296875 0.284716178125 0.7435616859375 0.2711052203125 0.7322741390624999 0.2687380921875 0.7251935203125 0.28125554531249997 0.72247175625 0.3450777109375 0.7236599046875 0.38058451249999997 0.7209865484375 0.4190502125 0.722174696875 0.4350282765625 0.726036246875 0.4515981125 0.73970018125 0.4723104125 0.7518788625 0.46580088750000004 0.7622753203125 0.44923100624999995 0.768216153125 0.44923100624999995 0.773859971875 0.4385789703125 0.777127403125 0.4214173875 0.7664339296875 0.3758502765625
4 0.7780185359375 0.6866275421875 0.78069189375 0.6777508421875 0.776533328125 0.6659152421875 0.7711865687499999 0.6540796421875 0.7625723796874999 0.6422440421875 0.7578196953125 0.6304084421875 0.7572256203125 0.613246834375 0.7634635140625 0.6215317421875 0.7711865687499999 0.6381015999999999 0.7795037453125 0.659405671875 0.788117934375 0.6688741421875 0.7931676796875 0.6570385421875 0.7919794859375 0.6386933703125 0.783662309375 0.6073290359375 0.7753451796874999 0.56945515 0.7729688375 0.5463756984375 0.772077703125 0.528622275 0.7688102265625 0.51441956875 0.7607901109374999 0.49607437499999996 0.7459380296875 0.4925237046875 0.73970018125 0.495482603125 0.73410625 0.5129346453125 0.7177190718750001 0.5132360031250001 0.709996015625 0.53394835 0.706134465625 0.556435940625 0.7150457140625 0.57537295 0.7200954140625 0.586616734375 0.729897796875 0.604370134375 0.7379179125 0.650528971875 0.7468291625 0.6676906 0.7619783046874999 0.68485223125 0.7685132125 0.6913618015624999 0.7780185359375 0.6866275421875
4 0.7136449203125 0.731634353125 0.7038425593750001 0.696127553125 0.7005750828124999 0.6653550109374999 0.7065159171875 0.6730481687500001 0.7121597125 0.6919851109375 0.7225561703125 0.7192069828125 0.737408253125 0.737552153125 0.746616540625 0.7411028703125 0.7436461234375 0.7245330109375 0.7204768875 0.629256415625 0.7181005453125 0.6132783734375 0.7172094343750001 0.5558757078125 0.7056248046875 0.5375305140625 0.7014662171875 0.541672978125 0.6875052687500001 0.5351634078124999 0.6785940187499999 0.5529168078125 0.66997980625 0.5475907796875 0.667009390625 0.5558757078125 0.6548306859374999 0.557059271875 0.64829575625 0.57836334375 0.6521573078125 0.597300309375 0.662256728125 0.625705790625 0.66997980625 0.644642709375 0.6744354312499999 0.664171490625 0.6794851296875 0.6955357828125 0.6839407546875 0.7162480828125 0.6904756843750001 0.7381439703125 0.7014662171875 0.7600398125 0.7121597125 0.7665493828125001 0.7160212625 0.7594480406249999 0.7136449203125 0.731634353125
6 0.6628508015625 0.599667415625 0.6554247609375 0.578955115625 0.6327239546875 0.5780712625 0.6162152703125 0.6067687796875 0.6203738359375001 0.623338615625 0.6260176328125 0.6428673734375 0.6346318453124999 0.6653550109374999 0.649483928125 0.7334097125000001 0.65275138125 0.7564891421875 0.655721796875 0.7695082828124999 0.66136559375 0.7766096703125001 0.6673064265625 0.7754260828125 0.6705738796875 0.7594480406249999 0.6601774234375 0.6499687171875 0.6628508015625 0.599667415625
6 0.6202192875 0.596281859375 0.596330309375 0.593615228125 0.5833861171875 0.618177725 0.581900909375 0.6341557671875 0.5851683624999999 0.6501338765625 0.59170329375 0.6702543609375 0.599426371875 0.7170049671875 0.608337621875 0.77736655625 0.6119021109375 0.79807885625 0.6208133609375001 0.8028130687499999 0.623486740625 0.78624325625 0.6252689859375 0.6672954609375 0.6270512312500001 0.6223201656249999 0.6202192875 0.596281859375
0 0.5878417421875 0.701618696875 0.593782575 0.6513173953125 0.5934855390625 0.6371146671875 0.586653571875 0.6081174593750001 0.5801186640625 0.6063421015625 0.5692207578125 0.5987965484375 0.557543503125 0.6069338953125001 0.5542760265625 0.618177725 0.5533849140625 0.6388900015625001 0.55635533125 0.6637447671875 0.559622784375 0.7010269250000001 0.5646724843750001 0.7489610984375 0.5715044515625001 0.7844678984375 0.5804157015625 0.8099144578124999 0.5872476671875 0.8181993406249999 0.590218084375 0.8087308703125 0.5878417421875 0.7199638687500001 0.5878417421875 0.701618696875
2 0.5524142750000001 0.7004537296875 0.5562758265625 0.6702729125 0.561919621875 0.6258894125000001 0.5568698999999999 0.61050311875 0.53059893125 0.6076788140625 0.5265716609375 0.6187880484375 0.5256805265625 0.6300318546875 0.5256805265625 0.644234628125 0.5268686984375 0.6578455187500001 0.528948003125 0.6779660484375001 0.5298391140625001 0.7051879203125 0.53221545625 0.7377358203125 0.5345917765625 0.7679165921875 0.5390474015625 0.796913821875 0.5467705015625001 0.817626121875 0.5521172390625 0.79336315 0.5524142750000001 0.7004537296875
2 0.5010260828125 0.6383167828125 0.502511290625 0.6862509546875 0.5048876109375 0.7164317484375 0.5057787453125 0.7596317078125 0.5111255031249999 0.77856865 0.51973969375 0.774426209375 0.52805686875 0.7016372484375 0.5331065671874999 0.6318072124999999 0.5291134765625001 0.6180414578125 0.5010260828125 0.624705846875 0.5010260828125 0.6383167828125