11 0.496932621875 0.333537946875 0.46397130468750003 0.32806404218749996 0.45669319374999995 0.46971632812499997 0.45277417187499996 0.5422155140625 0.48468602499999996 0.545561621875 0.49476342031250004 0.5332925453125 0.49196413593750005 0.44071662968750003 0.496932621875 0.333537946875
11 0.42343923749999995 0.32237723281249997 0.4236616421875 0.42398604687499997 0.41806307656249997 0.5132158140625 0.41918277187499997 0.5377540953125 0.4499748875 0.5422155140625 0.45725304062500005 0.493139125 0.45053473593750004 0.402794003125 0.44941504062500004 0.314679590625 0.42343923749999995 0.32237723281249997
9 0.41022507499999994 0.3626405828125 0.40524087499999994 0.29308035781249997 0.3727146953125 0.28010309375000003 0.3822322421875 0.436255165625 0.3844716765625 0.5076389546875 0.40014763750000004 0.5355232562500001 0.4130243578125 0.528831040625 0.4236616421875 0.46637017812500003 0.41022507499999994 0.3626405828125
15 0.34808099531250003 0.43290901562500006 0.345841559375 0.4909083734375 0.3547992578125 0.518792675 0.379432959375 0.5065235984375 0.386151221875 0.48421615781250005 0.3727146953125 0.28010309375000003 0.3576451578125 0.2875000015625 0.34808099531250003 0.43290901562500006
15 0.33174748906249996 0.29168526875 0.3088910296875 0.4128323265625 0.297693896875 0.47640854375 0.335204275 0.5054082015625 0.347521146875 0.499831340625 0.3598379765625 0.48310075937499997 0.360397825 0.38829413125 0.360957671875 0.3024105359375 0.33174748906249996 0.29168526875
13 0.31214925312499997 0.25262276875 0.289296046875 0.2477572640625 0.2624229109375 0.38829413125 0.260183475 0.43737052031249996 0.280898196875 0.4674855765625 0.301053028125 0.46860093125 0.3111304640625 0.381601915625 0.31214925312499997 0.25262276875
13 0.22659207656250002 0.3381023875 0.22771181562499998 0.40614011093749997 0.2495462328125 0.42510144375000003 0.2646623453125 0.4117169703125 0.290975590625 0.24441115781249997 0.247866646875 0.2198729625 0.2428554890625 0.26238839375 0.22659207656250002 0.3381023875
3 0.5373125171875001 0.4797546515625 0.5311541015625 0.42398604687499997 0.5328336890625 0.3180256984375 0.497562703125 0.3191411171875 0.49700285468749994 0.45298574687500004 0.4936437234375 0.5344079015625 0.5093196843750001 0.547792375 0.5345132328125 0.5411001171875001 0.5373125171875001 0.4797546515625
3 0.57322575625 0.323772321875 0.540671690625 0.3180256984375 0.540671690625 0.41952458437500006 0.5339533859375 0.5132158140625 0.54515051875 0.5388694078125 0.5720236546875 0.529946396875 0.5681046750000001 0.4340244125 0.57322575625 0.323772321875
7 0.5798616125 0.40614011093749997 0.5709039578125 0.4797546515625 0.588819353125 0.53106179375 0.6117735109375 0.5076389546875 0.6100939234375 0.4418320265625 0.61289320625 0.2912568140625 0.5921240562500001 0.28191964375 0.5798616125 0.40614011093749997
1 0.6320204640625 0.30563616250000003 0.614012903125 0.2990643859375 0.612333315625 0.42733215468749997 0.6112136203125 0.49648523281249995 0.627449428125 0.5143312124999999 0.6476043015624999 0.4909083734375 0.6397663421875001 0.40725546562500003 0.6320204640625 0.30563616250000003
7 0.66281769375 0.30842634062499996 0.6638401109375 0.290141396875 0.6302487109375 0.2990643859375 0.6397663421875001 0.46971632812499997 0.662160609375 0.4853315125 0.6940724203124999 0.45633185468750004 0.6862343765625 0.40948621875 0.66281769375 0.30842634062499996
7 0.6894152984375 0.26378348281249997 0.6884738546875 0.37156354999999996 0.6873541578125 0.42398604687499997 0.6957520078125 0.46637017812500003 0.7383010609375 0.42733215468749997 0.7259842328125 0.3492561078125 0.7187060796875 0.2488726421875 0.6879139640624999 0.264487846875 0.6894152984375 0.26378348281249997
5 0.7567763484375 0.30352586875 0.7468101328125 0.240066965625 0.7170264921875 0.2488726421875 0.7187060796875 0.2912568140625 0.7299032125 0.3749097 0.73774125625 0.41060157343750003 0.7562164578125 0.4161784328125 0.7707727640625001 0.3682174421875 0.7567763484375 0.30352586875
2 0.507431678125 0.56512276875 0.5081999875000001 0.56074675625 0.48020715625 0.5551698968750001 0.48692541875 0.6622456437500001 0.49308387500000006 0.76262913125 0.5126788578125 0.7603983796875 0.5081999875000001 0.664476353125 0.507431678125 0.56512276875
2 0.5054007046875 0.5640928656249999 0.509879575 0.69236065625 0.5160379890625 0.761513734375 0.5356329718749999 0.761513734375 0.5311541015625 0.6533226328125 0.5326294093749999 0.5595424125 0.5054007046875 0.5640928656249999
0 0.5620267640625001 0.5595424125 0.5305942531250001 0.5585160046875 0.5333935375000001 0.6142846093750001 0.5350731234375 0.7090912375 0.54515051875 0.7603983796875 0.559146934375 0.763744571875 0.5630659140625001 0.631015190625 0.5620267640625001 0.5595424125
6 0.6050551625 0.7392062921875 0.5960975078125 0.598669425 0.585824621875 0.55535714375 0.5602666734375 0.5507084328125 0.5585870859375001 0.597554028125 0.5681046750000001 0.6622456437500001 0.575382828125 0.7492446578124999 0.5876996578125 0.807244015625 0.60673475 0.803897865625 0.6050551625 0.7392062921875
6 0.6313684937499999 0.638822803125 0.6285692093749999 0.5852849515625 0.6236212203125 0.533035715625 0.6011361828124999 0.5284010140625 0.5871397671875 0.569669725 0.6000164875 0.6198614703125 0.6084143359375 0.7180142484375 0.6240903390625 0.7715521 0.6425656265625 0.763744571875 0.6313684937499999 0.638822803125
4 0.660481021875 0.5652082625 0.647419078125 0.523270090625 0.62800931875 0.5261702171875 0.62297064375 0.562977509375 0.63808675625 0.6209768671875 0.6526429765625 0.7347448296875 0.6638401109375 0.7603983796875 0.6716781546874999 0.7280525718749999 0.660481021875 0.5652082625
4 0.738860953125 0.6544380296875 0.7097484234375 0.562977509375 0.7147871 0.5205933578125 0.7034140390625 0.4828125015625 0.7024702703125 0.48043997968749996 0.658801434375 0.49047832500000005 0.6492838890625 0.5562852953124999 0.6666393937499999 0.5652082625 0.6750372437500001 0.6399382015625 0.696871703125 0.7202449578125 0.738860953125 0.6544380296875
4 0.715346990625 0.5362085624999999 0.7455792156250001 0.649976525 0.7774910265625 0.6321305875000001 0.7640545015625 0.5417854234374999 0.7562164578125 0.45255567656249995 0.7170264921875 0.453671053125 0.7048139140624999 0.4730468765625 0.715346990625 0.5362085624999999
4 0.800005346875 0.4270089296875 0.7718924609375 0.42244066562500004 0.7545369562500001 0.4559018265625 0.767413590625 0.5618621546875 0.7864487671875 0.6209768671875 0.8172408828125001 0.5964386734375 0.8161211875 0.46036326875 0.800005346875 0.4270089296875
10 0.46283766406250004 0.7581677109375 0.4941896703125 0.76262913125 0.48579182187500003 0.6522072765625 0.4796333640625 0.5507084328125 0.453536528125 0.5609375015625 0.456119359375 0.6488611703125 0.46283766406250004 0.7581677109375
10 0.43113854375000005 0.552566965625 0.42084841562499997 0.5830542000000001 0.41860898124999996 0.649976525 0.41692939375 0.7670905953125 0.4348448328125 0.7860520140625 0.446041965625 0.757052271875 0.45220037968750004 0.6399382015625 0.45052079218749996 0.5585160046875 0.43113854375000005 0.552566965625
8 0.384457734375 0.5997847796875 0.3838978859375 0.7425524421875 0.39173584375 0.761513734375 0.40349286875 0.73586026875 0.41245056562500004 0.6466304171874999 0.42588713437500003 0.5640928656249999 0.3926420078125 0.55535714375 0.384457734375 0.5997847796875
14 0.3715810140625 0.7436677984375 0.36814421406250003 0.7450892875 0.3766197328125 0.6410535562499999 0.39341543125 0.559631403125 0.36990146875 0.5205933578125 0.34974659531249996 0.5562852953124999 0.3514261828125 0.6165153625 0.34134874531250003 0.7380909375 0.3430283328125 0.7782443156250001 0.3715810140625 0.7436677984375
14 0.27155290625 0.689285715625 0.319514371875 0.744783153125 0.3469473125 0.6009001781250001 0.36374301249999996 0.5161318734375 0.34358818125 0.5150164968750001 0.30103908437500004 0.5094396375 0.292641234375 0.597554028125 0.27155290625 0.689285715625
12 0.259609684375 0.6800915796875 0.28200395 0.5997847796875 0.30439821562499997 0.4871321953125 0.2517716828125 0.4614786875 0.241134440625 0.5306317234375 0.22255731562499997 0.611160715625 0.259609684375 0.6800915796875
12 0.178461284375 0.5832589296874999 0.174511490625 0.617630759375 0.21482115156249998 0.6421689109375001 0.236095721875 0.5685543703125 0.2523315734375 0.44920954843749994 0.23161685156249998 0.436940471875 0.186268471875 0.45032496718750004 0.178461284375 0.5832589296874999