10 0.42310179375 0.6794062734375 0.417503228125 0.7954049875 0.42646092500000005 0.819943140625 0.44325662499999996 0.768636040625 0.44941504062500004 0.6715987453125 0.4555734546875 0.609137840625 0.42203936249999996 0.6083705375 0.42310179375 0.6794062734375
10 0.45277417187499996 0.6024455828125 0.45165447500000006 0.684983134375 0.4488551921875 0.7842512671875 0.47292900156249995 0.7831359124999999 0.4712494578125 0.6715987453125 0.4724348265625 0.6125558046874999 0.45277417187499996 0.6024455828125
8 0.39007024375 0.80878941875 0.4023870734375 0.8255200015625 0.4147039453125 0.78759733125 0.4247813390625 0.6102532796875 0.39404188281249997 0.606975446875 0.38895050468750003 0.7307133734375 0.39007024375 0.80878941875
14 0.362637259375 0.69167535 0.360397825 0.7797897625 0.376633675 0.7831359124999999 0.387830809375 0.6950215 0.395668809375 0.6202915609375 0.3665562390625 0.59017650625 0.365344465625 0.591629465625 0.362637259375 0.69167535
12 0.2282716640625 0.6626756921875 0.2887361984375 0.570099815625 0.2948946125 0.5444462671875 0.25010608125 0.4909083734375 0.23722936093749997 0.548907815625 0.2085585765625 0.6125558046874999 0.2282716640625 0.6626756921875
12 0.33240499218749997 0.659329584375 0.30777129062499997 0.5511384828125 0.27194050000000003 0.5968687218750001 0.2288315125 0.666021884375 0.2554543546875 0.7199776796874999 0.289296046875 0.6860984890624999 0.33240499218749997 0.659329584375
2 0.4734888921875 0.6057916890625 0.47068960937500004 0.6794062734375 0.47404874062499996 0.7842512671875 0.49644300625 0.789828128125 0.49700285468749994 0.7251365125 0.49763255937500006 0.611160715625 0.4734888921875 0.6057916890625
2 0.49700285468749994 0.615830140625 0.49700285468749994 0.7150981468750001 0.4992422890625 0.789828128125 0.5188372734375 0.7954049875 0.52163655625 0.6950215 0.5256300406250001 0.6125558046874999 0.49700285468749994 0.615830140625
0 0.55432745625 0.6348772328125001 0.5546681062500001 0.6347913890625 0.5277949703125 0.6002148296875001 0.5255555359375 0.6559834343750001 0.518277425 0.7920588375000001 0.5585870859375001 0.7920588375000001 0.5597067828125 0.713982790625 0.55432745625 0.6348772328125001
6 0.5900242437500001 0.60418526875 0.5770623296874999 0.6002148296875001 0.5429110828125 0.6314452828125 0.5625061078125 0.6994830046875 0.5720236546875 0.7942896328125 0.5955376171875 0.7920588375000001 0.5916186375 0.6693679078125 0.5900242437500001 0.60418526875
6 0.58993905 0.6225222718750001 0.60673475 0.7128674359375 0.6201713609375 0.79317419375 0.6392064515625 0.7775590515624999 0.6263297328124999 0.6693679078125 0.629920653125 0.591629465625 0.58993905 0.6225222718750001
9 0.41526379375 0.5399847624999999 0.417139803125 0.41305803750000003 0.401827225 0.4083708625 0.38895050468750003 0.5555999453125 0.37999280625 0.5857150015625 0.38895050468750003 0.62363766875 0.4057462046875 0.6359067453125 0.41694333749999996 0.6024455828125 0.41526379375 0.5399847624999999
1 0.5676262609375 0.4144531265625 0.5440308218750001 0.41394772343749997 0.5401118 0.49760063125 0.5373125171875001 0.5935227000000001 0.5468301046875 0.6292145296875 0.5798616125 0.592407259375 0.5664250875 0.5076389546875 0.5676262609375 0.4144531265625
5 0.6824159296875 0.4200334828125 0.6330479953125 0.41952458437500006 0.6201713609375 0.5332925453125 0.61961146875 0.595753365625 0.6548824546875001 0.6147147000000001 0.6783964171875 0.5879458390625001 0.6699985671875 0.49648523281249995 0.6824159296875 0.4200334828125
5 0.7494981953125001 0.4909083734375 0.730463103125 0.4184091859375 0.7174127796875001 0.3656250015625 0.7175863828125 0.3726789484375 0.7075089453125 0.340333140625 0.6750372437500001 0.3938709921875 0.6946322265625 0.47529318906249995 0.7007906828125 0.5444462671875 0.722065253125 0.5399847624999999 0.7494981953125001 0.4909083734375