10 0.45502916562499995 0.597992134375 0.4615608265625 0.676935646875 0.46417348281250004 0.74199901875 0.48768746875 0.7350589000000001 0.4855102484375 0.643970178125 0.4852359 0.585677084375 0.45502916562499995 0.597992134375
10 0.43630505781249995 0.750674134375 0.46286713749999997 0.750674134375 0.45938360468750006 0.6734655875 0.458512696875 0.5971245703125 0.42644119218750004 0.5921875015625 0.4289025203125 0.645705275 0.43630505781249995 0.750674134375
8 0.420629078125 0.580641903125 0.3954106515625 0.596527778125 0.3923252140625 0.6526452953125 0.3979859671875 0.70382849375 0.39972775 0.80098976875 0.4280316125 0.8070623906250001 0.4280316125 0.7081660515625 0.42498351875000007 0.657850384375 0.42977339687500005 0.6127397718750001 0.420629078125 0.580641903125
14 0.359231471875 0.6526452953125 0.35574790625 0.763686809375 0.377955546875 0.7766994828125 0.39319608906250003 0.671730590625 0.40103409531249995 0.611004809375 0.3849226453125 0.5841118953125 0.3562141796875 0.606293403125 0.359231471875 0.6526452953125
15 0.40713031875 0.4964932015625 0.40412097812500003 0.3968750015625 0.37403654375 0.38545172031249997 0.37403654375 0.514710965625 0.368375790625 0.554616553125 0.3744720140625 0.582376865625 0.40582397343750004 0.5780393078125 0.41453285468749995 0.5433388421875 0.40713031875 0.4964932015625
13 0.32918582500000004 0.500830759375 0.3178642859375 0.46526279531250003 0.31701770625000003 0.3990451390625 0.316993378125 0.40366945000000004 0.316993378125 0.370704015625 0.2847705109375 0.3785116171875 0.290866734375 0.4669978265625 0.2838996359375 0.5181809921875 0.3139452828125 0.54941143125 0.32918582500000004 0.500830759375
2 0.48334098125 0.5972306359374999 0.488130859375 0.6640290046875 0.4903080796875 0.7342974671875 0.51817650625 0.7308274078125 0.513822065625 0.646678771875 0.5086449046875 0.5900173625 0.48334098125 0.5972306359374999
2 0.506854934375 0.5937605765625 0.5186119437500001 0.6640290046875 0.5234018218750001 0.738635025 0.5464803703125 0.7421050515625 0.5386423640625 0.6562214203125001 0.54130863125 0.576996528125 0.506854934375 0.5937605765625
0 0.5794163125 0.5791666671875 0.5691234484375001 0.5712052875 0.5395132390625 0.5859529578125 0.5473512453125 0.6709691234374999 0.5538829062499999 0.7620578453125 0.5821867703125 0.7620578453125 0.5795741125 0.6484138015625 0.5794163125 0.5791666671875
5 0.6850290296875 0.3947048625 0.630956525 0.3864253078125 0.6174577328125 0.5156845296875 0.626602084375 0.5816154 0.6701464890625 0.573807815625 0.6814679953125 0.5564575828125 0.6731945859375 0.475779025 0.6850290296875 0.3947048625
4 0.6980148828125 0.63800365625 0.758541646875 0.7126096765625001 0.79076448125 0.698729503125 0.7707340281249999 0.629328540625 0.7406884140625001 0.57033775625 0.716738990625 0.51915460625 0.678496284375 0.5900173625 0.6980148828125 0.63800365625
4 0.776830284375 0.5477824499999999 0.7677771390625 0.488020834375 0.7298023125 0.49920181250000006 0.724576996875 0.534769775 0.7554934859375 0.6102433109375001 0.7859745703125001 0.665764034375 0.805569553125 0.6770416796875 0.8051341484375 0.646678771875 0.776830284375 0.5477824499999999