11 0.4762881765625 0.4206399390625 0.4667705875 0.6013302265625 0.47012971875 0.64371444375 0.509879575 0.64148360625 0.5065204015625 0.5555999453125 0.5053318671875 0.42840401874999995 0.4762881765625 0.4206399390625
11 0.4415770375 0.518792675 0.43485877500000003 0.615830140625 0.44941504062500004 0.639252853125 0.4667705875 0.6359067453125 0.4712494578125 0.5533692359375 0.475728284375 0.4206399390625 0.4472370953125 0.42142857187500005 0.4415770375 0.518792675
9 0.41364011874999995 0.4242187515625 0.40854548749999997 0.5154465671875 0.39846809375 0.6013302265625 0.42198205624999996 0.6314452828125 0.4370982109375 0.609137840625 0.44101719062500006 0.545561621875 0.43989749375000003 0.41060157343750003 0.41414405312499997 0.40948621875 0.41364011874999995 0.4242187515625
15 0.3788731109375 0.5210235125 0.3654365421875 0.579022784375 0.37999280625 0.615830140625 0.40518635625000005 0.5946379687500001 0.4203025109375 0.5600615359375001 0.4203025109375 0.42398604687499997 0.382842890625 0.4242187515625 0.3788731109375 0.5210235125
13 0.3156489375 0.38376116250000003 0.3144895953125 0.3682174421875 0.2887361984375 0.3704481953125 0.2797784578125 0.5422155140625 0.302732615625 0.5589460953125001 0.3357641234375 0.5344079015625 0.325686728125 0.47083168437499995 0.3156489375 0.38376116250000003
13 0.23331038125 0.46637017812500003 0.23722936093749997 0.499831340625 0.264102496875 0.5277156859375001 0.2803383484375 0.503177490625 0.2848171765625 0.399447853125 0.285936915625 0.355948365625 0.25825410312499997 0.35167410781249997 0.23331038125 0.46637017812500003
3 0.5086406625000001 0.6527457234375 0.54839051875 0.6482842609375 0.5450313437500001 0.573554321875 0.53999266875 0.43970965 0.5109313625 0.43258928750000003 0.509200553125 0.6025539796875 0.5086406625000001 0.6527457234375
3 0.5427919515624999 0.436363584375 0.5461510828125 0.594746365625 0.55174965 0.6427074 0.5831016140624999 0.6293229265625 0.5747037640625 0.556823740625 0.568326196875 0.44095982187500005 0.5427919515624999 0.436363584375
1 0.5735840671875 0.415171475 0.5747037640625 0.575785075 0.5954184421875001 0.6293229265625 0.6166930125000001 0.6025539796875 0.6043761828124999 0.53005479375 0.5984234875000001 0.41863839374999995 0.5735840671875 0.415171475
7 0.6201215359375001 0.4102678578125 0.6026965953125 0.41182536875000003 0.6021367484375 0.5679774609375 0.6082951624999999 0.5902849031249999 0.637407690625 0.5980925171875 0.6413267140625 0.5746696765625 0.6267704484375 0.5077473515625 0.6201215359375001 0.4102678578125
5 0.7384108890625 0.38097098281249997 0.7118686859375 0.3538260109375 0.6872349421874999 0.462017090625 0.6917138109375001 0.5255933296874999 0.7180270578125 0.527824040625 0.73482275625 0.499939759375 0.7303438859375 0.445286509375 0.7384108890625 0.38097098281249997
10 0.4962326859375 0.665569196875 0.49688368125000004 0.65872468125 0.4722499796875 0.6509170890625 0.4688908484375 0.70668569375 0.4688908484375 0.8115306859375 0.49464424687499997 0.8237997625 0.495763984375 0.7434929640625 0.4962326859375 0.665569196875
10 0.437538884375 0.8204536546875 0.459373303125 0.8193382578125 0.46497186875 0.746839071875 0.47336971875 0.6576093249999999 0.43813791406249997 0.65301339375 0.439218471875 0.7156086609375001 0.437538884375 0.8204536546875
8 0.39834891875 0.6988780796875 0.39610948437500004 0.8237997625 0.40842635625 0.8449918500000001 0.416264315625 0.809299934375 0.43250016718750006 0.7223009203124999 0.4358592984375 0.6475709593750001 0.40524087499999994 0.6348772328125001 0.39834891875 0.6988780796875
14 0.3800431421875 0.6195312515625 0.3658772171875 0.6531478203125001 0.36027865000000003 0.7847617390625 0.3731553703125 0.8070691812499999 0.39163065625 0.7624542984375 0.39554963593750003 0.688839778125 0.40842635625 0.6620708093750001 0.391070765625 0.6230327859375 0.3800431421875 0.6195312515625
14 0.338046921875 0.61395089375 0.32948653437500003 0.7055703375 0.3182894234375 0.7624542984375 0.3182894234375 0.8026076765625 0.34460269062500004 0.783646384375 0.3664371078125 0.67768605625 0.380993371875 0.61410981875 0.34964140781249997 0.5951484828125 0.338046921875 0.61395089375
12 0.2684621734375 0.65872468125 0.24705511093750002 0.704631696875 0.237110209375 0.7245316296875 0.2550256046875 0.7535313296874999 0.336204840625 0.6654169171875 0.3406836671875 0.62637889375 0.32668727343750004 0.5951484828125 0.29533528750000004 0.57730256875 0.2684621734375 0.65872468125
12 0.23375105624999998 0.56726418125 0.2113583234375 0.6181361625 0.1964822359375 0.664301540625 0.223673640625 0.6854936281249999 0.2790994578125 0.628609646875 0.289736721875 0.5873408718750001 0.28413815468750003 0.5583412125 0.24774747187499999 0.5193031796875001 0.23375105624999998 0.56726418125
2 0.4968841453125 0.7278777796875 0.5041623000000001 0.8059538265624999 0.5276762609375 0.804838428125 0.5214304171874999 0.665569196875 0.49464471093749995 0.664301540625 0.4968841453125 0.7278777796875
2 0.5175988671875 0.6620708093750001 0.5254368265625 0.7412622109375 0.531595284375 0.800376965625 0.5528698109375 0.8026076765625 0.54895083125 0.7579927921875 0.5459282125 0.665569196875 0.5175988671875 0.6620708093750001
0 0.5823249374999999 0.6488281265625 0.5461515484375 0.6665323359374999 0.5545493968749999 0.723416275 0.5702253578125 0.8137613968749999 0.5903802312499999 0.85837628125 0.599897778125 0.8249151187500001 0.5859013609375 0.7301084906249999 0.5823249374999999 0.6488281265625
6 0.6229212828125 0.6711495546874999 0.608855475 0.6241481624999999 0.5842217749999999 0.6475709593750001 0.5954189078125001 0.7278777796875 0.6099752140625 0.8260305156250001 0.629570196875 0.8461072046875 0.62229204375 0.7535313296874999 0.6229212828125 0.6711495546874999
6 0.6749185765625 0.7881078484375 0.66372144375 0.73233924375 0.65420385625 0.65872468125 0.6418195828125 0.606975446875 0.6228518921874999 0.6219174515625 0.6166934765625001 0.6118790656249999 0.6094153234374999 0.6531478203125001 0.6284504578125001 0.6899551109375001 0.6474855921875 0.7858770953125 0.6693200109374999 0.8104152890625 0.6749185765625 0.7881078484375
4 0.6866155515625 0.567912946875 0.639647590625 0.6118790656249999 0.65420385625 0.6531478203125001 0.7017917125 0.7390315015625 0.7225063921875 0.7513005765625 0.725305675 0.71895476875 0.7034713 0.6397633671875 0.6866155515625 0.567912946875
4 0.737011015625 0.52606026875 0.702911409375 0.5527643531249999 0.6883551453125001 0.590687 0.7017917125 0.6252635390625 0.7437809625 0.6910704875 0.76393575 0.67433990625 0.751059115625 0.612994440625 0.737011015625 0.52606026875