10 0.4721679671875 0.6555650640625 0.4824553265625 0.7092423828125 0.48833380625 0.7677994171875 0.5025401765625 0.7599917828125 0.4951920578125 0.68484361875 0.49157810625 0.6285644546875 0.4721679671875 0.6555650640625
10 0.47381720468750005 0.6261230484375 0.44277549374999997 0.6438536859374999 0.45159321406249997 0.6789879296875 0.4609008375 0.7590158484375 0.47363756874999996 0.7824386750000001 0.4814755921875 0.7590158484375 0.4721679671875 0.6887474359375 0.47381720468750005 0.6261230484375
8 0.4501236125 0.6897233703125 0.45483141250000003 0.6200195328125 0.4300387625 0.615551178125 0.42318051093750003 0.6487334390624999 0.42709948593749997 0.6614207890625 0.4305286296875 0.7414487078125 0.434447603125 0.79902980625 0.444735 0.7795107953125 0.4501236125 0.6897233703125
14 0.4324881359375 0.61457516875 0.405223378125 0.5919433609375 0.3967272765625 0.632142271875 0.3952576390625 0.7287613937499999 0.3942779046875 0.7873184296875 0.41044377968749995 0.7882943640625 0.41681212656250005 0.7190018890625 0.423670378125 0.6536131921874999 0.4324881359375 0.61457516875
14 0.403585528125 0.6009119203125 0.38056140156249996 0.5735852359375 0.3641895703125 0.5907226578125 0.36488542968750004 0.637997959375 0.36635506875 0.6867954890625 0.35557780625 0.750232278125 0.3550879390625 0.7726791703125 0.3722335484375 0.7804867296875 0.38301077499999997 0.7268094484375001 0.3923183984375 0.653613190625 0.403585528125 0.6009119203125
12 0.31540810625 0.5228358734375 0.28258648750000004 0.5277156265625 0.2767080078125 0.6038396890625 0.2637486109375 0.6407714859375 0.2512345453125 0.6663005421875 0.2585826640625 0.67801191875 0.28258648750000004 0.7180259515625 0.2987523640625 0.687771425 0.3281448375 0.6057916734375 0.34088156875000003 0.5540662249999999 0.31540810625 0.5228358734375
2 0.492742684375 0.6340941812499999 0.49911106875 0.7043626296875 0.509398428125 0.781462740625 0.5270339046875 0.7677994171875 0.518216184375 0.6994828765625 0.5160759015624999 0.6285644546875 0.492742684375 0.6340941812499999
2 0.5397706359375001 0.6760600484375 0.5381239171875001 0.6212402359375 0.509398428125 0.6340941812499999 0.516256678125 0.6682524125 0.5260541703125 0.7219296953125001 0.5348718906250001 0.7775589234375 0.5525074046875 0.7697512890625 0.5461390203125001 0.73559301875 0.5397706359375001 0.6760600484375
0 0.5681834125 0.6809398 0.5672036031250001 0.6409258046875 0.5620092671875 0.6029296890625 0.53536179375 0.6116472875000001 0.541730140625 0.66532460625 0.552997271875 0.7268094484375001 0.57553153125 0.7980538703125 0.5853290234374999 0.7785348578125 0.5725922546875 0.73559301875 0.5681834125 0.6809398
6 0.6112923140625 0.7697512890625 0.600025259375 0.708266446875 0.5965960781249999 0.632142271875 0.5901817312500001 0.5809570328125 0.569163146875 0.5852966515625 0.5613251234375001 0.619454921875 0.5730821578125 0.6467815296875 0.58287965 0.7063145015625001 0.592677140625 0.770727225 0.6073733781249999 0.7931741171875 0.6112923140625 0.7697512890625
6 0.6313772015625 0.70338669375 0.62304935 0.6175030125000001 0.625703534375 0.5650878921875 0.6005150890625 0.5726092640625 0.5848391187499999 0.5979840015625 0.5951265140625 0.615551178125 0.6073733781249999 0.667276478125 0.625498721875 0.7580399109375 0.64117469375 0.7443765890625 0.6313772015625 0.70338669375
4 0.7347187234375 0.5711914078125 0.6994697375000001 0.50038894375 0.658320303125 0.5491864734374999 0.6539114625 0.5784649890625 0.6759558171875 0.6135991953125 0.719554625 0.635070190625 0.7425787140625 0.641901778125 0.7587445890625 0.597008028125 0.7347187234375 0.5711914078125