11 0.4594924765625 0.56452295625 0.47460858906250003 0.595753365625 0.4936437234375 0.548907815625 0.4955327484375 0.38794642968750004 0.4594924765625 0.3782558078125 0.4594924765625 0.56452295625
11 0.4236616421875 0.4674855765625 0.42310179375 0.547792375 0.42870036093749997 0.579022784375 0.4544537578125 0.582368978125 0.45669319374999995 0.5366386546874999 0.456133303125 0.37937116249999997 0.426938921875 0.37957589375 0.4236616421875 0.4674855765625
9 0.3926420078125 0.3558593765625 0.38839065625 0.49425448125000004 0.3805526546875 0.5511384828125 0.3979082453125 0.59017650625 0.417503228125 0.5935227000000001 0.4270207734375 0.5511384828125 0.41806307656249997 0.49425448125000004 0.417503228125 0.3470253984375 0.3926420078125 0.3558593765625
15 0.3284860125 0.32137182656249996 0.32400714218750004 0.454101103125 0.3273662734375 0.493139125 0.35535910625 0.46860093125 0.3514401265625 0.42398604687499997 0.3576451578125 0.32935267968750004 0.3284860125 0.32137182656249996
3 0.5104394234375 0.5968687218750001 0.5462702562499999 0.5946379687500001 0.550749084375 0.5377540953125 0.5479498015625001 0.3949863890625 0.5088315515625 0.39910714375 0.50316126875 0.5344079015625 0.5104394234375 0.5968687218750001
3 0.576725440625 0.392131696875 0.5501892359375 0.3871787765625 0.5473899531249999 0.49760063125 0.5513089328125 0.5767921171875 0.5714637640625 0.5845996453125 0.5849003734375 0.572330528125 0.582660896875 0.4897930171875 0.576725440625 0.392131696875
1 0.6173217875 0.3460937515625 0.5787419171875 0.3381023875 0.5821010906249999 0.5277156859375001 0.5882594625 0.5745612796875 0.6072946406249999 0.5868303984375001 0.6257699265625 0.5444462671875 0.6173720765625 0.4719470390625 0.6173217875 0.3460937515625
7 0.6089742265625 0.493139125 0.6408860390625 0.5132158140625 0.6470444109375 0.47417779062500004 0.6425195203125 0.33772321562499996 0.6156924890625 0.3224871828125 0.6089742265625 0.493139125
7 0.67961618125 0.32935267968750004 0.6481641921875 0.324717978125 0.645364909375 0.4674855765625 0.63640716875 0.5444462671875 0.6644000015625 0.5667536671875 0.6795161140625 0.546676978125 0.6744774375 0.46860093125 0.67961618125 0.32935267968750004
5 0.7265119609374999 0.333537946875 0.682315396875 0.324717978125 0.6783964171875 0.5143312124999999 0.684554875 0.5511384828125 0.7332623859375 0.5355232562500001 0.733822190625 0.49425448125000004 0.7175863828125 0.436255165625 0.7265119609374999 0.333537946875
5 0.7587090625 0.3167968765625 0.723744840625 0.3113334625 0.7327024953125 0.42733215468749997 0.733822190625 0.5087543515624999 0.7584559343749999 0.5277156859375001 0.788688159375 0.47306243593749997 0.7746917437499999 0.4217552953125 0.7587090625 0.3167968765625
10 0.4426967765625 0.7185072375 0.45053473593750004 0.7887757125 0.47012971875 0.74750689375 0.4738347015625 0.606975446875 0.4421368859375 0.6036239203125 0.4426967765625 0.7185072375
10 0.395668809375 0.784314165625 0.4331791890625 0.8021601437499999 0.439337603125 0.6839306765625001 0.44829534375 0.590239446875 0.41993955156249996 0.59441964375 0.40742579062499995 0.6850460734375 0.395668809375 0.784314165625
8 0.3615175625 0.784314165625 0.379432959375 0.7910064234374999 0.4057462046875 0.68281540625 0.41862292500000003 0.594700909375 0.39054219843750004 0.597209821875 0.3631971078125 0.7363531734375 0.3615175625 0.784314165625
14 0.36044490625000003 0.5567522328125001 0.34864084375000004 0.61366224375 0.329605709375 0.7285455609375 0.3284860125 0.764237475 0.350880278125 0.7720451734375 0.3654365421875 0.690622934375 0.385031525 0.6158929953125 0.38391182968750004 0.5768549734375 0.36044490625000003 0.5567522328125001
14 0.29045120625 0.68231026875 0.285377025 0.740814678125 0.3200881625 0.7564298625 0.339123296875 0.660507965625 0.35703869374999997 0.56681660625 0.335204275 0.5155095078125 0.3111304640625 0.543393809375 0.29045120625 0.68231026875
12 0.29657415781249996 0.5657012515625001 0.3116903125 0.526663228125 0.280898196875 0.44747182656250006 0.20575882812500002 0.5302455375 0.22939135937500002 0.633738975 0.29657415781249996 0.5657012515625001
12 0.260743365625 0.47089462343750005 0.27362004375 0.41735675156249996 0.23331038125 0.3615881453125 0.1896602765625 0.45212053750000003 0.20027883124999998 0.5367015953125 0.260743365625 0.47089462343750005
2 0.48793109531249995 0.764237475 0.5058464921875 0.737468571875 0.5080859265625 0.594700909375 0.47897339843750003 0.5913548015625001 0.4787342609375 0.6153459828125001 0.47057554843749994 0.7463915390625 0.48793109531249995 0.764237475
2 0.508645775 0.6036239203125 0.50528664375 0.6426619437500001 0.49912822968750004 0.7597760124999999 0.5271210609375 0.7664683140624999 0.53831819375 0.661623234375 0.5340292843750001 0.6027901796874999 0.508645775 0.6036239203125
0 0.5718258828125 0.601395090625 0.5439167609375 0.594700909375 0.5355189109375 0.6348543296875 0.547835740625 0.6984305484375 0.56183215625 0.7976986390625 0.5831067265625001 0.8021601437499999 0.577508159375 0.6560463734375 0.5718258828125 0.601395090625
6 0.5851246859375 0.5860491078125001 0.5730292890625 0.6069700265625 0.587585596875 0.690622934375 0.6004622734375 0.7865449171875001 0.616698125 0.795467928125 0.6245361265625 0.7787373046875 0.616698125 0.6872768265625 0.6150185375 0.5924701984375 0.5851246859375 0.5860491078125001
6 0.657567678125 0.657161771875 0.6453192671875 0.5595424125 0.62845510625 0.547855315625 0.6088601234375 0.579085725 0.617817821875 0.6158929953125 0.6385325421875 0.7006612578125 0.6536486546875 0.7620067234375 0.6693246578125 0.7341224203125 0.657567678125 0.657161771875