11 0.46365974843749996 0.47822325625 0.4525539375 0.5953373046875 0.46797871406249997 0.646644403125 0.49944524687499997 0.6366060375 0.49019038125 0.56076074375 0.48995245 0.4758370546875 0.46365974843749996 0.47822325625
11 0.4241723109375 0.5585299906250001 0.466744703125 0.5507224421875 0.4537879 0.4447620921875 0.4365121328125 0.3666860046875 0.39893116093750003 0.37957589375 0.4130665015625 0.48491545 0.4241723109375 0.5585299906250001
8 0.4223213671875 0.53510719375 0.4093645640625 0.44253131874999996 0.39044612500000003 0.4925781265625 0.39702474374999996 0.6432982953125 0.4334271765625 0.6399521890625001 0.4223213671875 0.53510719375
8 0.353420515625 0.33772321562499996 0.3501333859375 0.4191085015625 0.3495164046875 0.4525696640625 0.37111109062500003 0.48826155781249997 0.3951737515625 0.457031146875 0.389003840625 0.382301209375 0.389003840625 0.333224840625 0.353218340625 0.337686325 0.353420515625 0.33772321562499996
15 0.351984378125 0.613183240625 0.38345091249999996 0.62768306875 0.3902378046875 0.5808374328125 0.389003840625 0.4860308265625 0.371161953125 0.5051339296874999 0.3501333859375 0.5908757984374999 0.351984378125 0.613183240625
15 0.3156235390625 0.47025669687500005 0.3180498703125 0.577491325 0.36617519062500004 0.5585299906250001 0.356303296875 0.450338953125 0.3156235390625 0.47025669687500005
15 0.28245476406250003 0.4828125015625 0.26560563125000003 0.551837775 0.3180498703125 0.5931065515625 0.32483676250000004 0.506107559375 0.28245476406250003 0.4828125015625
13 0.2168633296875 0.5384533015625 0.2582017578125 0.56076074375 0.2785624328125 0.5228381390625 0.292753246875 0.38899348749999996 0.253914190625 0.37818080468750004 0.211927428125 0.482684696875 0.2168633296875 0.5384533015625
13 0.2415429703125 0.41845814062500003 0.2582017578125 0.38834310625 0.226144984375 0.3070312515625 0.1860137765625 0.368266396875 0.2082254453125 0.4452270875 0.2415429703125 0.41845814062500003
3 0.5525315671875 0.6557981515625 0.555616521875 0.5275303625000001 0.5238925921875001 0.48002232187500005 0.50564025625 0.584414321875 0.5025553015625001 0.6424136781249999 0.5525315671875 0.6557981515625
3 0.573509271875 0.5085690281249999 0.5630203953125 0.576606709375 0.5661053515625001 0.63683681875 0.5994228765625 0.62791385 0.596337921875 0.5944526875 0.593315609375 0.5023437515625 0.573509271875 0.5085690281249999
1 0.6308894109375001 0.6290292046875 0.6401442765625001 0.6100678703125 0.629655446875 0.535337975 0.6247195 0.4695310046875 0.5979438109374999 0.4786272328125 0.60127386875 0.6100678703125 0.6308894109375001 0.6290292046875
7 0.6444632421875001 0.6100678703125 0.669759865625 0.5877604296875 0.6709938281250001 0.5085690281249999 0.6488540234375 0.42840401874999995 0.6210175625 0.51526124375 0.6444632421875001 0.6100678703125
7 0.6463141875 0.42045463749999995 0.6642069375 0.5632222765625 0.6820996859374999 0.592221934375 0.7141832015625 0.54760705 0.7047971484375 0.44938045937500004 0.691971534375 0.41599313125000004 0.65742004375 0.3658014078125 0.6463141875 0.42045463749999995
5 0.734543925 0.43049298125 0.7267620765625 0.362834821875 0.683950678125 0.3702628921875 0.6999924359375 0.43718521718750003 0.705545365625 0.5241842546875 0.7203531125 0.549837803125 0.752436675 0.5308764703125 0.7629255046875 0.48403083281250003 0.734543925 0.43049298125
5 0.7326929328125 0.429377646875 0.7592236140625 0.43830057343749995 0.7863711828125 0.378070484375 0.7514458171875 0.31540178750000003 0.7185021671875 0.3412632140625 0.7326929328125 0.429377646875
10 0.48727107968750005 0.8174187093749999 0.47992468125 0.6767299125 0.4372947671875 0.66349736875 0.44037972343750004 0.7951112671875 0.48727107968750005 0.8174187093749999
10 0.434826840625 0.7638808578125 0.43518540312500004 0.669754465625 0.3996583234375 0.656805175 0.40089233437500005 0.747150275 0.434826840625 0.7638808578125
8 0.31464795 0.8437855375 0.3448805203125 0.8538239046875 0.38560192031249996 0.7623634703125 0.40040971406250003 0.6664414015625 0.36499101875 0.6320870546874999 0.3368596640625 0.7355944359375 0.31464795 0.8437855375
14 0.26096974687499996 0.75567116875 0.2856493890625 0.8460163765625 0.319583896875 0.8080936234375 0.37017714375 0.627403378125 0.320251740625 0.5986049125 0.298606190625 0.6419032062500001 0.26096974687499996 0.75567116875
14 0.1986536609375 0.7210946078125 0.22580127656250001 0.7869015796875 0.27947947812499996 0.7043640265625 0.3171662734375 0.60418526875 0.2473959625 0.556019546875 0.1986536609375 0.7210946078125
12 0.147443384375 0.6474800671875001 0.1758249640625 0.7155177484374999 0.1998876234375 0.7099408875 0.2325881671875 0.6184803671875 0.183228884375 0.5627117625 0.1459228296875 0.636272321875 0.147443384375 0.6474800671875001
12 0.16595311562499998 0.49913560781250005 0.11969635625 0.5079241078125001 0.1523793078125 0.6195957640625 0.187547803125 0.5470965578125 0.16595311562499998 0.49913560781250005
2 0.5263112390625 0.7902477718750001 0.5084652546874999 0.675334821875 0.481270875 0.669787509375 0.49114276874999996 0.8136704828125 0.5263112390625 0.7902477718750001
2 0.5071845265625 0.6965564140625 0.5293961953124999 0.78578618125 0.5614797109375 0.8393240750000001 0.58677638125 0.823708934375 0.5559268281249999 0.7456328875 0.5385485625 0.685100446875 0.5071845265625 0.6965564140625
0 0.5966482281250001 0.800286053125 0.5717173375 0.679520090625 0.5386510609374999 0.676479725 0.586159353125 0.820362740625 0.5966482281250001 0.800286053125
6 0.6072002140625 0.659988840625 0.5750535421875 0.677595121875 0.5978821921875 0.806978353125 0.63243368125 0.9095925093749999 0.660198278125 0.8739006781249999 0.642305575 0.7824400734375 0.6213278703125 0.7177485 0.6072002140625 0.659988840625
6 0.64576855625 0.6446428578125001 0.619476878125 0.63409559375 0.6071370578125 0.6798258328125 0.62379584375 0.7210946078125 0.6540283671875 0.8214780968750001 0.673155128125 0.8080936234375 0.6626662515625 0.7344790828125001 0.64576855625 0.6446428578125001
6 0.6835655328125 0.6097656265625 0.6663681890625 0.6117881515625 0.6472414750000001 0.6396724546875 0.66451724375 0.7110562859375 0.6854949484375 0.79359379375 0.715727471875 0.773517190625 0.696600759375 0.69321030625 0.6835655328125 0.6097656265625
4 0.739103946875 0.558147321875 0.7360881953125 0.556019546875 0.683026975 0.5917114625 0.6910478296875 0.6385570984375 0.74225810625 0.7612480296874999 0.7786605875 0.7144023921875 0.7496619796874999 0.6407878078125 0.739103946875 0.558147321875
4 0.8243178875 0.6630952515625 0.7996382453125 0.5660579125 0.7475889828125 0.5986049125 0.77002275 0.69321030625 0.7805115796875 0.7155177484374999 0.8243178875 0.6630952515625