11 0.47720959531249996 0.355948503125 0.47198424531249994 0.5055942578125 0.46741210312500003 0.596683078125 0.50660206875 0.599285525 0.5085615875 0.4990879203125 0.50733835 0.3617187515625 0.47720959531249996 0.355948503125
11 0.441938615625 0.46004989687500003 0.438672784375 0.5537411624999999 0.44128545937499997 0.5823690578125 0.46741210312500003 0.590176740625 0.47263745156250003 0.49778667343749994 0.47590328125000003 0.349442165625 0.4436440828125 0.340559896875 0.441938615625 0.46004989687500003
9 0.40797399843750004 0.48607524687500003 0.39948281875 0.5459335796875 0.41385250312500005 0.5784652140625 0.43736647343749996 0.5602475015625 0.44651080781249997 0.47826766249999997 0.44651080781249997 0.3546472546875 0.4093471703125 0.3519531265625 0.40797399843750004 0.48607524687500003
13 0.2277001671875 0.24664204218750002 0.213330484375 0.3689611765625 0.214636846875 0.4275182125 0.249907775 0.4535435609375 0.2695027578125 0.44313343125 0.27052633125000003 0.2591796890625 0.2277001671875 0.24664204218750002
3 0.5058098765625 0.355948503125 0.5031972015624999 0.581067759375 0.5162605234375001 0.60188806875 0.5436935296875001 0.5875740984375 0.5449998421875 0.492581584375 0.5449016359375001 0.364973959375 0.5058098765625 0.355948503125
3 0.5423871671875 0.35985229531249996 0.5417340109375 0.5134018421875 0.5482656718750001 0.590176740625 0.5802708203125 0.581067759375 0.5783113015625 0.479568909375 0.57838195625 0.36334635625 0.5423871671875 0.35985229531249996
1 0.5835366515625 0.349442165625 0.58549611875 0.5264145671875 0.6090101390625 0.5602475015625 0.6286051203125 0.5329209046875001 0.624032928125 0.4899790390625 0.6208448015625 0.355208334375 0.5835366515625 0.349442165625
7 0.6553849203125 0.5160043875 0.651465934375 0.4613511453125 0.644526003125 0.360091146875 0.6384026125 0.33512824375 0.6175012671875 0.3416345796875 0.622726615625 0.4652549875 0.6181544234375 0.5107993484375 0.6312177453125 0.53812604375 0.649506415625 0.5459335796875 0.6553849203125 0.5160043875
7 0.6841242390625 0.4184093296875 0.6731067640624999 0.340559896875 0.6717140734375 0.320814271875 0.63905576875 0.320814271875 0.650159571875 0.4483384703125 0.654078559375 0.523812021875 0.6730203859375 0.53812604375 0.6919622125 0.49648537656249997 0.6841242390625 0.4184093296875
5 0.7102508828125 0.25835344375 0.6971875609375 0.4197106265625 0.7193952171875 0.463953690625 0.7461749671875 0.44183213437499996 0.73703068125 0.3507434125 0.7449669640625001 0.272200521875 0.7102508828125 0.25835344375
10 0.44963760312499995 0.8008147203125 0.48360221875000003 0.7956096796875001 0.47707055781249996 0.691508284375 0.4790300765625 0.6069259 0.44772704843750005 0.609114584375 0.4509439140625 0.7032196609375 0.44963760312499995 0.8008147203125
10 0.4777237140625 0.5991182671875 0.47641740156249995 0.6823994015625 0.4809895453125 0.7878020453125 0.5084225499999999 0.78519955 0.5031972015624999 0.7201361296875 0.49998901250000005 0.6074869796875 0.4777237140625 0.5991182671875
8 0.41371346718749996 0.670687975 0.41306031093750006 0.8164300375 0.4293894640625 0.8385514953125 0.43853374843750004 0.793007134375 0.44898444687500005 0.675893065625 0.447024928125 0.6043233546875 0.4189387671875 0.6043233546875 0.41371346718749996 0.670687975
14 0.3954650859375 0.574934896875 0.3771361765625 0.603022059375 0.36146018125 0.7734881234375 0.38170831875 0.8281413656250001 0.39999698906250003 0.76047545 0.40848811874999996 0.6459639234375001 0.42155144062499994 0.5848043453125 0.397384315625 0.5730929171875 0.3954650859375 0.574934896875
14 0.3372930046875 0.6459639234375001 0.3131258796875 0.73184755625 0.3131258796875 0.7865007984375 0.341212040625 0.7773920140625 0.3595006625 0.6823994015625 0.3875868234375 0.574394215625 0.34728608906249997 0.540755209375 0.3372930046875 0.6459639234375001
12 0.28634605468749996 0.6017208109375 0.319657540625 0.5158372046874999 0.2778549015625 0.4546776 0.2641384234375 0.505427025 0.214497784375 0.6420600828125 0.2576067625 0.685001946875 0.2623603984375 0.6709635421875 0.28634605468749996 0.6017208109375
12 0.1753078203125 0.5587789953125 0.2138446296875 0.6407588343749999 0.2621789296875 0.5431637765625 0.27001690312500004 0.4728953390625 0.22690795000000002 0.42865225156250003 0.1921333859375 0.5228515640625 0.1753078203125 0.5587789953125
2 0.5299770015624999 0.7773920140625 0.5269365875 0.613997396875 0.500584528125 0.6069259 0.5097288625 0.75657165625 0.5299770015624999 0.7773920140625
2 0.559369475 0.704520959375 0.5596003140625 0.5912109390625 0.523445340625 0.6069259 0.5280175328125 0.698014621875 0.559369475 0.704520959375
0 0.58418980625 0.7943083828125 0.6063974640625001 0.793007134375 0.5933341421875 0.656374053125 0.5849147015625 0.579817709375 0.5554504890625 0.6173360296875 0.58418980625 0.7943083828125
6 0.5848429625 0.6082271484375 0.60966329375 0.7344501 0.627951915625 0.8047185609374999 0.63905576875 0.7904046890624999 0.623379771875 0.6355537453125 0.6159452421875 0.5733072921875 0.5848429625 0.6082271484375
6 0.6518753421875 0.5635416671875 0.6468937421875001 0.552272634375 0.6050911015625 0.57829800625 0.6429747546875 0.6863031937499999 0.6821647203125 0.7904046890624999 0.7037192218749999 0.7747893718750001 0.6697545546875 0.6446626265625001 0.6518753421875 0.5635416671875
4 0.7319014734375 0.4642578140625 0.699147028125 0.48330551875000005 0.6847773953125 0.5457662953125 0.7207015296875 0.5795992546875001 0.7670763625 0.6784956109375 0.7964688359375 0.618637278125 0.752053521875 0.5210422203125 0.7319014734375 0.4642578140625