13 0.30634363124999997 0.3553962765625 0.307601075 0.3203242546875 0.29502664843750004 0.248927640625 0.285595828125 0.221371053125 0.2736501234375 0.2251287703125 0.2711687484375 0.24027608125 0.2629618625 0.3541437046875 0.2591895328125 0.3779425765625 0.2529023203125 0.40424659218750003 0.25101615625 0.42554031875 0.2541597640625 0.44683404531250004 0.2629618625 0.460612340625 0.276165009375 0.4706329171875 0.2918830421875 0.4718854890625 0.3013138609375 0.45560205 0.307601075 0.43180317968750004 0.30508618906249996 0.400488875 0.30634363124999997 0.3553962765625
15 0.37550297499999996 0.371679715625 0.3704732046875 0.3278396890625 0.36481471249999997 0.3002831 0.35538389375 0.27397908437499996 0.34096839375 0.2853967765625 0.34155202500000004 0.3353551203125 0.34092330312499997 0.3842054359375 0.337779696875 0.41677231406250004 0.3327499265625 0.4455814734375 0.32772015625 0.4931792171875 0.3321212046875 0.51447294375 0.3402945828125 0.52574609375 0.3503541234375 0.52574609375 0.3667008765625 0.524493521875 0.374874253125 0.490674071875 0.374874253125 0.454349478125 0.37550297499999996 0.371679715625
12 0.2511461625 0.592100921875 0.2535350453125 0.592100921875 0.2473239515625 0.604474996875 0.23967952656249997 0.6206564796875 0.23299065625 0.63112685 0.22869066718750003 0.6368379625 0.22152401875 0.6501638890625 0.216746253125 0.660634259375 0.214835146875 0.6720564828125 0.218657359375 0.6720564828125 0.22916844374999998 0.67110463125 0.23920175000000002 0.6644416671875 0.2497128328125 0.6520675921875 0.2693016703125 0.618752775 0.2769460953125 0.5959083296875 0.287457178125 0.5816305500000001 0.2979682625 0.56544906875 0.30417935625000003 0.55307499375 0.3075237921875 0.5273749921875 0.2998793671875 0.5102416578125 0.287457178125 0.5007231390625 0.2759905421875 0.4854935078125 0.270735 0.4816861 0.25883555468749997 0.485669775 0.25066838593749996 0.511193509375 0.24445729218749998 0.5311823999999999 0.2358573140625 0.55307499375 0.2210462421875 0.5835342546875 0.214835146875 0.6035231453125001 0.20862405312500001 0.616849071875 0.20575739375 0.6396935171875 0.20671294687500003 0.655875 0.216746253125 0.653971296875 0.226301784375 0.6330305546874999 0.23537953749999999 0.61494536875 0.2511461625 0.592100921875
5 0.74951329375 0.2455829359375 0.7390022093749999 0.2503421953125 0.7284911265625 0.27413849375 0.7227578078125 0.3712273890625 0.72610224375 0.3912162796875 0.7313577859375 0.4035903546875 0.73804665625 0.4150125765625 0.7499910703125 0.4131088734375 0.7643243656250001 0.399782946875 0.774357671875 0.3931199828125 0.7805687671875 0.3731310921875 0.7767465546875 0.3417199796875 0.76957990625 0.31030886562500004 0.7609799296875 0.2798496046875 0.74951329375 0.2455829359375
4 0.80493536875 0.5492236968750001 0.8011131562499999 0.5292348062500001 0.792035403125 0.517812584375 0.780090990625 0.51019776875 0.7786576609375 0.502582953125 0.7896465203125 0.512101471875 0.8035020390625001 0.5140051765625 0.8101909109375001 0.512101471875 0.8121020171875 0.49877554531249996 0.8073242515624999 0.4797385078125 0.7953798390625 0.4645088765625 0.7877354140625 0.43404961562500005 0.7853465328125 0.4054940578125 0.780090990625 0.39787924375 0.7719687890625 0.3959755390625 0.7648021421875 0.3959755390625 0.7533355046875 0.41025331718749997 0.747124409375 0.412157021875 0.73804665625 0.41881998437499995 0.733268890625 0.431194059375 0.7323133375 0.44927924687500004 0.73613555 0.4645088765625 0.7409133156250001 0.48069035937500004 0.7452133046875 0.4949681375 0.750468846875 0.5082940640625 0.75381328125 0.5244755484375 0.7609799296875 0.5406570296875 0.766713246875 0.5492236968750001 0.7786576609375 0.5539829578125001 0.798724275 0.563501475 0.80493536875 0.5492236968750001
10 0.4697142921875 0.7777312203125 0.48060641875 0.7524146968750001 0.4860524828125 0.6460853 0.4860524828125 0.6048555343750001 0.484237128125 0.5665190859375 0.48281708749999996 0.5550540765624999 0.4729819296875 0.5534991609375 0.4682620078125 0.5534991609375 0.464268228125 0.5534991609375 0.456643740625 0.5578391359375 0.4515607484375 0.5665190859375 0.4468408265625 0.5730290484375 0.44575161406249997 0.59038895 0.45228688906250003 0.6243854234375 0.45519145625 0.6865917375 0.457732953125 0.7227581984375 0.461000590625 0.7531380265625 0.4697142921875 0.7777312203125
10 0.48205870156249997 0.558562465625 0.4824217734375 0.5766456953125 0.49331389999999997 0.7205882109374999 0.4987599625 0.7560313437499999 0.50602138125 0.7639879640625 0.51255665625 0.678635115625 0.5169135078125 0.6012388890625 0.5158242953125 0.5607324515625 0.511830515625 0.5542224890624999 0.484237128125 0.55277583125 0.48205870156249997 0.558562465625
2 0.51146744375 0.5715823906249999 0.5136458703125 0.59979223125 0.5263533515625001 0.65765856875 0.5343409109375 0.7184182234375001 0.5452330375 0.74879805 0.5557620921875001 0.7560313437499999 0.5557620921875001 0.7292681625 0.5452330375 0.6251087546874999 0.539423903125 0.555669146875 0.5147350828125 0.555669146875 0.51146744375 0.5715823906249999
2 0.5663372484375 0.5601205359375 0.542691540625 0.5563924765625 0.5401500453125 0.567242415625 0.5408761859375 0.5882189624999999 0.5452330375 0.6222154359375 0.552131384375 0.6547652515625 0.5568513046875 0.6945483593749999 0.569195715625 0.74879805 0.5764571328125 0.7668812828125 0.586260046875 0.7777312203125 0.5960629609375 0.7791778796875 0.5920691812500001 0.7495213796875 0.5663372484375 0.5601205359375
0 0.6076812296874999 0.596175584375 0.6033243781250001 0.5614557812500001 0.5927953234375 0.5455425390624999 0.5844446921875 0.5419258921875 0.5713741406249999 0.5498825140625 0.5684695734375 0.5636257703124999 0.5699218562499999 0.5932822671875 0.5782724875 0.635958690625 0.588438471875 0.688761725 0.6007828828124999 0.7408414296875 0.6102227250000001 0.772667915625 0.621114853125 0.792921134375 0.6280132 0.8023244140625 0.6294654828125 0.777007890625 0.61639493125 0.6627218734375 0.6076812296874999 0.596175584375
6 0.6440473109375 0.5188650796875 0.6327331203125001 0.524565990625 0.6261978453125 0.539032575 0.62184099375 0.558562465625 0.6229302062500001 0.575922365625 0.6367269 0.6019622171875 0.664683359375 0.6663385203125001 0.6842891859375 0.70467496875 0.6995381640625 0.723481528125 0.70135351875 0.703228309375 0.6606895796875001 0.5534991609375 0.65161280625 0.5238426625 0.6440473109375 0.5188650796875
8 0.444279690625 0.54628615 0.434839846875 0.546960803125 0.41959086875 0.5563640828125 0.41305559374999995 0.5787872890625 0.40760952968749997 0.6178470671875 0.40288960781250005 0.7154965125 0.3952651203125 0.7625129125 0.39308669531249996 0.7864314515624999 0.4025265375 0.7936647453125001 0.42068008125 0.7712415390625 0.4468211859375 0.6605721671875 0.454445675 0.598365853125 0.454445675 0.5636460515625 0.444279690625 0.54628615