3 0.49850979687499997 0.44770389687499995 0.49850979687499997 0.48315951718749994 0.5037441328125001 0.5123582640625 0.521540875 0.5081870140625 0.5351501484375001 0.4956732671875 0.5299158140625 0.44770389687499995 0.52572834375 0.40390577656250004 0.51735340625 0.341337034375 0.50897846875 0.2996245390625 0.5006035328125 0.3163095375 0.4964160625 0.3475939078125 0.49850979687499997 0.3830495296875 0.5006035328125 0.41433390000000003 0.49850979687499997 0.44770389687499995
3 0.562368696875 0.48315951718749994 0.5592280953125 0.441447021875 0.5519000234375 0.389306403125 0.545618821875 0.3475939078125 0.5351501484375001 0.3079670375 0.52572834375 0.3017101625 0.5225877421875 0.341337034375 0.521540875 0.3830495296875 0.5299158140625 0.41641952499999996 0.5330564140625 0.449789521875 0.5404986484375 0.5002411343750001 0.562368696875 0.48315951718749994
11 0.46605691406250005 0.3601076578125 0.46710378124999996 0.4226764 0.46710378124999996 0.4623032703125 0.46605691406250005 0.5081870140625 0.4828067890625 0.5165295140625 0.494322328125 0.5165295140625 0.49850979687499997 0.48524514218750003 0.4932754609375 0.42684765 0.48804112499999996 0.39139202812499996 0.48699425781250005 0.3475939078125 0.4734880296875 0.30615717343750004 0.46605691406250005 0.3601076578125
11 0.45154872968750004 0.308022240625 0.4474646765625 0.32917706406249997 0.44419743437500003 0.359282003125 0.44419743437500003 0.3885732953125 0.4425638125 0.41460999843749996 0.43847975781250004 0.43983305625 0.43439570468750005 0.4642424671875 0.43788864062500005 0.4918934359375 0.44011337968750003 0.5057384640625 0.44828148749999996 0.5073657578125 0.45890002656249995 0.5098067000000001 0.46380089062499996 0.5089930515625001 0.46870175625000005 0.48865187656250003 0.467068134375 0.460987878125 0.467068134375 0.445528584375 0.4654345125 0.418678234375 0.467476540625 0.3185996515625 0.46216727031250004 0.3023267125 0.45359075625 0.2966311828125 0.45154872968750004 0.308022240625
9 0.417651084375 0.30145831093750003 0.4123418140625 0.3510907796875 0.4127502203125 0.3925867765625 0.40989138281250004 0.42594630312500004 0.407880678125 0.4611055984375 0.41070819375 0.48452888906249997 0.41520065156249997 0.49836088749999996 0.42296035468750004 0.5032427687500001 0.43439570468750005 0.49510630000000005 0.43929656875 0.477206065625 0.4413385953125 0.444660184375 0.4433806234375 0.41862348125000004 0.44093019062499994 0.3755001890625 0.43643773125 0.308781134375 0.4327620828125 0.2794898421875 0.4254107859375 0.27542160781249997 0.417651084375 0.30145831093750003
1 0.5672823734375 0.262861103125 0.5606564046875 0.2549407375 0.5544721671875 0.26022098125 0.5513800484375 0.279581875 0.5513800484375 0.3139034578125 0.5513800484375 0.3491050828125 0.5580551421875 0.390674375 0.5566808234375 0.4177482484375 0.5619815984375001 0.45911015781250003 0.5725831484375 0.48111117343750004 0.5800925796875 0.48463133437500006 0.5902523984375 0.4784710515625 0.5937862484374999 0.4573500765625 0.5964366359375 0.4423893859375 0.5942279796875 0.4239085328125 0.5889272046875 0.388706909375 0.5858350859375 0.3543853265625 0.5783256546875 0.3121433765625 0.5672823734375 0.262861103125
7 0.615542603125 0.369116115625 0.6024134015625 0.2906460328125 0.5946331359375 0.2644893390625 0.58685286875 0.25770797343749996 0.5839935421875 0.2714006046875 0.58539406875 0.33036545781250004 0.5873391359375 0.37589748125 0.5844215359375 0.40205417656250003 0.5883116687500001 0.41658567187499995 0.5946331359375 0.43305470156250003 0.605331003125 0.44952373124999995 0.617001403125 0.45533632968750004 0.625754203125 0.44371113281249996 0.631589403125 0.43305470156250003 0.62769926875 0.408835540625 0.6208915359375 0.38655391250000004 0.615542603125 0.369116115625
7 0.6748671359375 0.3884914453125 0.6729220703125 0.3633035171875 0.6675731359375 0.3439281890625 0.662224203125 0.3342405234375 0.6597928703125 0.3197090265625 0.6568752703125 0.295489865625 0.6456911359374999 0.2383326453125 0.6359658031250001 0.242207709375 0.6194327359375 0.2538329078125 0.6190105515625001 0.255890684375 0.615542603125 0.2896772671875 0.621377803125 0.3235840921875 0.627213003125 0.3565221515625 0.624295403125 0.3836476125 0.6267267359375001 0.41174183906249995 0.6320756703125 0.42433580312499997 0.6452048703125 0.4282108703125 0.6544439375 0.42046073906250003 0.6588203359375 0.41561690625000003 0.666600603125 0.4107730734375 0.6719495375 0.401085409375 0.6748671359375 0.3884914453125
5 0.7064744703125 0.2838646671875 0.697235403125 0.2460827765625 0.6875100703125 0.21895731562499998 0.6772984703125 0.21895731562499998 0.6690319375 0.22283238125 0.667158940625 0.2394113921875 0.6700044703125 0.2916148 0.673894603125 0.316802728125 0.6719495375 0.3371468234375 0.673894603125 0.37299118125 0.6802160703125 0.393335278125 0.691400203125 0.3972103421875 0.7069607375 0.38171007968750004 0.7147410046875 0.382678846875 0.7205762046874999 0.358459684375 0.7191174046875 0.332302990625 0.7098783375 0.3051775296875 0.7064744703125 0.2838646671875
15 0.4156326828125 0.3966057015625 0.4134293015625 0.3737792953125 0.40990389218749995 0.33690586875 0.40593780625000003 0.3026662578125 0.396282065625 0.2808015953125 0.393598871875 0.3158353390625 0.38390399531249997 0.3764131109375 0.382141290625 0.40889684375 0.37420911874999996 0.4343570671875 0.3724464125 0.45191584218749997 0.377734528125 0.46684080000000006 0.386988728125 0.47035255468750004 0.39624292968749997 0.47737606406250005 0.405056453125 0.46684080000000006 0.411225921875 0.4501599640625 0.416073359375 0.4211879859375 0.4156326828125 0.3966057015625
15 0.382141290625 0.3518308265625 0.3817006140625 0.32812648125 0.3830226421875 0.303544196875 0.3830226421875 0.2789619125 0.3786158796875 0.25437962812500003 0.36807410625000003 0.24917610781250002 0.362310859375 0.294764809375 0.35922612656249997 0.3342720515625 0.35217530625000004 0.379924865625 0.3433617828125 0.401873334375 0.342039753125 0.4317232515625 0.34732786875 0.43874676093750004 0.36098883125 0.44752614687500003 0.36980235625 0.44313645468749996 0.3772938515625 0.4343570671875 0.3803785859375 0.4167982921875 0.38346331875 0.3808028046875 0.382141290625 0.3518308265625
13 0.35217530625000004 0.3290044203125 0.35614139218749996 0.29300893125 0.3526159828125 0.2605252 0.3433617828125 0.2289194046875 0.332785553125 0.25701344375 0.323972028125 0.29125305468749996 0.3182432375 0.3158353390625 0.3120989390625 0.3291183125 0.3041415984375 0.352708765625 0.296650103125 0.3720234171875 0.29576875 0.3966057015625 0.3010568640625 0.4141644765625 0.310311065625 0.4185541703125 0.32044661875 0.42645561875000004 0.3319042 0.43084531249999997 0.343802459375 0.42469974062500004 0.348649896875 0.4132865375 0.3512939546875 0.38255868125000003 0.350853278125 0.3649999078125 0.35217530625000004 0.3290044203125
13 0.27109088125 0.3895821921875 0.2785823765625 0.3992395171875 0.2873959015625 0.4001174578125 0.2962094265625 0.39046013125 0.3010568640625 0.3720234171875 0.3006161890625 0.3509528875 0.299294159375 0.326370603125 0.3010568640625 0.300032440625 0.3041415984375 0.27983985 0.3054876984375 0.2316063921875 0.3028195703125 0.228041465625 0.28783657812499996 0.242966425 0.27726034843749997 0.270182525 0.2693281765625 0.29213099374999996 0.2605146515625 0.313201521875 0.2556672140625 0.32812648125 0.2512604515625 0.3500749484375 0.251701128125 0.370267540625 0.2552265375 0.38255868125000003 0.2658027671875 0.38255868125000003 0.27109088125 0.3895821921875
12 0.194886703125 0.45213230937500004 0.2012969625 0.4577195609375 0.2093097859375 0.4577195609375 0.2161206859375 0.4577195609375 0.22092837968749998 0.460912275 0.21932581406249999 0.4688940640625 0.21572004531250003 0.478472209375 0.20490273281250002 0.4960321421875 0.1984924734375 0.5064084656250001 0.1984924734375 0.51758296875 0.206505296875 0.5215738640625001 0.2125149140625 0.5151884328125 0.23014312656250002 0.49922485781250003 0.24176172187499997 0.4888485328125 0.2557841625 0.48725217499999995 0.267002115625 0.4816649234375 0.273813015625 0.4657013484375 0.27140916875 0.44095780625 0.2682040390625 0.4186088 0.26219442187499997 0.41701244375 0.26059185625 0.402645225 0.25378095625 0.39067254375 0.24579460625 0.383593971875 0.234950821875 0.393865259375 0.22373286874999998 0.413819728125 0.21932581406249999 0.41940697968749996 0.206505296875 0.4210033375 0.2004956796875 0.4210033375 0.1936847796875 0.42259969374999995 0.1856719546875 0.4273887671875 0.18166554375 0.42978330312499996 0.1864732375 0.44255416406250003 0.190079009375 0.448141415625 0.194886703125 0.45213230937500004
10 0.4736535421875 0.5614403296875 0.472448303125 0.5362283390625 0.4640116296875 0.532626625 0.4537670953125 0.5362283390625 0.44722709531250004 0.5509233453125 0.4465356609375 0.567443184375 0.4489461390625 0.5938557453125 0.45135661718750003 0.617867165625 0.4537670953125 0.6514831531249999 0.45436971562500006 0.691101996875 0.458588053125 0.7343225515625 0.46822996562499997 0.7283196968750001 0.472448303125 0.6947037093749999 0.47485878125000003 0.657486009375 0.47425616249999997 0.6034603140625 0.4736535421875 0.5614403296875
10 0.4926093296875 0.6483267125000001 0.49438685937500004 0.62656583125 0.4946407921875 0.6053110171875 0.4976879875 0.5795015984375 0.49667225625 0.5435708390625 0.49438685937500004 0.535979834375 0.48803853750000004 0.535979834375 0.478896953125 0.535979834375 0.47408534375 0.5360085171875 0.4725486296875 0.547113309375 0.47458009375000004 0.6002503453125 0.47559582499999997 0.6250476296875 0.4776272875 0.6508570484375 0.47788122031249997 0.6705936625 0.47940481874999996 0.68678780625 0.4824520125 0.6974152140625 0.48372167812500005 0.7115850906250001 0.486768871875 0.7171518265625 0.48880033593750005 0.7090547546875 0.4926093296875 0.6483267125000001
2 0.5167329546875 0.6599662546875 0.5167329546875 0.6336507703125001 0.5177486859375 0.6078413515625 0.5192722843750001 0.5886108046875 0.520288015625 0.5658377890625 0.5205419484375 0.5390162375 0.51800261875 0.5319312984375 0.514447559375 0.5319312984375 0.5108924984375001 0.5319312984375 0.5060677734375 0.5319312984375 0.5014969812500001 0.5319312984375 0.49819585312500003 0.5319312984375 0.4971952125 0.53904555625 0.4974340546875 0.5557164484375 0.49718012187499994 0.5719105921875001 0.49718012187499994 0.587092603125 0.49921158437499996 0.5951896750000001 0.49997338437499994 0.6088534859375 0.5012430484375 0.62656583125 0.5027666453124999 0.6624965890625 0.504798109375 0.68678780625 0.507845303125 0.7136093578125 0.5098767671875 0.7136093578125 0.5167329546875 0.6599662546875
2 0.545173440625 0.7136093578125 0.5454273734374999 0.6938727453125 0.5431419765625 0.671099728125 0.5421262453125 0.642253909375 0.543903775 0.6204930281250001 0.5449195078125 0.5860804703125 0.5487285 0.554198246875 0.5459352390625 0.538004103125 0.5398408484375 0.5294009640625 0.5345082578125 0.5294009640625 0.527906003125 0.5309191656250001 0.5215748546875 0.5370208640625 0.5200340828125001 0.55521038125 0.51978015 0.572922728125 0.5213037468749999 0.5850683359375 0.5233352109375 0.60126248125 0.5240970093749999 0.624035496875 0.5276520703124999 0.65389345 0.530953196875 0.678690734375 0.5350161234375 0.696909146875 0.5362857890625 0.7105729562499999 0.5421262453125 0.7212003625000001 0.545173440625 0.7136093578125
0 0.573255603125 0.54962224375 0.5716783671875 0.5395636968749999 0.56663121875 0.5276191703124999 0.5609531750000001 0.52321855625 0.556852365625 0.5181892828125 0.55340766875 0.5270192828125 0.54770440625 0.560938109375 0.5454962765625 0.589856434375 0.5499125328125001 0.6200320765625 0.561268621875 0.6904419093749999 0.5685239 0.7199888921875 0.5798799875 0.7350767140625 0.587135265625 0.7042724125000001 0.589027946875 0.661523584375 0.5839807968749999 0.613116825 0.5805108796875 0.5829411828125 0.577040965625 0.5665960421875 0.573255603125 0.54962224375
8 0.44139880781249996 0.6590089484375 0.44928497968750003 0.6219180546875 0.45243944843749995 0.6055729140625 0.44991587343750006 0.5804265453124999 0.44676140468750003 0.559680790625 0.4436069359375 0.5414496734375 0.43478950312500003 0.5421102703125 0.4253110171875 0.56156676875 0.4167939515625 0.5936283890625 0.41363948281249996 0.6162601203125 0.41048501406250004 0.64203515 0.4057533109375 0.6740967703125 0.40638420468750003 0.6904419093749999 0.4060687578125 0.7243895078125 0.4117468015625 0.7363340328125 0.4167939515625 0.7514218546875 0.4249955703125 0.7325620765624999 0.43382808281249996 0.6986144796875 0.44139880781249996 0.6590089484375
14 0.3795712203125 0.6665528593750001 0.3789403265625 0.6835266578125 0.3805175609375 0.6992431390625 0.3839874765625 0.70804436875 0.3868264984375 0.701129115625 0.38998096718749997 0.68855593125 0.3956590109375 0.6696961546875 0.40228339531249996 0.6470644234375 0.4066996515625 0.6168887796875 0.4130085890625 0.5942570484374999 0.42121020781249996 0.57854056875 0.4262573578125 0.562195428125 0.4240492296875 0.5521368812499999 0.41774029218750003 0.5420783328125001 0.4167939515625 0.5301338078125 0.41111590781249996 0.526361853125 0.40354518281249996 0.523847215625 0.39977190625 0.5226177453124999 0.3953435640625 0.5276191703124999 0.3915582015625 0.53264844375 0.3915582015625 0.5370490593749999 0.3921890953125 0.5508795625 0.3893500734375 0.56030945 0.38871917968749997 0.572253975 0.3865110515625 0.5911137515625 0.3846183703125 0.6068302328125 0.3843029234375 0.6238040328125 0.38272568906250004 0.6432924671875 0.3795712203125 0.6665528593750001
14 0.3814639015625 0.5024728015625 0.3802021140625 0.49492889218749997 0.3770476453125 0.4936715734375 0.3723159421875 0.49555755156250003 0.3701078140625 0.49618620937499996 0.3663224515625 0.48989961718749997 0.36253708906250004 0.498700846875 0.3606444078125 0.522589896875 0.3578053859375 0.5452216296875 0.3514964484375 0.584827159375 0.3455029578125 0.6231753734375001 0.3426639359375 0.654608334375 0.3414021484375 0.6728394515625 0.3455104046875 0.688618603125 0.36474521718749997 0.64203515 0.3757858578125 0.601800959375 0.3846183703125 0.5816838640625 0.3865110515625 0.5684820203125 0.3893500734375 0.5577948140625 0.3956590109375 0.5427069921875 0.3991289265625 0.522589896875 0.3991289265625 0.5131600093750001 0.3962899046875 0.5043587796875 0.3893500734375 0.5068734171875 0.3861956046875 0.510645371875 0.3814639015625 0.5024728015625
12 0.24100476875000001 0.55754965625 0.2453686015625 0.560224690625 0.2507394734375 0.5568808984375 0.25980281875 0.54283696875 0.2668520875 0.528793040625 0.27725815 0.5147491109375 0.2796079046875 0.53347435 0.2769224703125 0.5501933125 0.2692018421875 0.5715935859375 0.2634952921875 0.5842999984375 0.2634952921875 0.5963376515625 0.2668520875 0.5883125484375 0.2792722265625 0.5796186890625 0.288335571875 0.5709248265625 0.2937064421875 0.5481870375 0.2943778015625 0.5348118671875 0.301091390625 0.5187616625 0.30981905625 0.4926800796875 0.3198894390625 0.483317459375 0.324253271875 0.4645922203125 0.3235819125 0.446535740625 0.32190351562499997 0.43851063906250004 0.314854246875 0.43583560468749993 0.31082609375 0.4351668453125 0.3074693 0.4304855359375 0.304448184375 0.426472984375 0.298070275 0.4232129484375 0.29071040312499996 0.422604278125 0.281286303125 0.43583560468749993 0.2792722265625 0.44519822343750004 0.2786008671875 0.45389208437499995 0.2715515984375 0.47261732343749996 0.26416665156249997 0.4846549765625 0.2574530625 0.4946863546875 0.253424909375 0.510736559375 0.24939675625 0.5227742125 0.243018846875 0.5348118671875 0.24201180781249998 0.547518278125 0.24100476875000001 0.55754965625
12 0.3235819125 0.643285759375 0.328281425 0.623223003125 0.3420442828125 0.5764099046875 0.343387 0.558353425 0.355471459375 0.5322718421875 0.3631920875 0.518896671875 0.3732624703125 0.489471296875 0.37426950937500003 0.48144619375 0.3715840734375 0.4760961265625 0.3685629578125 0.47074605781249995 0.3621850484375 0.46807102343749996 0.35949961406250003 0.4653959890625 0.3558071390625 0.4653959890625 0.3537930625 0.46338971406249996 0.348757871875 0.4506833015625 0.34506539687500004 0.4500145421875 0.3413729234375 0.4486770265625 0.3373447703125 0.447339509375 0.33197389843749997 0.447339509375 0.3262673484375 0.4500145421875 0.32056079843749996 0.45402709531249996 0.31720400312499997 0.4627209546875 0.314854246875 0.4787711609375 0.3125044921875 0.4934838484375 0.31317585000000003 0.5055215015625001 0.31317585000000003 0.5162216374999999 0.3071336203125 0.531603084375 0.302098428125 0.5416344625 0.298741634375 0.5516658390625 0.296391878125 0.5603597015624999 0.2926994046875 0.5723973546875001 0.2879998921875 0.5830974906249999 0.28531445624999996 0.590453834375 0.2856743765625 0.5965898375 0.29202804531250004 0.603160246875 0.2990773140625 0.5964726609375 0.3064622609375 0.5770786640625001 0.313847209375 0.5616972171875 0.32089647656250003 0.5543408734375 0.3255959890625 0.5543408734375 0.32727438750000004 0.5630347359375001 0.32727438750000004 0.5830974906249999 0.323246234375 0.6004852125 0.3188824015625 0.6252292781250001 0.316196965625 0.641948240625 0.3235819125 0.643285759375
6 0.5977919843749999 0.62471109375 0.6031008203125 0.6434302234375 0.605551053125 0.6523828515625001 0.6100431453125 0.66784648125 0.6157603546875 0.676799109375 0.6235194234375 0.678426859375 0.6235194234375 0.6637771046875 0.6231110515625 0.6434302234375 0.620252446875 0.6312220953125001 0.6173938421875 0.6068058375 0.6145352374999999 0.5880867078125 0.6116766328125001 0.5652982015625 0.6100431453125 0.549020696875 0.6092264015625 0.5343709421875 0.6075929125 0.5254183140625 0.6063677968750001 0.5189073125 0.6035091921875 0.5075130578125 0.598608728125 0.505071434375 0.592074775 0.505071434375 0.5879910546875 0.5075130578125 0.5810487296875 0.5132101859375 0.5806403578125 0.5197211875 0.580692040625 0.5279205015625 0.5794152421875001 0.54088194375 0.5732896609375 0.54169581875 0.5716561734375001 0.549020696875 0.5769650093750001 0.5661120765625001 0.5806403578125 0.5742508296875 0.583090590625 0.5775063296875 0.5875826828124999 0.58483120625 0.5904412875 0.5905283328125 0.592074775 0.597039334375 0.5957501234375 0.612502965625 0.5977919843749999 0.62471109375
6 0.6688487203125 0.6434302234375 0.6684403484375 0.6312220953125001 0.6602729078125 0.6182000921874999 0.6525138390625 0.6035503375 0.64843011875 0.5880867078125 0.64843011875 0.5652982015625 0.648021746875 0.562856575 0.6492468625 0.5522761968750001 0.6541473265625 0.5612288249999999 0.65863941875 0.5677398265625 0.6610896515625 0.5685537015625 0.665173371875 0.573436953125 0.6688487203125 0.5832034562499999 0.6741575578125001 0.592156084375 0.6819166265625001 0.6011087125000001 0.6880422078125 0.6100613390625 0.69335104375 0.6092474640625001 0.6909008125 0.5880867078125 0.6839584859375 0.572623078125 0.6741575578125001 0.553903946875 0.6647649999999999 0.5359986921875 0.657822675 0.5205350625 0.6545556984374999 0.49937430625 0.6529222109374999 0.48472455156249994 0.6496552343750001 0.46763317187500003 0.6472050015625 0.4546111671875 0.6443463984375 0.45379729375 0.64148779375 0.45379729375 0.633728725 0.45135566718750003 0.6292366328125001 0.45135566718750003 0.6251529109375 0.45379729375 0.620252446875 0.45786666875000004 0.6198440749999999 0.46519154531250007 0.6161687265625 0.46926092343750003 0.612493378125 0.466005421875 0.6096347734374999 0.47170254843750004 0.6084096578125 0.477399675 0.6035091921875 0.480655175 0.59820035625 0.4839106765625 0.5977919843749999 0.4920494296875 0.5990733328125 0.5018675734375 0.600242215625 0.5180934359375 0.605551053125 0.5254183140625 0.6116766328125001 0.5303015656250001 0.6182105859375 0.54006806875 0.6243361671875001 0.5563455734375 0.6292366328125001 0.5677398265625 0.6349538406249999 0.5954115843750001 0.648838490625 0.62389721875 0.6541473265625 0.638546971875 0.6623147687500001 0.6450579750000001 0.6688487203125 0.6434302234375
4 0.7550152234375 0.5359986921875 0.7599156890625001 0.532743190625 0.7537901078125 0.5229766890625 0.7468477828125 0.509954684375 0.742355690625 0.49611880625 0.7394970859375001 0.48472455156249994 0.7382719703125 0.4733302984375 0.742355690625 0.477399675 0.7476645265624999 0.4822829265625 0.7558319671875 0.48553842812500003 0.7684915015625 0.48879392812500005 0.7778840578125 0.4822829265625 0.7782924312499999 0.46681929687499996 0.7672663843749999 0.45623891875 0.7537901078125 0.4326365375 0.7472561546875001 0.40659252968750004 0.7460310390625 0.3886872734375 0.7399054578125 0.37566526875 0.7325547609374999 0.37322364375 0.7252040640625 0.3797346453125 0.7198952265624999 0.390315025 0.7096859265625 0.3976399015625 0.699068253125 0.4114757796875 0.6971068859375 0.42289463749999995 0.6962096484375 0.43345041249999994 0.6982515078125 0.44158916406250004 0.7031519734375 0.45379729375 0.706827321875 0.46274992031249995 0.7117277859375 0.4741441734375 0.7207119703125 0.4822829265625 0.723978946875 0.49611880625 0.7272459234374999 0.511582434375 0.7313296453125 0.5229766890625 0.7411305734375 0.5319293171874999 0.7550152234375 0.5359986921875
4 0.692942671875 0.58238958125 0.699068253125 0.592156084375 0.70886918125 0.6027364625 0.715403134375 0.596225459375 0.7113194140625 0.5791340796875 0.7035603453125 0.5587871984375 0.699068253125 0.54250969375 0.692942671875 0.5246044390625 0.6958012765625 0.5205350625 0.7011101125 0.5254183140625 0.7072356937500001 0.54006806875 0.714586390625 0.5522761968750001 0.72112034375 0.5636704499999999 0.730104528125 0.571809203125 0.730104528125 0.5612288249999999 0.7264291796875 0.54332356875 0.71581150625 0.5140240609375 0.706827321875 0.4936771796875 0.702335228125 0.4733302984375 0.701518484375 0.45705279374999996 0.699884996875 0.44158916406250004 0.6978431359374999 0.42368390937499995 0.6904924390625 0.4188006578125 0.68477523125 0.41554515625 0.679058021875 0.41554515625 0.6729324421875 0.4212422828125 0.6688487203125 0.4301949109375 0.6659901171875 0.4391475390625 0.657414303125 0.44077528906249996 0.65006360625 0.4399614140625 0.6484985828125 0.453018334375 0.648838490625 0.4643776703125 0.6521054671875001 0.47821355 0.655780815625 0.486352303125 0.6614980234375001 0.49530493125 0.66558174375 0.505071434375 0.669665465625 0.5123963109375 0.6741575578125001 0.5221628140625 0.6794663937500001 0.53844031875 0.6835501140625 0.550648446875 0.6880422078125 0.5661120765625001 0.692942671875 0.58238958125