5 0.7074770828125 0.4080464734375 0.714603728125 0.4397241046875 0.7239231875 0.4555629203125 0.7315980375 0.45853269843750005 0.7447549203125 0.44170395625000003 0.759556415625 0.4228953625 0.76010461875 0.3803285453125 0.735983665625 0.32687254062500004 0.72282678125 0.3159833546875 0.7124109140625 0.3248926890625 0.700898640625 0.35558039375 0.7074770828125 0.4080464734375
4 0.7886112 0.5694044093749999 0.7732615015625 0.5555454453124999 0.76010461875 0.5555454453124999 0.7485923453125001 0.576333890625 0.7425621062500001 0.5991021890625 0.7381764796875 0.6149410046875 0.7392728859375 0.6426589328125 0.7469477343750001 0.6584977484375 0.7622974328125001 0.6693869343750001 0.7787435375 0.676316415625 0.789159403125 0.663447378125 0.801768084375 0.625830190625 0.79738245625 0.5961324109375 0.7886112 0.5694044093749999
4 0.7173447453125 0.6931451578125001 0.718441153125 0.6773063421875001 0.7294052234375 0.67928619375 0.7403692921875 0.7149235296875001 0.7496887515624999 0.72878249375 0.7546225828125 0.70403434375 0.75023695625 0.6733466390625 0.7343390546874999 0.57831374375 0.7315980375 0.5624749265625 0.7299534265625 0.5525756671875001 0.7124109140625 0.55455551875 0.7003504375 0.5713842609374999 0.6806151125000001 0.5812835203125 0.6745848734375001 0.5872230765625 0.6745848734375001 0.609991375 0.6789705015624999 0.6307798203125 0.6882899609375001 0.656517896875 0.7041878625 0.70502426875 0.7129591171875 0.743631384375 0.727212409375 0.7475910875 0.7211821703125 0.7169033812500001 0.7173447453125 0.6931451578125001
4 0.6636208031249999 0.682255971875 0.6795187046875 0.6980947875 0.6877417578125 0.706014196875 0.6882899609375001 0.70403434375 0.6767776875 0.6604776 0.6762294843750001 0.6297898953125001 0.6751330765625 0.6020719671875 0.67184385625 0.5812835203125 0.6597833796875 0.57831374375 0.64827110625 0.5832633734375 0.6445019515625 0.590408246875 0.635662425 0.5981122625 0.616475303125 0.59217270625 0.615378896875 0.6169208562499999 0.6285357796875 0.650578340625 0.63072859375 0.6961149359375 0.6378552390625 0.735711975 0.6515603265625 0.7871881265625 0.652656734375 0.7683795328125 0.6466264953125 0.7367019015625 0.6427890703125 0.6852257500000001 0.64827110625 0.6693869343750001 0.6636208031249999 0.682255971875
5 0.7261160015625 0.47338158750000003 0.6987058265625 0.38725802656249997 0.6871935546875 0.3961673609375 0.6745848734375001 0.40606662031249996 0.6740366703125 0.46744203281249996 0.680066909375 0.510998775 0.68554894375 0.5456461859374999 0.6910309781249999 0.5694044093749999 0.704736065625 0.56643463125 0.71898935625 0.5555454453124999 0.732146240625 0.550595815625 0.7425621062500001 0.5060491453125 0.7261160015625 0.47338158750000003
3 0.5106720296875 0.4308147703125 0.49696694218750004 0.5377267781249999 0.5008043671875 0.5901928546875 0.5079310125000001 0.6149410046875 0.523280709375 0.61593093125 0.5402750171874999 0.60405181875 0.54246783125 0.5862331515625 0.543016034375 0.5357469265625 0.5463052562499999 0.48229092187499994 0.5446606453125 0.43675432656249996 0.532051965625 0.41200617656249994 0.5238289125 0.41200617656249994 0.5106720296875 0.4308147703125
3 0.5468534593750001 0.589202928125 0.5567211234375 0.5901928546875 0.5709744140625 0.5832633734375 0.578101059375 0.5654447046875 0.5802938734375 0.5278275171875 0.578101059375 0.45457299375 0.575360040625 0.4248752140625 0.5660405828124999 0.4159658796875 0.55617291875 0.425865140625 0.5452088484375001 0.5525756671875001 0.5468534593750001 0.589202928125
11 0.4903885 0.41101625 0.4750388015625 0.4070565453125 0.462978325 0.41893565781250003 0.45639988281250005 0.507039071875 0.4498214421875 0.55950515 0.4509178484375 0.5862331515625 0.45475527343750005 0.608011521875 0.49093670312500004 0.6208805609375 0.494774128125 0.6050417453125 0.4980633484375 0.5585152234375 0.494774128125 0.51693833125 0.4903885 0.41101625
11 0.44927323750000003 0.510998775 0.43944566875 0.41508217031249994 0.4196702484375 0.4238852875 0.41857384218749993 0.45457299375 0.417477434375 0.5248577390625 0.4180256390625 0.5436663328125 0.4229594703125 0.55950515 0.4284415046875 0.570394334375 0.43337533749999996 0.5723741875 0.44050198281249997 0.5723741875 0.44762862812500004 0.5694044093749999 0.4509178484375 0.5644547796875 0.44927323750000003 0.510998775
13 0.251934309375 0.33682928749999996 0.23437746874999998 0.3684494328125 0.2272508234375 0.41299610312499996 0.2310882484375 0.4308147703125 0.2409559109375 0.43576439999999994 0.24863075937499998 0.45754277187500003 0.2689142890625 0.4555629203125 0.27823374843750004 0.43378454843750003 0.2886496140625 0.37933861874999997 0.2870050046875 0.35558039375 0.277137340625 0.34271135625000004 0.26562506875 0.33776172656250003 0.251934309375 0.33682928749999996
12 0.24040770625 0.618900709375 0.23054004374999998 0.5981122625 0.22560621250000001 0.576333890625 0.2190277703125 0.5684144828125001 0.20368577187499998 0.5656446765625 0.1899729859375 0.5723741875 0.18120172968749998 0.5941525578125 0.1724304734375 0.6139510796875001 0.17352688125 0.626820115625 0.186683765625 0.625830190625 0.187780171875 0.6436488578125 0.20093705625 0.657507821875 0.1921658 0.6891854546875 0.2140939390625 0.6832458984375 0.22889543437499998 0.6703768609375 0.2409559109375 0.6476085625 0.24040770625 0.618900709375
12 0.2513717765625 0.7555104953125 0.2601430328125 0.7525407171875 0.2749445265625 0.724822790625 0.2886496140625 0.6674070828125 0.294679853125 0.6426589328125 0.31057775468750004 0.6179107828125 0.31496338281249997 0.5961324109375 0.3100295515625 0.576333890625 0.299613684375 0.5743540390625 0.2831675796875 0.57831374375 0.2705589 0.55950515 0.26562506875 0.5624749265625 0.2552092015625 0.5535655921875 0.24919291562499998 0.563663590625 0.24260052031249998 0.5862331515625 0.2409559109375 0.6169208562499999 0.2327328578125 0.675326490625 0.2272508234375 0.713933603125 0.22944363750000002 0.7327421968750001 0.23602207968750002 0.72878249375 0.2458897421875 0.7010645656250001 0.25795021875 0.6852257500000001 0.2645286609375 0.6852257500000001 0.2557574046875 0.7169033812500001 0.25191998125000004 0.737691828125 0.2513717765625 0.7555104953125
12 0.3544340328125 0.687205603125 0.3632052890625 0.6495884140625 0.3725247484375 0.6218704859375 0.370331934375 0.6060316703125 0.35991606875 0.5901928546875 0.3440181671875 0.6020719671875 0.335795115625 0.582273446875 0.329241625 0.5923893328125 0.31715619687499996 0.5812835203125 0.309481346875 0.5852432249999999 0.3072885328125 0.6139510796875001 0.28590859687500003 0.7119537515625 0.282071171875 0.756500421875 0.2979690734375 0.7277925671875 0.31277056875000003 0.688195528125 0.32428284218750003 0.6693869343750001 0.330861284375 0.682255971875 0.3390843359375 0.7525407171875 0.34456637031250004 0.7307623453125001 0.3544340328125 0.687205603125
13 0.31880080624999996 0.4080464734375 0.2826379234375 0.4091389125 0.2694624921875 0.46744203281249996 0.256305609375 0.495159959375 0.2513717765625 0.5159484046875 0.25246818437499996 0.5367368515625001 0.25959482968750003 0.5496058890625 0.27549273125 0.55455551875 0.2842639859375 0.56643463125 0.299613684375 0.56643463125 0.308384940625 0.5654447046875 0.31715619687499996 0.5030793671875 0.322090028125 0.43576439999999994 0.31880080624999996 0.4080464734375
2 0.510123825 0.8079765734375 0.5167022671875 0.7713493109375 0.522184303125 0.645628709375 0.5117684359375 0.62781004375 0.4903885 0.6367193765625 0.4881956859375 0.66641715625 0.49203311093749996 0.7208630859375 0.4964187390625 0.7901579046875 0.510123825 0.8079765734375
10 0.4733941921875 0.7861982015625 0.481069040625 0.809956425 0.4887438890625 0.8020370171875 0.4903885 0.6327596734375 0.4827136515625 0.6317697453125 0.45749629062499997 0.634739525 0.45585167968749996 0.6555279703125 0.4640747328125 0.7307623453125001 0.4733941921875 0.7861982015625