11 0.492239425 0.3990147640625 0.491780025 0.3669812859375 0.48580781875 0.3441002296875 0.48029501249999995 0.3541678953125 0.4693089796875 0.37437291250000004 0.46697239843749994 0.420065334375 0.46697239843749994 0.4575902671875 0.465594196875 0.48687801718749996 0.4623783921875 0.507013346875 0.4619189921875 0.5381315828125001 0.46375659375 0.5600973953125 0.48213261406249996 0.567419334375 0.494536428125 0.5619278796875 0.49958983281249997 0.5363010984375001 0.49775223124999995 0.49328471250000006 0.4968334296875 0.4502683296875 0.492239425 0.3990147640625
3 0.5320989968750001 0.4611662234375 0.5326494953124999 0.45129562968750003 0.5309980000000001 0.4348446375 0.52824550625 0.3613635421875 0.5265940109375 0.3416223515625 0.5243920156249999 0.3328484890625 0.520596184375 0.328514153125 0.5161345359375 0.3361386890625 0.512281046875 0.3767178 0.5067760609375 0.43045770625 0.5001700765625 0.5127126640624999 0.5018215734375 0.5620656390625001 0.5337504921875 0.5609689062500001 0.5359524875 0.545614646875 0.5359524875 0.5192930609374999 0.5354019875 0.5028420687499999 0.53319999375 0.48748781093750004 0.5315484984375 0.47542375000000003 0.5320989968750001 0.4611662234375
3 0.5629269203125 0.5467113796875 0.566780409375 0.5302603890625 0.5629269203125 0.47323028437500003 0.5513664484375 0.362460275 0.544760465625 0.351492946875 0.53815448125 0.36786058125 0.537053484375 0.4314710828125 0.53815448125 0.4577926703125 0.53815448125 0.4709534625 0.5381157953125 0.4862506265625 0.5387049796875 0.49077800937499994 0.5359524875 0.5039388015624999 0.537053484375 0.535744053125 0.5425584703124999 0.5500015781250001 0.55301794375 0.5521950437500001 0.5629269203125 0.5467113796875
11 0.60311331875 0.511532575 0.6025628203125 0.49193909218750004 0.5976083328125 0.46232730625 0.5937548421875001 0.42065146249999996 0.5937548421875001 0.40639393593750006 0.5899013515625 0.37678215000000004 0.5860478609374999 0.33620303749999997 0.584396365625 0.32194551250000003 0.5734528203125 0.3185364453125 0.5673309078125001 0.333861865625 0.5656794125 0.3634736515625 0.5678814078125 0.383214840625 0.5684319046875 0.46217959999999997 0.5662299109375 0.48411425625 0.5689824046874999 0.522499903125 0.5750378890625 0.52469336875 0.5821943703125 0.544434559375 0.5959568375 0.5422410921874999 0.5970578343749999 0.5323704984375001 0.600360825 0.5290803000000001 0.60311331875 0.511532575
11 0.6300877515625001 0.4656175046875 0.6273352578125 0.44258611718749996 0.62788575625 0.41297433124999994 0.6147470687500001 0.3220789046875 0.6042143156249999 0.3307193734375 0.5998103265625 0.33839650468750004 0.5998103265625 0.369105021875 0.5954063374999999 0.41078086562499994 0.5954063374999999 0.4502632453125 0.594305340625 0.48645542812500003 0.5976083328125 0.5215508765625 0.609168803125 0.5215508765625 0.6218302718750001 0.541292065625 0.6339412421875 0.52045414375 0.6350422390625 0.48755216093750003 0.6300877515625001 0.4656175046875
11 0.6305343125 0.39004775 0.62833231875 0.44817458749999994 0.6299838140625 0.471205975 0.6299838140625 0.5128818203125001 0.652003759375 0.5359132093750001 0.6657662249999999 0.5106883546875001 0.6602612390625 0.4723027078125 0.6503522640625 0.39224121562500003 0.64319578125 0.3209535859375 0.634387803125 0.3253405171875 0.6305343125 0.39004775
11 0.7026496328125 0.45914191562499995 0.7098061140625 0.3165666546875 0.7054776875 0.3200640484375 0.6877861703125 0.33959804375 0.6828316812499999 0.39772487968750003 0.6751247015625 0.42294973281250003 0.671821709375 0.44927131875 0.6657662249999999 0.48436676875 0.6674177203125 0.5073981562500001 0.6789781921875 0.5205589500000001 0.6976951453125 0.5139785531250001 0.70320013125 0.5227524156250001 0.7098061140625 0.5063014234375001 0.7098061140625 0.4898504328125 0.7026496328125 0.45914191562499995
11 0.718691846875 0.323356296875 0.7114576109375 0.39333794843750003 0.7076041203125001 0.40869220781250004 0.709255615625 0.44049745781249994 0.7048516265625 0.464625578125 0.714210103125 0.4986242953125 0.7202655890624999 0.5084948890625001 0.7406340375 0.4810765703125 0.7472400203125 0.4887537 0.75274500625 0.4635288453125 0.749442015625 0.43501379375000004 0.7257705750000001 0.32205031875 0.718691846875 0.323356296875
11 0.45881338281249995 0.35298653281250003 0.45052126406250004 0.3571457671875 0.44666777343749997 0.383467353125 0.44391528124999996 0.41527260312500003 0.4362083 0.4799798375 0.4318043109375 0.5063014234375001 0.4345568046875 0.534816475 0.442814284375 0.5468805359375 0.4593292421875 0.544687071875 0.46428372968750004 0.5271393468750001 0.462632234375 0.482173303125 0.46483422812499997 0.365919628125 0.45881338281249995 0.35298653281250003
9 0.4020773859375 0.4624321125 0.4009763890625 0.4898504328125 0.4158398515625 0.5326230109375001 0.43235480937500004 0.5106883546875001 0.43841029374999996 0.495334096875 0.435107303125 0.46681904375 0.4356578015625 0.4459811203125 0.43896079375 0.387854284375 0.4207943390625 0.3121797234375 0.4158398515625 0.3604359640625 0.4020773859375 0.4624321125
15 0.40372888125 0.41746606875000003 0.3921684109375 0.3264372484375 0.3817089375 0.36262943124999997 0.3844614296875 0.42514319843750004 0.3833604328125 0.477786371875 0.3817089375 0.5030112250000001 0.3817089375 0.5216556828125001 0.394920903125 0.5403001390625 0.40593087656250004 0.5359132093750001 0.41033486406249997 0.5172687515625001 0.4180418453125 0.5161720187500001 0.41969334218750004 0.4810765703125 0.412536859375 0.451464784375 0.40372888125 0.41746606875000003
15 0.35748699687499996 0.39333794843750003 0.35693649843749997 0.46681904375 0.35253250937499997 0.4975275609375 0.3547345046875 0.5194622171875001 0.36078998906250004 0.5392034078125 0.37069896406249997 0.534816475 0.3855624265625 0.5205589500000001 0.389966415625 0.4942373640625 0.3817089375 0.45585171718749995 0.37400195625 0.365919628125 0.3613589578125 0.3332330421875 0.35748699687499996 0.39333794843750003
13 0.34757802187500003 0.45365825156249995 0.34978001718749996 0.41527260312500003 0.3398710421875 0.36811309531249997 0.328323559375 0.32225888125 0.31619959999999997 0.3757902234375 0.31289660937499997 0.42075626718750003 0.3145481046875 0.43940072499999994 0.306841125 0.4788831046875 0.30629062500000004 0.5216556828125001 0.3184015953125 0.5359132093750001 0.329962065625 0.5249458812500001 0.3371185484375 0.537009940625 0.3442750296875 0.5326230109375001 0.3547345046875 0.5183654843750001 0.3558355015625 0.4799798375 0.34757802187500003 0.45365825156249995
13 0.3046391296875 0.3483719046875 0.29418698125 0.3266485453125 0.2848211796875 0.33959804375 0.2809676890625 0.383467353125 0.2683062203125 0.44927131875 0.2611497390625 0.4799798375 0.262801234375 0.5084948890625001 0.2732607078125 0.5063014234375001 0.2809676890625 0.5139785531250001 0.2859221765625 0.5238491484375001 0.29858364531250003 0.5161720187500001 0.30353813281250003 0.5008177593750001 0.305189628125 0.42294973281250003 0.3046391296875 0.3483719046875
13 0.2733503953125 0.405111053125 0.2805068765625 0.37440253437500004 0.2761342375 0.323027071875 0.26123942499999997 0.3118887671875 0.232613496875 0.3930469921875 0.22325502031250002 0.4182718453125 0.2199520296875 0.4380130359375 0.22600751406250003 0.45227056093750007 0.23426499218750002 0.45336729375000007 0.2320629984375 0.46543135468749997 0.24087097656249998 0.48955947499999997 0.2562849375 0.4829790796875 0.262890921875 0.4599476921875 0.267845409375 0.4270457078125 0.2733503953125 0.405111053125
12 0.31852966562499996 0.5666534546875 0.30585319843750003 0.58072291875 0.2893382390625 0.6421399546875 0.2645658015625 0.7353622390625 0.2706212859375 0.7507164984375 0.2805302609375 0.754006696875 0.3509940859375 0.6432366859374999 0.35760006875 0.61252816875 0.3531960796875 0.59827064375 0.34218610781250003 0.59498044375 0.3394336140625 0.587303315625 0.33117613437500004 0.57194905625 0.31852966562499996 0.5666534546875
14 0.38292300468749996 0.6158183671875 0.38622599687500003 0.5938837125 0.3846004609375 0.5820172796875 0.37411502812499997 0.569755590625 0.363655553125 0.5686588578125 0.3542970765625 0.5818196515625 0.34934258906250004 0.59498044375 0.35649907187499996 0.64762361875 0.3631050546875 0.7485230328125 0.3620040578125 0.7803282828125 0.36420605156249997 0.7956825421875 0.375216025 0.7616838265625 0.3818220078125 0.709040653125 0.38292300468749996 0.66188114375 0.38292300468749996 0.6158183671875
14 0.4154024234375 0.6849125328125 0.41485192499999995 0.6202052984375 0.42035691093749994 0.596077178125 0.4154024234375 0.5818196515625 0.40497229062500006 0.5743353671875 0.4005389609375 0.5686588578125 0.3917309828125 0.5708523234375 0.3845745015625 0.5840131171875 0.381271509375 0.5971739109375 0.383473503125 0.6169151 0.395033975 0.7057504546875 0.3955844734375 0.7616838265625 0.4016399578125 0.7825217484375 0.40934693906249997 0.768264221875 0.4170539203125 0.7309753078125001 0.4154024234375 0.6849125328125
8 0.44512935000000003 0.58510985 0.4302994296875 0.562263790625 0.4247609 0.565368659375 0.4170539203125 0.58072291875 0.4154024234375 0.610334703125 0.4165034203125 0.713427584375 0.42310940468749997 0.7737478859375 0.433568878125 0.794585809375 0.44678084531250006 0.7825217484375 0.44788184218750005 0.736458971875 0.44567984843749997 0.63884975625 0.4440283515625 0.6245922296875001 0.4500838375 0.6092379703125 0.44512935000000003 0.58510985
10 0.48091175937499997 0.60375430625 0.4754067734375 0.58510985 0.4611324671875 0.5864069453125 0.448432340625 0.5862065828125 0.446230346875 0.5993673765625 0.44733134375 0.614721634375 0.4544878265625 0.6849125328125 0.463295803125 0.7419426359375 0.47210378124999997 0.7704576890625 0.478709765625 0.758393628125 0.478709765625 0.7265883765625001 0.47595727187500003 0.682719065625 0.4743057765625 0.6267856953125001 0.48091175937499997 0.60375430625
10 0.47760876718749995 0.6180118328125 0.483664253125 0.672848471875 0.48751774374999995 0.7397491703125 0.49742671875 0.7551034296875 0.5051336984375 0.7232981781250001 0.5001792109375 0.6739452046875 0.49687621875000004 0.63884975625 0.4996287125 0.6026575750000001 0.498527715625 0.58510985 0.47760876718749995 0.5884000484375 0.47760876718749995 0.6180118328125
2 0.5117396828125 0.58949678125 0.4996287125 0.58510985 0.5012802093750001 0.6333660921875001 0.506234696875 0.668461540625 0.5095376875000001 0.7298785765625 0.5139416765625 0.76607075625 0.5238506515625 0.767167490625 0.5266031453125 0.7189112484375 0.5205476609375 0.6574942125 0.52440115 0.6158183671875 0.52219915625 0.58072291875 0.5117396828125 0.58949678125
2 0.526052646875 0.5862065828125 0.5238506515625 0.5993673765625 0.5293556390624999 0.6542040140625 0.5293556390624999 0.7276851109375 0.5436686015625 0.7869086796875 0.553027078125 0.77923155 0.548623090625 0.67065500625 0.5491735890625 0.6399464890625 0.55192608125 0.6136249031250001 0.5557795718749999 0.5993673765625 0.5492268625000001 0.5798224484375 0.526052646875 0.5862065828125
0 0.5601835609375 0.5730457890625 0.55192608125 0.58510985 0.5502745859375 0.60375430625 0.553577578125 0.6256889625000001 0.5601835609375 0.7232981781250001 0.568441040625 0.7726511546875 0.5789005140625 0.7715544203125 0.5844055 0.7616838265625 0.5827540046874999 0.6245922296875001 0.5849559984375 0.5905935140625 0.5734528203125 0.5688482875 0.5601835609375 0.5730457890625
6 0.6026340890624999 0.5677508718750001 0.5818419015625 0.5862331515625 0.5888094890625 0.6465268843749999 0.5937639765625 0.71123411875 0.6047739484375 0.76607075625 0.614132425 0.7869086796875 0.6201879109374999 0.7616838265625 0.6163344203125 0.713427584375 0.61193043125 0.668461540625 0.6190869125 0.60375430625 0.6196374125 0.58949678125 0.613031428125 0.5862065828125 0.6026340890624999 0.5677508718750001
6 0.6383543656249999 0.56317519375 0.6245919 0.5642719265625 0.6163344203125 0.5774327203125 0.6163344203125 0.5862065828125 0.6163344203125 0.60375430625 0.628445390625 0.655300746875 0.6548693234375 0.7737478859375 0.663126803125 0.7726511546875 0.6642278 0.7441361015625 0.6537683265625 0.6739452046875 0.650465334375 0.6004641078125 0.64716234375 0.578529453125 0.6383543656249999 0.56317519375
4 0.700560709375 0.59498044375 0.7009251609375 0.5656950296875001 0.688673315625 0.542073628125 0.6785407640625001 0.55440133125 0.6697327859375 0.55440133125 0.6614753078125 0.5511111343749999 0.6503368953125 0.5515221890625 0.64716234375 0.5818196515625 0.6587228140625 0.6498170828125 0.6636773015624999 0.6925896609375 0.6901012359375 0.754006696875 0.700560709375 0.7507164984375 0.7071666921875 0.722201446875 0.698358715625 0.6311726265625001 0.700560709375 0.59498044375
4 0.7534085765625 0.6278824281250001 0.7611155578125001 0.6278824281250001 0.7748780234375 0.6432366859374999 0.7809335078124999 0.6607844109375 0.7869889921875 0.6267856953125001 0.7842365 0.6114314359375 0.7594640625 0.58072291875 0.74680259375 0.5456274703124999 0.7303709609375 0.5205619765625 0.72423215 0.533563409375 0.7170756671875 0.5434340046874999 0.7170756671875 0.56317519375 0.7066161937500001 0.56317519375 0.7011112078124999 0.5686588578125 0.7011112078124999 0.6081412390625001 0.7121211796875 0.6223987640625 0.725333146875 0.6322693593750001 0.7495550875 0.672848471875 0.7710245328124999 0.6739452046875 0.76386805 0.650913815625 0.7534085765625 0.6278824281250001
12 0.2589499140625 0.682719065625 0.27931836250000003 0.6585909453125 0.2826213546875 0.6333660921875001 0.2996868109375 0.6015608421875001 0.305742296875 0.5818196515625 0.302989803125 0.5708523234375 0.2914293328125 0.5598849953125 0.285373846875 0.5554980656249999 0.27931836250000003 0.55440133125 0.278217365625 0.5412405390624999 0.26787538906249997 0.5260490578125 0.256858821875 0.53136994375 0.24529835000000003 0.578529453125 0.23704087031249998 0.60375430625 0.2253694984375 0.6432366859374999 0.21711201875000002 0.6651713421875 0.22206650625000002 0.6783321359375 0.24243495468749998 0.65310728125 0.258399415625 0.6344628250000001 0.2589499140625 0.65310728125 0.22977348593750002 0.6849125328125 0.2303239859375 0.695879859375 0.2589499140625 0.682719065625