5 0.713374240625 0.43487856875 0.70621433125 0.4138580125 0.693025021875 0.41310727812500003 0.6779890828124999 0.425210334375 0.66664640625 0.46490793437500005 0.657602309375 0.5092012484375 0.6462971890625 0.5512423609375 0.6485582125 0.5685092468749999 0.66626956875 0.599289346875 0.6749368296875 0.6037937515625 0.686995625 0.597787878125 0.6971702343749999 0.6007908140625 0.70357646875 0.5917820046875 0.7080985171874999 0.5722629171875 0.7099827046875 0.5107027171875 0.713374240625 0.43487856875
5 0.750304303125 0.4273712265625 0.732592946875 0.39959406406250003 0.714127915625 0.42361755624999997 0.7077216796875 0.453646921875 0.70508381875 0.5039461109375 0.70282279375 0.5617526390625 0.7084753546875 0.5932834734375 0.7258098734375 0.6030430171875001 0.73862234375 0.6052952203124999 0.750681140625 0.5872776 0.7574642125 0.586526865625 0.7627399359375 0.5452364875 0.7533190015625 0.49493729999999997 0.750304303125 0.4273712265625
6 0.6372391093750001 0.6437108312500001 0.6304560375 0.644461565625 0.6218325984375 0.655829325 0.618020403125 0.66623285625 0.616513053125 0.6857519437499999 0.617643565625 0.7067725 0.6244266390625001 0.7375526 0.635731759375 0.7946083953125 0.6402538078125 0.8238870281249999 0.6575883265625 0.8374002421875 0.6609798640625 0.8036172046875001 0.6609798640625 0.7383033343750001 0.654196790625 0.678244603125 0.64854423125 0.6534703765625001 0.6372391093750001 0.6437108312500001
6 0.554711725 0.8058694078125 0.5694450062499999 0.8308593734375 0.5776988046875 0.8028664703124999 0.5780756421875 0.760074625 0.582597690625 0.7000158921875 0.5890039265625 0.6564733125 0.5829745281250001 0.6211888078125 0.57279991875 0.6114292640625 0.5603642859375 0.6114292640625 0.5532043765625 0.6354527562500001 0.5505665140625 0.6917578171875001 0.5513201890625 0.7555702203125 0.554711725 0.8058694078125
2 0.5219268734375 0.6452123000000001 0.5253184109375 0.6932592843750001 0.5256952484374999 0.7465614109375001 0.526825759375 0.790854725 0.5400150671875 0.8171304203125 0.5434066046875 0.7563209546875 0.5479286531249999 0.688004146875 0.5532043765625 0.62719468125 0.5490591640625 0.613681465625 0.5358698562499999 0.613681465625 0.5223338609375 0.61902043125 0.5219268734375 0.6452123000000001
2 0.49969346875 0.7345496640625 0.507607053125 0.7788429781249999 0.5211732 0.8103738125 0.5241878984375 0.8066201421875 0.5219268734375 0.6121799984375 0.508360728125 0.6084263265625001 0.4951978421875 0.61451321875 0.49479458281250005 0.6392064265624999 0.4963019328125 0.686502678125 0.49969346875 0.7345496640625
10 0.47896741406250004 0.78109518125 0.48499681250000004 0.8126260140625 0.4963019328125 0.8036172046875001 0.49479458281250005 0.6076755921875 0.4808516 0.6084263265625001 0.472184340625 0.6091770609375 0.468061821875 0.6212740359375 0.46803912968750006 0.6587255140625 0.472184340625 0.7105261703125 0.47896741406250004 0.78109518125
10 0.4454288875 0.729294525 0.45560349687499996 0.780344446875 0.46314024375 0.8006142687500001 0.4699233171875 0.7931069265625 0.4684159671875 0.7638282953125 0.46464759375 0.7142798421875 0.4691696421875 0.615182934375 0.45032777343749997 0.6121799984375 0.4356493546875 0.628034853125 0.437892140625 0.6587255140625 0.4454288875 0.729294525
8 0.42658701875 0.83965244375 0.436761628125 0.77809224375 0.439022653125 0.624942478125 0.437892140625 0.62419174375 0.42281864531249996 0.6024204546874999 0.40284626562500003 0.6294468828124999 0.41075985 0.8171304203125 0.42658701875 0.83965244375
14 0.369657646875 0.8088662640625 0.3775712328125 0.8358926921875 0.39603626406250003 0.8178750734375001 0.40470352343749993 0.7780861625 0.40847189687499996 0.6444554859375 0.3937752390625 0.618179790625 0.38476931875 0.6175180265625 0.3670197859375 0.6609716359375 0.36815029843749997 0.7525612015625 0.369657646875 0.8088662640625
14 0.32142246406249997 0.725534771875 0.315016228125 0.79084864375 0.3206687890625 0.822379478125 0.3387569828125 0.8411478328124999 0.3587293640625 0.7247840390625 0.3749333703125 0.6497106234375 0.368903971875 0.6407018140625 0.3602367140625 0.6407018140625 0.3474572921875 0.61902043125 0.3251908375 0.6549657625 0.32142246406249997 0.725534771875
12 0.2773324921875 0.811118465625 0.2875071 0.8118692 0.29994273437499996 0.79084864375 0.315393065625 0.730039178125 0.32707502499999996 0.6917517359375001 0.33574228437500003 0.65646723125 0.3319739109375 0.634695940625 0.317654090625 0.623434928125 0.29994273437499996 0.616678321875 0.28640125 0.61451321875 0.2773324921875 0.6301915359375 0.2746946296875 0.658719434375 0.27167993125 0.697757609375 0.263012671875 0.750309 0.263389509375 0.77958763125 0.2660273703125 0.8028603890625 0.2750714671875 0.791599378125 0.2822313765625 0.7540626703125 0.2935364984375 0.7285377093750001 0.2927828234375 0.7533119359375 0.2837387265625 0.7878457078125 0.2773324921875 0.811118465625
13 0.23512675781249998 0.4686644125 0.2287205234375 0.5542481046875001 0.23286573281249998 0.5917848109375 0.24643187968750002 0.59854141875 0.2641432359375 0.6060487609375 0.2908986890625 0.5730164578125 0.29014501406250004 0.5257202078125001 0.27808621875 0.424371096875 0.2701726328125 0.3980954015625 0.25434546406249997 0.40410127500000004 0.23778254843750002 0.425210334375 0.23512675781249998 0.4686644125
13 0.2724336578125 0.45815413437499997 0.2826082671875 0.5737671921875 0.28675347812499996 0.5962892171874999 0.304841671875 0.6015443546875 0.3187846546875 0.6052980265625 0.34893164374999996 0.57076425625 0.3451632703125 0.5362304859375 0.31426260625 0.41085788125 0.29921548124999997 0.39516225625 0.27394100625 0.4071042125 0.2724336578125 0.45815413437499997
11 0.515898096875 0.526459246875 0.5053466515625 0.390576365625 0.47823782968749995 0.388401440625 0.4770838484375 0.5872687125 0.49630255468750006 0.597778990625 0.5098687 0.598529725 0.518159121875 0.5805121062499999 0.515898096875 0.526459246875
7 0.646660665625 0.4393740859375 0.6395007546875 0.380816821875 0.6233401546875 0.405679084375 0.6131221390625 0.5767584343750001 0.6199052109375 0.6022833953125 0.644022803125 0.6075385343749999 0.655327925 0.5820135734375 0.646660665625 0.4393740859375