11 0.43995619062499997 0.550752284375 0.4393748859375 0.5739137515625 0.45100098125 0.5970752203125 0.4847166578125 0.5866525593749999 0.4870418765625 0.577387971875 0.478903609375 0.467371 0.457395334375 0.3515636609375 0.44344402031249996 0.3515636609375 0.43535529687499996 0.371397534375 0.4405374953125 0.4581064125 0.43995619062499997 0.550752284375
11 0.43617750781250003 0.586137371875 0.44552209062500003 0.5692135140625 0.44127455312499997 0.5353657984375 0.434053740625 0.49305615312500006 0.42003686875 0.38643584999999997 0.408993271875 0.372050571875 0.40562916875 0.3831487265625 0.40729425781249995 0.5632901625 0.408993271875 0.5886759500000001 0.43617750781250003 0.586137371875
9 0.3669712703125 0.33996599843749997 0.3563238140625 0.3390490484375 0.3563238140625 0.364434834375 0.3614208578125 0.4388998078125 0.367367409375 0.548904884375 0.37161494687499996 0.5725982859375 0.38350805 0.5835987921875 0.398799184375 0.5835987921875 0.408993271875 0.560751584375 0.4081437640625 0.52098051875 0.397524921875 0.4761322953125 0.3669712703125 0.33996599843749997
15 0.3359356375 0.5522896562499999 0.346129725 0.5827526 0.3580228296875 0.57598305625 0.37034068593749997 0.5590592 0.37543773125 0.5285962546875 0.36354462656250003 0.478670875 0.3499525078125 0.37458915 0.3346613765625 0.34666478437500003 0.3300126203125 0.3619807234375 0.3346613765625 0.4236683375 0.3359356375 0.5522896562499999
15 0.3214940109375 0.358511484375 0.3087514 0.3534343265625 0.304099084375 0.3696012046875 0.308326646875 0.5539820421874999 0.3274405625 0.5658287421875 0.34315645 0.5370581828125001 0.3359356375 0.49220996093749997 0.3214940109375 0.358511484375
13 0.309176153125 0.456669859375 0.292629159375 0.357747121875 0.2756206125 0.3542805203125 0.270948321875 0.383051078125 0.2679750453125 0.4719013328125 0.2586304640625 0.5023642749999999 0.2611789875 0.531134834375 0.26585127656249996 0.55821300625 0.2747711046875 0.5641363562499999 0.282841425 0.5565206203125 0.29855731093750004 0.5725982859375 0.3121494296875 0.5497510765625 0.309176153125 0.456669859375
13 0.2284729515625 0.5285962546875 0.23909179531250002 0.5201343265625 0.25353342031250004 0.5404429546875 0.2726473359375 0.50913381875 0.26585127656249996 0.444823159375 0.2650017703125 0.37966630625 0.25608194218749997 0.339895240625 0.24758686875000002 0.3390490484375 0.23995246250000002 0.3433528796875 0.219977878125 0.5015180828125 0.2284729515625 0.5285962546875
13 0.20723526718750002 0.5023642749999999 0.22210164687499998 0.494748540625 0.2254996765625 0.47274752500000006 0.229322459375 0.4346688453125 0.22762344531249998 0.3272023484375 0.2161550953125 0.31874041875 0.20681712187499998 0.32980535781250003 0.1813252921875 0.457516053125 0.18302430625 0.47274752500000006 0.20723526718750002 0.5023642749999999
12 0.17831028124999998 0.551523078125 0.171514221875 0.60906419375 0.1634439015625 0.6572971890625 0.18892912343749999 0.670836275 0.20506976406250002 0.649681453125 0.22078565 0.6099103875 0.23777579843750002 0.5472921140625 0.225457940625 0.5142905921875001 0.211016315625 0.5125982062500001 0.19402616718750001 0.4948281546875 0.18515170625 0.5067698671875001 0.17831028124999998 0.551523078125
12 0.20039747343749997 0.710607340625 0.21059156093750003 0.735146934375 0.23437776875 0.699606834375 0.272180846875 0.6327575953125 0.285407353125 0.5846681203124999 0.26538478906249996 0.5540616578125 0.252642178125 0.5379839921875 0.23437776875 0.5413687640625 0.20039747343749997 0.710607340625
8 0.39031485 0.6852247171875 0.383518790625 0.7960759859375 0.3830940375 0.8138460375 0.40348221406249996 0.7935374078125 0.41919810156250004 0.7292267484375 0.430241696875 0.63445314375 0.4311178921875 0.5948287609375 0.40518122968750003 0.5887587296875 0.3920138640625 0.6039902015624999 0.39031485 0.6852247171875
14 0.341043421875 0.8028455296875 0.35803356875 0.79522979375 0.376297978125 0.7453044125 0.387766328125 0.6683008609375001 0.39500886562500004 0.60244924375 0.3750237171875 0.582835378125 0.352936525 0.5997592359375 0.3559098 0.663223703125 0.341043421875 0.8028455296875
14 0.3401939140625 0.7216110125 0.351237509375 0.651377003125 0.366953396875 0.595528271875 0.35633455468749997 0.5802968 0.3329863046875 0.57620091875 0.32277901249999996 0.5912973078125 0.2960195296875 0.798614565625 0.3240532734375 0.7664592359375 0.3401939140625 0.7216110125
10 0.4293921890625 0.681839946875 0.420897115625 0.7867678640625 0.43618824843750004 0.77661355 0.45147938125 0.7233033984375 0.45954970156249997 0.6615313171875 0.46719526875 0.6192216734375 0.46677051562500005 0.59891304375 0.4404357859375 0.589604921875 0.4293921890625 0.59806685 0.4293921890625 0.681839946875
10 0.462522978125 0.6979176109375 0.45870019375000004 0.7825369 0.47441608124999995 0.7706901984375001 0.4875834453125 0.6945328390625 0.4914412046875 0.61091644375 0.47186755937499997 0.6031440078125 0.4570011796875 0.6056825875 0.4591249484375 0.6403764953125 0.462522978125 0.6979176109375
2 0.49225573593750005 0.749535378125 0.4952290125 0.7943836 0.5109448984375 0.7757673578125 0.5228380031250001 0.6759165968749999 0.5271254187500001 0.6176902046875 0.5105201453125 0.6006054296875 0.49310524375 0.6031440078125 0.490981475 0.657300353125 0.49225573593750005 0.749535378125
2 0.532182584375 0.80707649375 0.541527165625 0.8358470515624999 0.5504469921874999 0.7512277640625 0.5614905890624999 0.6488384234375 0.5611103843749999 0.6176902046875 0.5394033968749999 0.6006054296875 0.5262360328125 0.6073749734375 0.5262360328125 0.6784551750000001 0.532182584375 0.80707649375
3 0.488722365625 0.587936584375 0.5360987390624999 0.5854956421875 0.538549240625 0.558645290625 0.5336482375 0.5016900015625 0.513635803125 0.3422151875 0.5017917093750001 0.3324514234375 0.48630751562499996 0.35526558124999996 0.49076445 0.4919262375 0.4838213609375 0.55457705625 0.488722365625 0.587936584375
3 0.5536606703125 0.34953801093750003 0.54099974375 0.3365196578125 0.530014140625 0.343867425 0.5381408234375 0.5798001125 0.567955265625 0.5814274078125 0.57612360625 0.5627135265625001 0.572447853125 0.5041309421875 0.5536606703125 0.34953801093750003
1 0.5818414453125 0.5659681140624999 0.5994033765625 0.5822410546875 0.6108390531250001 0.574104584375 0.6185989765625 0.5407450578125 0.607571715625 0.33082412968749997 0.6002202109375 0.3145511890625 0.587608853125 0.3243277296875 0.5720394359375 0.515522 0.574081521875 0.5472542328125 0.5818414453125 0.5659681140624999
7 0.672538646875 0.35517726562499996 0.6627366375 0.3250723265625 0.650922190625 0.3340975765625 0.6374147828125001 0.533365959375 0.648850459375 0.5496388999999999 0.6741723140625 0.5577753703125 0.6880584921875 0.5423160765625 0.672538646875 0.35517726562499996
5 0.689318665625 0.31781449687499996 0.6819322375 0.4227099671875 0.672538646875 0.4983791390625 0.6733554796875 0.5187203140625 0.6909174109375 0.5366205484375 0.7052120078125 0.5358069000000001 0.713380346875 0.525229490625 0.7256328578125 0.530111371875 0.734209615625 0.48047890468750004 0.728083359375 0.43816925937500006 0.7052120078125 0.3291405609375 0.700311003125 0.31856315 0.689318665625 0.31781449687499996
5 0.779543903125 0.49349725624999996 0.7697418953125 0.45118761249999995 0.765657725 0.3454135015625 0.7595314703125 0.3250723265625 0.7395608609375001 0.331655115625 0.7256328578125 0.53092501875 0.7464621250000001 0.553707134375 0.7787270703125 0.533365959375 0.779543903125 0.49349725624999996
5 0.7746429 0.47315608124999997 0.7803607375 0.5138384312500001 0.7942469156249999 0.52767043125 0.8293707796875 0.4967518453125 0.831004446875 0.47559702187499997 0.79838099375 0.31455788125 0.7787270703125 0.30554479843750004 0.773826065625 0.3218177375 0.7746429 0.47315608124999997
4 0.7190981859375001 0.68237286875 0.729717028125 0.7084095734375 0.7464621250000001 0.7165460421875001 0.7460537078125 0.6953912203125 0.72890019375 0.6286721656250001 0.7239991890625 0.56358040625 0.7199541515625001 0.54333515 0.69663525 0.544052878125 0.685607990625 0.5578848765625 0.6615113859374999 0.5611394640625 0.65987771875 0.5822942875 0.6602861359375 0.6115855796874999 0.676622815625 0.6351813421875 0.7043951734375 0.7279371015625 0.725224440625 0.7450236890624999 0.7264496921875 0.7222415718749999 0.713380346875 0.69620486875 0.70970459375 0.6709818109375 0.7190981859375001 0.68237286875
6 0.603496134375 0.5839002875 0.5900183718750001 0.61644616875 0.6043129671874999 0.656314871875 0.614931809375 0.7238475734375001 0.6263674859374999 0.7677845125 0.6480135875 0.787312040625 0.6435210015624999 0.7368659265625 0.6349442437499999 0.659569459375 0.6353526609375 0.596918640625 0.6132981421875 0.5765774640625 0.603496134375 0.5839002875
6 0.6394849421875 0.5710163859375 0.6263674859374999 0.5716955828125 0.62310015 0.6123779328125 0.6280011546875001 0.6294645203125 0.652506175 0.6994381625 0.666392353125 0.7433751015625 0.6868132046875 0.7718527468749999 0.701924634375 0.77917556875 0.7031498843749999 0.7572071 0.6770111953125 0.6603831062500001 0.67006810625 0.5773911125 0.6557735109375 0.5676273484375 0.6394849421875 0.5710163859375
0 0.5573450109375 0.6050551109375 0.5618375984374999 0.6888607515625 0.566738603125 0.734424984375 0.5728648578125 0.7645299234375 0.5834837 0.7913802750000001 0.609213971875 0.81660333125 0.6132981421875 0.8003303921875 0.5994119640625 0.7238475734375001 0.5985951296875001 0.6685195765625 0.6043129671874999 0.6180734625000001 0.5831156484375 0.5938126968749999 0.5573450109375 0.6050551109375