11 0.519667446875 0.5194150343749999 0.5157586484375 0.44592191562499994 0.51240825 0.3122980609375 0.50179865625 0.29893567656250003 0.4828611953125 0.334708303125 0.472203471875 0.5472533375 0.4805794671875 0.55616159375 0.5168754484375 0.5539345296875 0.519667446875 0.5194150343749999
11 0.438699490625 0.5583886578125 0.44763388437499996 0.5717510421875 0.47611227031250003 0.560615721875 0.46443139687499996 0.3302513984375 0.4465170859375 0.302276271875 0.43088189374999997 0.3245469140625 0.43758269062500005 0.49157673125 0.438699490625 0.5583886578125
10 0.49179681875 0.5842949140625 0.466061075 0.5796207015625 0.466619475 0.653113821875 0.48113786718749996 0.7811700140625 0.49788985781250006 0.7811700140625 0.49509785937500006 0.5985507484375 0.49179681875 0.5842949140625
10 0.460477078125 0.5829612984375 0.44097546249999997 0.593208721875 0.4414914875 0.7900782703125 0.45712667968750004 0.8012135921875 0.466061075 0.66647620625 0.4688530734375 0.5840748296875 0.460477078125 0.5829612984375
8 0.43010167499999996 0.578215034375 0.41119800156249997 0.5882180609375001 0.40321803437500003 0.77122035625 0.41555071093749996 0.810280134375 0.4275206625 0.7524137953125 0.443117871875 0.595451353125 0.43010167499999996 0.578215034375
14 0.3836308421875 0.7842402828124999 0.3966889703125 0.7357772234375 0.41446253437499997 0.5925580375 0.3966889703125 0.5657948562499999 0.3752881484375 0.5860480734375 0.37891540625000003 0.638127778125 0.374562696875 0.7741136734375 0.3836308421875 0.7842402828124999
14 0.3647691 0.740840528125 0.38689537343749997 0.5751981359375 0.364802059375 0.5572254156249999 0.3455446328125 0.57447480625 0.349534615625 0.6388511078125 0.346632809375 0.7393938703125 0.348809165625 0.76615705 0.3647691 0.740840528125
12 0.2762640046875 0.531075053125 0.2675585859375 0.5361383578125001 0.2603040703125 0.550604940625 0.25450045781249997 0.5874947328125 0.2341878125 0.7401171984375 0.24869684374999998 0.7415638578125 0.2704603921875 0.695994115625 0.3089093265625 0.588941390625 0.3103602296875 0.5629015390625 0.29512574687500004 0.5520516 0.2849914171875 0.544197378125 0.2762640046875 0.531075053125
13 0.28714577812500003 0.3624419921875 0.284243971875 0.46009143750000003 0.28243034375 0.539657653125 0.2987530046875 0.5584642125 0.3118111328125 0.557017553125 0.3241438109375 0.557017553125 0.33284922968749997 0.5034911921874999 0.3096601609375 0.35601459687500003 0.29403756875 0.3400187859375 0.28714577812500003 0.3624419921875
13 0.2450695859375 0.5454442859374999 0.25812771562500003 0.5512309203125 0.26538223125 0.5447209578125001 0.27735218281249996 0.54255096875 0.28243034375 0.5418276390625001 0.285694875 0.5208510921875 0.2733621984375 0.3356788109375 0.2661076828125 0.3255522015625 0.255588634375 0.32844551875 0.2392659734375 0.52736105625 0.2450695859375 0.5454442859374999
13 0.22802147343749998 0.3139789328125 0.213149715625 0.32844551875 0.20662065156249998 0.44273153593750003 0.1982779578125 0.4832379734375 0.1997288609375 0.5208510921875 0.21423789375000002 0.530254371875 0.22983510312500002 0.54255096875 0.2407168765625 0.5309777015625 0.244344134375 0.44273153593750003 0.23347727499999998 0.3314060796875 0.22802147343749998 0.3139789328125
2 0.5233350156250001 0.576767475 0.49647669843750003 0.58096854375 0.49829032656249994 0.658364771875 0.51134845625 0.774097446875 0.5236811328125001 0.7892873609375 0.5247693109375 0.6778946609375 0.5233350156250001 0.576767475
2 0.5251320359375 0.63883488125 0.5425428734375 0.78639404375 0.5552382765625 0.7769907640625 0.5523364703125 0.6598114296875 0.5505431890625 0.5861766125 0.5465328578124999 0.570841934375 0.527308390625 0.570841934375 0.52331840625 0.5882018359375001 0.5251320359375 0.63883488125
0 0.583893615625 0.78422405625 0.5900599546875 0.700317865625 0.586457978125 0.5717010140625 0.5646691484375 0.5592686671875 0.5523364703125 0.5802452140625001 0.5523364703125 0.609178384375 0.5679336796875 0.7596308625 0.583893615625 0.78422405625
6 0.5991280984375 0.72201774375 0.61980346875 0.7668641546875 0.623430728125 0.71984775625 0.612186228125 0.6055617375 0.6118522734375 0.56663455625 0.595138115625 0.5476954 0.577001825 0.57445858125 0.5889717765625 0.6395582109375 0.5991280984375 0.72201774375
6 0.649184259375 0.742994290625 0.6441060984375 0.62798494375 0.645590409375 0.5434735984375 0.6230680015625001 0.5238255359374999 0.6060198890625 0.5462487406250001 0.6089216953125 0.5693952765625 0.6317734203125001 0.7314210234375 0.649184259375 0.742994290625
4 0.694524984375 0.60339175 0.70073230625 0.5456449375 0.6800159515625 0.51659224375 0.668046 0.5288888390625 0.6459197265625 0.5086356203125 0.6397533875 0.539738778125 0.6426551953125 0.57879855625 0.652448790625 0.6757246734375 0.657889678125 0.7068278296875 0.67602596875 0.7314210234375 0.6727614359375 0.6395582109375 0.6854568390625 0.7155077796875 0.7014167734375001 0.7147844515624999 0.694524984375 0.60339175
4 0.780128271875 0.53612213125 0.7703852312499999 0.49353278281249996 0.757639271875 0.48982906093749995 0.739865709375 0.49923234218749996 0.7351502734375 0.5158689140625 0.7264448546875 0.52093221875 0.7191903374999999 0.5339521453125 0.7239057734375 0.5614386546875 0.7380520796875001 0.58747850625 0.780128271875 0.640281540625 0.7975391109375 0.6482381625 0.8047936265625 0.6178583343749999 0.7989900140625 0.562161984375 0.780128271875 0.53612213125
5 0.735875725 0.487513046875 0.7409538859375 0.50414961875 0.7605410796875 0.4925763515625 0.7757755625 0.48461973125 0.780128271875 0.45279324374999996 0.771422853125 0.413733465625 0.7583647250000001 0.33055060625 0.7453065953125 0.3117440453125 0.7322937875 0.311864021875 0.7311602890625 0.456409890625 0.735875725 0.487513046875
5 0.700691321875 0.5439327265625 0.725719403125 0.52223285 0.7347875484374999 0.516446215625 0.740591159375 0.49763965624999995 0.72753303125 0.4412199765625 0.71488055625 0.31982560000000004 0.6981522421874999 0.3197006671875 0.6869077421875 0.5280194828125 0.700691321875 0.5439327265625
3 0.5711717937499999 0.555567740625 0.5802399390625 0.535314521875 0.5777008578125 0.33061235 0.5718972453125 0.3110824625 0.5617409234374999 0.31180579062499997 0.5494082453125 0.369672128125 0.5425164546875 0.5222945953125 0.549770971875 0.54110115625 0.5711717937499999 0.555567740625
3 0.5116847625000001 0.46081161093749995 0.5069693265625 0.5121679859375 0.517488375 0.5447178015625 0.5298210531249999 0.5548444109374999 0.5461437124999999 0.5382078390625 0.5418365734374999 0.291598184375 0.5290956 0.2814259640625 0.5211156328125 0.3103591328125 0.5116847625000001 0.46081161093749995