11 0.4777691984375 0.5695219 0.4754442359375 0.5150771828125 0.47253803281250006 0.45252367656250003 0.46905058750000006 0.427038915625 0.4620756984375 0.41429653593750004 0.45611653125 0.4334016421875 0.44915442656250004 0.4805599625 0.4476246796875 0.521718034375 0.4476246796875 0.5674492265625 0.443035440625 0.600985434375 0.441732271875 0.6355506 0.44347599375 0.6552433703125 0.45219460624999996 0.6656689546875 0.4614944578125 0.6679857515625 0.4731192734375 0.6679857515625 0.48009416250000003 0.6506097765625001 0.47951292187499994 0.6204914234375 0.4777691984375 0.5695219
3 0.510899921875 0.54056194375 0.507412478125 0.459474065625 0.5039250328125 0.4328309078125 0.495206421875 0.43167250937499996 0.4871372890625 0.4514316390625 0.48532532812499996 0.509285190625 0.48532532812499996 0.55677951875 0.48125664375 0.585739475 0.47893168125 0.6158578296874999 0.47893168125 0.6459761828125 0.48067540312499996 0.6633521578125 0.49171897812500004 0.6633521578125 0.50799371875 0.662193759375 0.5138061265625 0.64829298125 0.518456053125 0.6262834140625 0.5167123296875 0.5915314671874999 0.510899921875 0.54056194375
11 0.43475738281250004 0.44093969375000003 0.42899882500000003 0.4514316390625 0.41906388124999994 0.526661165625 0.417320159375 0.55677951875 0.41325147500000003 0.588056271875 0.4091827890625 0.6239666171875 0.41150775156249997 0.6459761828125 0.42662001250000003 0.6587185640625 0.43533862343749996 0.6575601671875 0.4423135125 0.6390257953125 0.44347599375 0.6065906437499999 0.441732271875 0.5764722890625 0.440569790625 0.4513652796875 0.43475738281250004 0.44093969375000003
3 0.5486805718750001 0.5973234578125 0.545193128125 0.5822642796874999 0.5393807203125001 0.54056194375 0.5283371453125 0.4583156671875 0.5225247375000001 0.44557328749999997 0.517369290625 0.4479552546875 0.5143873671875 0.48264203125 0.5149686078125 0.5208691734374999 0.5167123296875 0.55677951875 0.5167123296875 0.5811058828125 0.5167123296875 0.60195705 0.518456053125 0.633233803125 0.524268459375 0.6425009890625 0.5294996265624999 0.6471345828125 0.5382182390625 0.6425009890625 0.5446118875 0.633233803125 0.5492618125 0.617016228125 0.5486805718750001 0.5973234578125
1 0.5594207640625 0.427128040625 0.5507430875 0.4508149203125 0.5465048734375 0.548876234375 0.5444104046875 0.57670439375 0.5468539515625 0.5892270640625 0.5513919671874999 0.6254036703125 0.5608170765625 0.6455790859375 0.5657041703125001 0.644187678125 0.58211084375 0.626099375 0.585950703125 0.6038368484375 0.580016375 0.476523021875 0.574431125 0.4354764875 0.5688458734374999 0.4153010734375 0.5594207640625 0.427128040625
7 0.6131787984375 0.463304646875 0.6121315640625 0.4361721921875 0.6121315640625 0.40069129062500003 0.6061972359375 0.3909514328125 0.5943285781250001 0.406952625 0.590837796875 0.41947529687499996 0.576176515625 0.49113280625 0.5653550921875 0.5586160890625 0.5625624671875 0.5822700249999999 0.5618643109375 0.5968798093750001 0.569194953125 0.610098184375 0.578270984375 0.6142724078125 0.585252546875 0.6107938875000001 0.592234109375 0.6281864875000001 0.6044518453125 0.63166500625 0.6093389375 0.6066196640625 0.6117824859375001 0.5648774265625 0.6131787984375 0.463304646875
7 0.641454128125 0.5314836359374999 0.6313308609375 0.47026168593750006 0.6236511421875 0.4159967765625 0.6205094390625 0.40069129062500003 0.6111485562500001 0.412538096875 0.6103861734375 0.474435909375 0.6082917046875 0.541223490625 0.603404609375 0.57461728125 0.600611984375 0.5940969921875 0.601310140625 0.608706775 0.6089898609375 0.6149681109375 0.6205094390625 0.62053374375 0.6330762515624999 0.6226208546875001 0.643548596875 0.608706775 0.6473884562500001 0.5913141765625001 0.647737534375 0.5648774265625 0.641454128125 0.5314836359374999
5 0.6941649265625001 0.502959771875 0.6882305984375 0.4723487984375 0.6819471921875 0.41669248124999997 0.671474846875 0.3909514328125 0.65576633125 0.39512565781250003 0.644246753125 0.41669248124999997 0.64599214375 0.4751316140625 0.6480866125 0.5224394828125 0.6456430656250001 0.5607032015625 0.64599214375 0.5892270640625 0.649482925 0.60522825625 0.65855895625 0.612881 0.6676349874999999 0.613576703125 0.6805508796875 0.5954884 0.6906741453125 0.59200988125 0.6976557078125001 0.5704430578124999 0.6969575515625 0.5363535640625 0.6941649265625001 0.502959771875
5 0.747968671875 0.502241671875 0.738892640625 0.47858773593750004 0.7294675296875 0.4625865453125 0.7162025609375 0.39232044374999997 0.7036357484375 0.381884884375 0.6928143265625 0.3951032609375 0.68796475625 0.43411230625 0.6910689343749999 0.4667607703125 0.693163403125 0.4925018171875 0.6942106375 0.54120109375 0.6942106375 0.5599851 0.69909773125 0.5759862921875001 0.7120136234375 0.5794648109375 0.7231841234374999 0.5752905875 0.7315619984375 0.5627679171875 0.74203434375 0.5599851 0.746572359375 0.5453753171875 0.750063140625 0.5272870140625 0.747968671875 0.502241671875
5 0.73644909375 0.35892665468749996 0.7287693734375 0.3749278453125 0.7277221390624999 0.39788607656249997 0.7336564671875 0.4389326109375 0.74203434375 0.489719 0.747968671875 0.5112858234375001 0.76018640625 0.532852646875 0.7738004546874999 0.53354835 0.7814801734375 0.5036330796875 0.7912543609375 0.49458892812500005 0.7902071265624999 0.46815217656249997 0.7860181890625 0.4417154265625 0.7738004546874999 0.42432282656250003 0.7525066875 0.3846677015625 0.73644909375 0.35892665468749996
9 0.40996165937500006 0.46677911562499996 0.40542364218750004 0.4361681421875 0.3991402359375 0.40903568593750006 0.3928568296875 0.4034700546875 0.3866357484375 0.42854476874999997 0.3813372515625 0.4737361546875 0.3771483140625 0.5266096578125 0.37365753281249997 0.558612040625 0.3729593765625 0.5913101265625 0.3757520015625 0.6198339875000001 0.3816863296875 0.642096515625 0.38901697031250004 0.6560105953125001 0.39739484531249997 0.657402003125 0.40786719062500004 0.634443771875 0.41275428437499995 0.609398428125 0.413452440625 0.58574449375 0.40996165937500006 0.46677911562499996
15 0.3876206578125 0.63166095625 0.3925077515625 0.6142683578125 0.3925077515625 0.5850487906249999 0.3858752671875 0.538436625 0.3795918609375 0.47095333906250003 0.3757520015625 0.438255253125 0.37016675 0.42225406249999997 0.35590926875 0.43689607500000005 0.351665609375 0.482084603125 0.350618375 0.5106084656250001 0.348174828125 0.5495678875000001 0.34433496875 0.5815702703125 0.3436368125 0.60104998125 0.34573128125 0.6226168046875 0.353061921875 0.634443771875 0.35690178125 0.644183628125 0.364232421875 0.6407051078125 0.3729593765625 0.6198339875000001 0.3806390953125 0.6281824359375 0.3876206578125 0.63166095625
15 0.34712759375 0.4549521484375 0.33595709375 0.433385325 0.33042025625 0.4480311515625 0.3247865921875 0.4987814984375 0.3202485765625 0.533566696875 0.31361609218750003 0.5600034468749999 0.3108234671875 0.5864401984375001 0.31396517031250004 0.613572653125 0.3230412015625 0.6330523640625 0.342589578125 0.6205296921875 0.348872984375 0.6045285015624999 0.353061921875 0.582961678125 0.3520146875 0.5544378156249999 0.350967453125 0.5064342421875 0.34712759375 0.4549521484375
13 0.3031437484375 0.6177468765625 0.3125688578125 0.608702725 0.31640871718749997 0.5913101265625 0.3192013421875 0.5530464078125 0.3174559515625 0.4215583578125 0.31466332656249996 0.399991534375 0.301049278125 0.3937301984375 0.287086153125 0.4048614625 0.28572719375 0.41045027031250003 0.281151825 0.4493865171875 0.2797555125 0.47582326718749995 0.27626473125 0.49530297812499996 0.2664905421875 0.5224354328125 0.2598580578125 0.5405237359374999 0.2595089796875 0.5641776703125 0.2636979171875 0.5836573828125 0.268934090625 0.60313709375 0.2713776375 0.608702725 0.28394445 0.6024413890625 0.2937186375 0.6163554687499999 0.3031437484375 0.6177468765625
13 0.25043294843749997 0.5940929421875001 0.2602071359375 0.5843530859375 0.2629997625 0.5676561921875 0.265443309375 0.523826840625 0.27521749687499997 0.468866228125 0.2769628875 0.4312982140625 0.273123028125 0.404165759375 0.265443309375 0.3951216078125 0.2570654328125 0.3951216078125 0.249064915625 0.40488273281250003 0.24170599531249998 0.44590799687500005 0.2354225890625 0.47164904375 0.22529932187499999 0.479997490625 0.217619603125 0.489737346875 0.2102889625 0.5029557234375 0.20610002500000002 0.5196526171875 0.20540186875000002 0.538436625 0.21692144687499998 0.5746132296875001 0.224601165625 0.5760046390625 0.23088457343750002 0.5871359015625 0.2396115265625 0.5913101265625 0.25043294843749997 0.5940929421875001
13 0.209939884375 0.5189569125 0.21377974375000003 0.5182612093750001 0.218317759375 0.505042834375 0.22250669687500002 0.4876502359375 0.23262996249999998 0.4626048921875 0.2434513859375 0.42503687812499996 0.2507820265625 0.39929583125 0.25043294843749997 0.3798161203125 0.2424041515625 0.3700762640625 0.2277428703125 0.3749461921875 0.222528409375 0.3819166390625 0.2033074 0.409731390625 0.19248597812499998 0.419471246875 0.1855044140625 0.42294976562500003 0.1725885234375 0.4521693328125 0.1694468203125 0.45912637187499994 0.1677014296875 0.468866228125 0.1813154765625 0.4806931953125 0.1823627109375 0.5092170578124999 0.1830608671875 0.520348321875 0.19597675781249999 0.525913953125 0.20610002500000002 0.520348321875 0.209939884375 0.5189569125
12 0.24903663593749997 0.7854629984375 0.2605562140625 0.7492863921875 0.26928316875 0.69015155625 0.275915653125 0.65397495 0.278010121875 0.62892960625 0.276613809375 0.615015528125 0.27347210624999996 0.603188559375 0.2657923859375 0.6066670796875 0.25776358906249996 0.610841303125 0.2560181984375 0.6143198234375 0.2462440109375 0.6115370062500001 0.2389133703125 0.6045799671875 0.2340262765625 0.6073627828125 0.23088457343750002 0.6157112312499999 0.22006315 0.6080584874999999 0.2169417765625 0.6157532296875 0.21238343125 0.6324081265625 0.211336196875 0.664410509375 0.21517605624999997 0.6971085953125 0.21273250937500002 0.72424105 0.21238343125 0.7722446234375 0.21447790000000003 0.79450715 0.21796868125 0.8035513015625 0.226695634375 0.789637221875 0.236541275 0.7484940812499999 0.22983733750000002 0.7972899671875 0.22983733750000002 0.8056384140624999 0.2378661359375 0.80633411875 0.24903663593749997 0.7854629984375
12 0.29860573125 0.8035513015625 0.29162416874999997 0.835553684375 0.30488913906250004 0.835553684375 0.3174559515625 0.7972899671875 0.3296736859375 0.7388508328125 0.3408441875 0.70545704375 0.34608035937500004 0.677628884375 0.346778515625 0.65397495 0.339447875 0.639365165625 0.3349098578125 0.6400608703125 0.3244375140625 0.651192134375 0.3118707015625 0.635886646875 0.3027946703125 0.6344952390625 0.29476587187500003 0.6407565749999999 0.2867746875 0.6484625140625 0.28324629375 0.6588448765625 0.281500903125 0.6741503640625 0.281151825 0.698500003125 0.282897215625 0.7249367546875 0.2713776375 0.8007684859375 0.27067948125 0.81189975 0.271726715625 0.829988053125 0.2769628875 0.8369450921875 0.294067715625 0.7826801828125001 0.300351121875 0.76041765625 0.3059363734375 0.755547728125 0.29860573125 0.8035513015625
14 0.37994093906250004 0.6818031078125 0.37016675 0.6713675484375 0.361439796875 0.67275895625 0.350967453125 0.683194515625 0.344684046875 0.6804117 0.34159352187500003 0.7006581828125 0.340495109375 0.734676609375 0.338400640625 0.765287584375 0.3261829046875 0.8564248031249999 0.32548474843749997 0.8752088109375 0.3356080140625 0.8619904359375001 0.34852390624999996 0.843206428125 0.360741640625 0.7965942625 0.3691195171875 0.7611133609375 0.3788937046875 0.7381551281250001 0.3858752671875 0.721458234375 0.38901697031250004 0.7033699312499999 0.37994093906250004 0.6818031078125
14 0.403329175 0.7075441546875 0.3966966890625 0.70128281875 0.39006420468749997 0.7068484515625 0.3837807984375 0.700587115625 0.3768591421875 0.7034419515625 0.3705158296875 0.7179797140625 0.3673741265625 0.7388508328125 0.3666759703125 0.754852025 0.36109071875 0.8244224203125 0.357250859375 0.866164659375 0.355854546875 0.8786873312499999 0.35829809375 0.881470146875 0.3740066109375 0.8585119156250001 0.40053655 0.7680704 0.40821626875000006 0.7437207609375001 0.40961258125000005 0.71867541875 0.403329175 0.7075441546875
8 0.433000815625 0.74163365 0.421830315625 0.71867541875 0.41456891249999994 0.71875268125 0.4075181109375 0.7284152734375 0.404376409375 0.72771956875 0.4008856265625 0.7409379453125 0.40053655 0.7569391359375001 0.4008856265625 0.77781025625 0.3956494546875 0.8272052375 0.3869225015625 0.866164659375 0.3809881734375 0.892601409375 0.4008856265625 0.8731216999999999 0.41484875312499997 0.8501634671874999 0.42741556562499994 0.8105083421874999 0.433000815625 0.74163365
10 0.44107765781249997 0.683910471875 0.4309543921875 0.693650328125 0.42678967187500005 0.7104013734375 0.4271145328125 0.75348086875 0.4271145328125 0.804267259375 0.42222743906250004 0.8550536484375 0.42118020312500004 0.8724462484375 0.4347942515625 0.8578364640625 0.4452665953125 0.8383567546874999 0.4494555328125 0.7854832515625 0.4529463140625 0.7388710859375001 0.45399355 0.7103472234375 0.4525972359375 0.6943460328125 0.4498046109375 0.683910471875 0.44107765781249997 0.683910471875
10 0.45224815781250005 0.6992521765624999 0.4512009234375 0.7110791453124999 0.450153690625 0.7312545593750001 0.4494555328125 0.8432628984375 0.44875737656250003 0.870395353125 0.45992787812499997 0.8599597921875001 0.46865483125 0.828653115625 0.47493823749999997 0.769518278125 0.476683628125 0.734037375 0.47563639375 0.6922951375 0.4711335703125 0.669377475 0.45224815781250005 0.6992521765624999
2 0.478079940625 0.8752290640625 0.484712425 0.8752290640625 0.49064675468749996 0.8348782328125001 0.4944866140625 0.7520894625000001 0.4958829265625 0.724261303125 0.4955338484375 0.6985202562499999 0.4913449109375 0.6866932890624999 0.479476253125 0.68530188125 0.4711335703125 0.6957865875 0.47493823749999997 0.8140071140625 0.478079940625 0.8752290640625
2 0.5164785359375 0.7597422046875 0.5192711609375 0.7333054546875 0.5220637859374999 0.71591285625 0.5220637859374999 0.7019987765625 0.5175257703125 0.685997584375 0.50709751875 0.6811718 0.4955338484375 0.68321476875 0.49204306718749996 0.6950417359375 0.49204306718749996 0.708955815625 0.4941375359375 0.726348415625 0.4962320046875 0.7458281265625 0.4965810828125 0.7931359953125 0.4965810828125 0.842530978125 0.5011190984375 0.8800989906250001 0.5063552703124999 0.86966343125 0.5126386765625 0.8397481609374999 0.5164785359375 0.7597422046875
0 0.54510294375 0.7026944796875 0.539168615625 0.6915632171875 0.527698228125 0.70413789375 0.5199693187500001 0.7200870796875 0.5175257703125 0.743045309375 0.5164785359375 0.760437909375 0.5210165515625 0.8007887390624999 0.5248564109375 0.842530978125 0.53253613125 0.8682720249999999 0.540564928125 0.8807946953125001 0.551735428125 0.86966343125 0.5552262109375 0.83209541875 0.5545280531250001 0.791048884375 0.55068819375 0.7360882703125 0.54510294375 0.7026944796875
6 0.561509615625 0.6901718078125 0.548244646875 0.6915632171875 0.541961240625 0.6999116640625 0.533583365625 0.6950417359375 0.529793215625 0.7229283343749999 0.538470459375 0.7513937578125 0.5499900375 0.7750476921875 0.5611605390625 0.8181813390625001 0.5761708984375 0.8654892078125 0.5866432421875001 0.8828818078125 0.5883886328125 0.86966343125 0.5873413984375 0.830704009375 0.5779162890625 0.763916428125 0.5754727421875 0.7346968625 0.5747745859375 0.716608559375 0.5702365703125001 0.693650328125 0.561509615625 0.6901718078125
6 0.609333321875 0.6713878015625 0.59781374375 0.66999639375 0.5922284921875 0.683910471875 0.5758829359375001 0.6860433953125 0.5709347265625 0.7033901828125 0.5719819609375 0.726348415625 0.5768690546874999 0.745132421875 0.5848978515625001 0.7618293171875 0.5953701953125 0.779221915625 0.6337687921875 0.8654892078125 0.6519208546875 0.86966343125 0.6316743234375 0.7646121328125 0.6225982906249999 0.736783975 0.62015474375 0.714521446875 0.61526765 0.6894761046875 0.609333321875 0.6713878015625
4 0.708172121875 0.8313708828124999 0.705379496875 0.796585684375 0.6837366515625 0.7172754328125001 0.6795477140624999 0.701274240625 0.6774532453125001 0.6699675625 0.6750096984375 0.6449222203125 0.6666318234374999 0.6323995484375 0.65371593125 0.61848546875 0.644988978125 0.6268339171874999 0.637309259375 0.6435308125 0.6278841500000001 0.638660884375 0.6205535078125 0.638660884375 0.6160368593750001 0.6477665734375 0.6146191796875 0.6706632671875 0.6160154921875 0.6817945296875 0.6167136484375 0.6984914265625 0.628233228125 0.728406696875 0.6596502609375 0.8230224359375 0.6750096984375 0.8466763703125 0.6854820421875 0.8585033375 0.6826894171875 0.819543915625 0.6662827453125 0.764583303125 0.6634901203125 0.75206063125 0.6987470124999999 0.8306751796875 0.708172121875 0.8313708828124999
4 0.7469197953125 0.6831859390624999 0.7479670296875 0.6303124359375001 0.7437780921875 0.6017885749999999 0.7294658890625 0.57674323125 0.717248153125 0.5878744953124999 0.7095684343750001 0.5969186468750001 0.6952562312499999 0.5934401265625 0.689321903125 0.6045713890625 0.687227434375 0.6428351078125 0.699096090625 0.6838816421875 0.708870278125 0.7277109921875 0.7252769515625 0.768061821875 0.7402873109375 0.775714565625 0.7284186546875 0.724928175 0.7256260296875 0.7054484640625 0.7462216390624999 0.7576262625 0.7563449046875 0.7694532296875 0.7566939828125 0.7457992953125 0.7514578109375 0.6984914265625 0.7469197953125 0.6831859390624999