3 0.48048304843749995 0.3405326328125 0.4731387390625 0.38691051249999997 0.4698746015625 0.5236032093749999 0.46824253281250006 0.6025269703125 0.4739547734375 0.614731675 0.48578727187500004 0.617172615625 0.510676321875 0.6098497921875 0.5167965796875 0.5846267359375 0.5082282171875 0.5057029749999999 0.5050078265625 0.39190250937500004 0.48048304843749995 0.3405326328125
3 0.508636234375 0.3600601609375 0.5123083890625 0.5236032093749999 0.5135324421874999 0.576490265625 0.5229168375000001 0.603340615625 0.5371974390625 0.5976450875 0.5478058859375 0.5846267359375 0.5518860578125 0.5675401484375 0.5510700234375 0.545571678125 0.5461738171875 0.5122121515625 0.52745185625 0.369920353125 0.508636234375 0.3600601609375
1 0.5469898515625 0.52767144375 0.5502539890625 0.5561490906250001 0.5698388140625 0.5903222640625 0.5837113984375 0.5838130875 0.5951358796874999 0.5512672078125 0.5902396734375001 0.48292085937499996 0.582487346875 0.37877404375 0.5739189859375 0.35273733749999997 0.55968964375 0.34956650312500004 0.5486219203125 0.42840650937499997 0.5469898515625 0.52767144375
7 0.611864584375 0.31042769375 0.5918717421874999 0.32995522187500004 0.5779991578125 0.460952390625 0.5641265734375 0.525230503125 0.5751430375 0.55533544375 0.5816713124999999 0.5667265015625 0.5959519140625 0.5545217953125 0.6114565671875 0.574049325 0.630633375 0.53987615 0.622941 0.3568938890625 0.611864584375 0.31042769375
7 0.6069955734375 0.5520124125 0.623724278125 0.5658444125 0.6347407421875 0.55038511875 0.6567736703125 0.548757825 0.66534203125 0.51458465 0.654733584375 0.45437477187499997 0.640861 0.36731454218750004 0.6322926390625 0.330700428125 0.6200844875 0.32514188437499997 0.609035659375 0.5210938265625 0.6069955734375 0.5520124125
5 0.65881375625 0.41857430312500005 0.6608538421875 0.5202801796875 0.6657500484375001 0.5357394734375001 0.6739103921875 0.5455032375 0.697167371875 0.5316712375 0.71756823125 0.49993900468749997 0.71797625 0.477970534375 0.70981590625 0.42020159843749993 0.6885990125 0.3420914859375 0.6706462546874999 0.30385007656249996 0.6527303484375 0.3129295734375 0.65881375625 0.41857430312500005
5 0.7408252125 0.5023799453125 0.772650553125 0.447865596875 0.7697944328124999 0.41531971562500003 0.7538817625 0.3860284234375 0.726952628125 0.3046637234375 0.7134880609375001 0.2900180765625 0.7016991406249999 0.315372034375 0.7118559921875 0.47552959531249994 0.718792284375 0.49342982968750004 0.7408252125 0.5023799453125
5 0.7555138312499999 0.393351246875 0.761226071875 0.42182889218749997 0.7755066734375 0.4429837140625 0.7942754640625 0.45030653750000005 0.80447589375 0.41531971562500003 0.8159003765625 0.39660583437499997 0.8089640828125001 0.35185525 0.787339171875 0.329073134375 0.7571459 0.2818816078125 0.74408935 0.27537243125 0.7376095874999999 0.29013326250000004 0.7555138312499999 0.393351246875
4 0.741641246875 0.4959802765625 0.7310328 0.5163214515625 0.7102239234375001 0.5130668640625 0.7065960203125 0.527866225 0.7053277171875 0.5626993312499999 0.7110399562499999 0.5936179171875 0.725320559375 0.6343002671875 0.7387851265625 0.673355325 0.7567378828125 0.6888146171875 0.767754346875 0.6920692046875 0.7787708109375 0.6831190874999999 0.782442965625 0.6660325015625 0.7738746046875 0.600940740625 0.7665302953124999 0.530967096875 0.7518416765625 0.49760757031249997 0.741641246875 0.4959802765625
4 0.7025068953125 0.628743878125 0.6945269281249999 0.570877540625 0.669136121875 0.5455610171874999 0.656836453125 0.5659107750000001 0.6477353 0.5679842234375 0.629599009375 0.577387503125 0.6288735578125 0.6070440015624999 0.636853525 0.6540604015625 0.6738515578125 0.7451998843750001 0.6985169124999999 0.77051640625 0.714476846875 0.7632831140625 0.6945269281249999 0.7018001296875 0.728623153125 0.7480932 0.7405931046875 0.7415832375 0.7025068953125 0.628743878125
6 0.6147004843749999 0.608497871875 0.6085341453125 0.6200711390625 0.594750565625 0.617177821875 0.5878587750000001 0.6330910640625 0.586407871875 0.6757674890625001 0.6056323390625 0.709040634375 0.6386403875 0.7582270203125 0.657502128125 0.7763102515625 0.6676584515624999 0.7437604359375001 0.65314941875 0.6844474390624999 0.62708885 0.61729915 0.6147004843749999 0.608497871875
2 0.5255116703125 0.6404601078125001 0.509510003125 0.6287510890625 0.492824615625 0.63598438125 0.48883463281250006 0.6721508421875 0.497177325 0.8146467 0.5134999859375 0.8146467 0.5255116703125 0.6404601078125001
14 0.3430188609375 0.802350103125 0.3778405375 0.72567720625 0.396363540625 0.67520154375 0.379291440625 0.6453876625 0.35970424843750004 0.6345377234375 0.3470088453125 0.66491755 0.331048909375 0.8074134078125 0.3430188609375 0.802350103125
14 0.32524529687500003 0.7763102515625 0.3502733765625 0.7083173046875 0.37024369375 0.6491454671875 0.3549888125 0.6106678578125 0.34446976406249996 0.6077745421875 0.32379439374999996 0.6222411265625001 0.2976781359375 0.8009034453125 0.32524529687500003 0.7763102515625
12 0.2573804796875 0.53683374375 0.2461359796875 0.5209205 0.23670510937499997 0.533217096875 0.219294271875 0.5194738421875 0.2062361421875 0.5238138171875 0.196442546875 0.5382804015625 0.1917271109375 0.5932534234375 0.188099853125 0.7147727328125 0.2076870453125 0.7234526828125001 0.23162694843749998 0.6959661734375 0.2559295765625 0.5852968 0.26028228750000004 0.54768368125 0.2573804796875 0.53683374375
3 0.4325430578125 0.610121409375 0.44744976718749996 0.61844474375 0.46891542656249996 0.6113104578125 0.4701079640625 0.541751159375 0.4632508765625 0.3711228015625 0.449834840625 0.3520980375 0.43883018749999997 0.363448890625 0.426580375 0.5572087828125001 0.42419530156249996 0.5851514046874999 0.4325430578125 0.610121409375
3 0.4158475453125 0.3574487515625 0.4015371046875 0.4930002015625 0.3925930796875 0.5435347328125 0.39318934843750003 0.582773309375 0.40481658125 0.599419978125 0.4158475453125 0.60477069375 0.4227046296875 0.5970418828125 0.42717664375000003 0.5643430687500001 0.425089703125 0.518564728125 0.42541230625 0.35928463125 0.4158475453125 0.3574487515625
9 0.37470502968749997 0.3235608890625 0.3693386140625 0.3663666109375 0.355922578125 0.5126194890625 0.35562444375 0.5619649734375 0.37351249375 0.599419978125 0.3872266640625 0.5720718796875001 0.3919968109375 0.5423456843750001 0.391420340625 0.35928463125 0.3839471890625 0.33010065312500003 0.37470502968749997 0.3235608890625
15 0.34071773437499997 0.333073271875 0.3356494546875 0.3740954203125 0.32432035625 0.5138085375 0.3213390140625 0.5429402078125001 0.3293886375 0.5661266406250001 0.341910271875 0.5732609265625 0.355028175 0.5530471140625 0.36397219999999997 0.559586878125 0.3714255546875 0.53402235 0.35862107499999996 0.34738674375 0.34071773437499997 0.333073271875
9 0.3207214828125 0.5476749140625 0.331752446875 0.5268665765625 0.32966550781250004 0.38299179375 0.32340468906250003 0.3413751203125 0.311211228125 0.3485765328125 0.289715528125 0.5215158625 0.29567821250000004 0.546485865625 0.3025352984375 0.555403725 0.3207214828125 0.5476749140625
13 0.2721256125 0.3134324984375 0.2572189046875 0.4079617984375 0.23485884218750003 0.4602799015625 0.241715928125 0.503085621875 0.2515543546875 0.5203268140625 0.263479721875 0.522704909375 0.2801752359375 0.5387570562499999 0.2932931390625 0.522704909375 0.29508194374999996 0.46979228281249996 0.300448359375 0.3461313125 0.2962744796875 0.3205667859375 0.2882248578125 0.3116489265625 0.2721256125 0.3134324984375
13 0.26705733125000003 0.3134324984375 0.2542375625 0.3062982109375 0.23905284531249998 0.3087186109375 0.2178651953125 0.371101315625 0.20116968124999998 0.3871534625 0.1916293875 0.4079617984375 0.188051778125 0.4329318015625 0.18715737500000001 0.45017299531250005 0.196995803125 0.4686032359375 0.2074304984375 0.49654585781250005 0.2253185484375 0.506058240625 0.240821525 0.49832943125 0.24469727031250002 0.43768799375 0.2578151734375 0.3758575078125 0.26705733125000003 0.3134324984375
13 0.1913312546875 0.3116489265625 0.1644991796875 0.3306736921875 0.15317008125 0.36337250625 0.1627103734375 0.3865589375 0.1642010453125 0.4216358484375 0.1847723015625 0.4293646578125 0.2038528890625 0.41747418124999996 0.2184614625 0.36991226875 0.24111965937500002 0.2985694 0.23217563437500002 0.2795446359375 0.21460248437499999 0.27243005625 0.1913312546875 0.3116489265625
12 0.303727834375 0.5721704171875001 0.28914626875 0.5532201859375 0.2667591984375 0.576966615625 0.26079651406250004 0.63455541875 0.24261032968750001 0.748149490625 0.253939428125 0.75350020625 0.2760013578125 0.7005875796875001 0.26258532031250004 0.7624180640625 0.27719389375 0.764796159375 0.29836141875 0.7291247265624999 0.312075590625 0.6714559078125 0.329963640625 0.59832946875 0.32191401875 0.5656306546875001 0.303727834375 0.5721704171875001