2 0.52674635625 0.6166090093750001 0.5328365109375001 0.6994675671875 0.5459058546875 0.7686275640625 0.555299446875 0.6815673328125 0.5540741953125 0.61078004375 0.5401880171875 0.6058981625000001 0.52674635625 0.6166090093750001
2 0.58148175625 0.6271930109375 0.5557078640625 0.6148482796875 0.5532573609375 0.647394159375 0.5557078640625 0.7588637984375 0.5667351218750001 0.78083226875 0.578579215625 0.6913310984375001 0.58148175625 0.6271930109375
10 0.521400834375 0.7539819171875 0.52793550625 0.61078004375 0.5226260859375 0.608339103125 0.5009799828125 0.6181028671875 0.49893789843749997 0.6327485125 0.5026136515624999 0.683194628125 0.5058809875 0.7507273296875 0.521400834375 0.7539819171875
10 0.49488545000000006 0.6109099312499999 0.47565812812499997 0.59445235 0.46136353281250003 0.6009615265625 0.46340561874999997 0.6571031703125 0.4695318734375 0.7579953984375 0.49199480937500006 0.7864730437499999 0.49488545000000006 0.6109099312499999
11 0.49322006093750004 0.5138465421875 0.49403689375 0.4715369 0.4960789796875 0.36088090625 0.483009634375 0.33809879062500003 0.47527873906250007 0.3511948109375 0.462588784375 0.48943713281249995 0.46013828281249997 0.5268648953125 0.474432878125 0.533374071875 0.49322006093750004 0.5138465421875
11 0.44750256562499996 0.3454957328125 0.428690171875 0.5423241890625 0.4638140359375 0.5431378359375 0.465447703125 0.363321846875 0.44750256562499996 0.3454957328125
9 0.3747451703125 0.7807506453124999 0.411094284375 0.773427821875 0.444992896875 0.7124042968750001 0.46459691249999996 0.6464988890625001 0.4617991265625 0.619865625 0.4437676453125 0.595239128125 0.42988146718750003 0.5887299515625 0.4192626234375 0.61476665625 0.3747451703125 0.7807506453124999
15 0.3649431609375 0.7661049984375 0.3939407703125 0.7262362953125 0.4307551671875 0.6125382390625 0.40496802968749995 0.5765252453125 0.3849555953125 0.5846617171874999 0.3731115015625 0.64161700625 0.33962130625000003 0.766918646875 0.3649431609375 0.7661049984375
15 0.34411389375 0.5830344234375 0.313891034375 0.752273 0.3481980640625 0.7246090015625 0.39276716562499997 0.5685739234375 0.3620842421875 0.5472339546875 0.34411389375 0.5830344234375
12 0.36539946562500003 0.5408926890625 0.321242540625 0.5041106625 0.303680609375 0.5179426625 0.29428701875 0.5415384249999999 0.242009640625 0.7001995921875 0.253853734375 0.7132179437499999 0.27958400625 0.6660264171875 0.3004132734375 0.6310395953125 0.2767250875 0.71159065 0.2902028484375 0.7189134734375 0.3130742015625 0.6855539453125 0.3694357484375 0.5537431296875 0.36539946562500003 0.5408926890625
12 0.139088553125 0.6082574796875 0.171353496875 0.6302259484375 0.2166877859375 0.5887299515625 0.25630423593749996 0.49922878125 0.25715408281249996 0.4839019109375 0.20688577812500003 0.4292551390625 0.18197233906250002 0.48376948750000004 0.152157896875 0.57733889375 0.139088553125 0.6082574796875
12 0.30372002187499997 0.528680378125 0.24772747812499998 0.4951605453125 0.19708376875 0.6294123015624999 0.21627936874999998 0.6660264171875 0.2387423046875 0.6489398296875 0.293470184375 0.5748979515625 0.30372002187499997 0.528680378125
0 0.6218401453125 0.8162238203125 0.6218401453125 0.68129615 0.6218695359375 0.6316168453125 0.599368153125 0.613479578125 0.5812657156250001 0.62715888125 0.5800172703124999 0.706747553125 0.599368153125 0.7963266531250001 0.6218401453125 0.8162238203125
6 0.6155979265625 0.632175015625 0.6486816921874999 0.8112495281250001 0.6633509109375 0.77829484375 0.6521484640625 0.6297503234375 0.6277702546875 0.611034275 0.6155979265625 0.632175015625
6 0.64836958125 0.6371493078125 0.6611661328125 0.6949754515625 0.6814533484374999 0.758397675 0.69830734375 0.7869998546875 0.702052675 0.7658591140625 0.6880076796875 0.6719693515625 0.684300315625 0.6241507578125 0.6627266890625 0.5917588921875 0.6480574703124999 0.6054381953125 0.64836958125 0.6371493078125