11 0.49283245468750003 0.3496844390625 0.47597752812499994 0.36325719218749997 0.46635152968750004 0.4507079359375 0.45846359375 0.4855049171875 0.4573367453125 0.5315267328125 0.4573367453125 0.56856868125 0.46240756093749996 0.5809159968750001 0.4759297359375 0.58540593125 0.48550794374999995 0.5809159968750001 0.4945227265625 0.5663237156250001 0.49733984531250003 0.5247918328125001 0.5018472375 0.439483103125 0.50522778125 0.377746521875 0.49283245468750003 0.3496844390625
11 0.439870603125 0.4215233703125 0.42634842968750003 0.48662740156249995 0.4229678859375 0.529281765625 0.428602125 0.552853915625 0.4353632125 0.5640787484375 0.45113908281250004 0.55846633125 0.45846359375 0.5405065984374999 0.460153865625 0.48213746718749995 0.4674783765625 0.4024411546875 0.46804180000000006 0.35641934062499997 0.45118276249999995 0.364380375 0.439870603125 0.4215233703125
3 0.49733984531250003 0.5090770671875 0.493395878125 0.57193613125 0.5007203890625 0.5831609640625001 0.5255110421875 0.58540593125 0.5362160968749999 0.5730586140625 0.536779521875 0.5337717 0.53846979375 0.38111397187499996 0.5294550109375 0.35754182343749996 0.5159328359375001 0.3631542390625 0.50522778125 0.4372381359375 0.49733984531250003 0.5090770671875
3 0.5390332171875001 0.41142102031250005 0.536779521875 0.46530021875000005 0.5373429453125 0.5315267328125 0.53508925 0.57193613125 0.54523088125 0.5797935140625 0.5615701750000001 0.5797935140625 0.570021534375 0.5595888140625 0.5705849578125 0.5360166656249999 0.5694581109375 0.48662740156249995 0.563260446875 0.38335893906249996 0.5503618296874999 0.36887310625 0.5390332171875001 0.41142102031250005
9 0.3914161453125 0.43274820312499995 0.3931064171875 0.5113220328125 0.39874065625 0.552853915625 0.4083188625 0.567446196875 0.415643375 0.5730586140625 0.430292396875 0.5438740484375 0.43818033125 0.4978522328125 0.42409473281250004 0.4013186703125 0.4145165265625 0.3384596078125 0.40550174375000003 0.313764975 0.393140465625 0.32956171093750003 0.3914161453125 0.43274820312499995
15 0.3609912515625 0.5663237156250001 0.38409163281250003 0.56183378125 0.3993040796875 0.5382616312499999 0.401557775 0.49897471718749997 0.3874721765625 0.34856195625 0.370006034375 0.32498980781250003 0.361019971875 0.34528627031250003 0.3559204359375 0.4956072671875 0.357047284375 0.5438740484375 0.3609912515625 0.5663237156250001
15 0.347469078125 0.339582090625 0.3362252046875 0.3565180953125 0.32549554375 0.4473404859375 0.320424728125 0.5000972 0.31760760781249997 0.5348941828125 0.3283126625 0.55846633125 0.3429616859375 0.5595888140625 0.35479358906249997 0.54836398125 0.363244946875 0.5506089484375 0.376767121875 0.52366935 0.3728231546875 0.4507079359375 0.363244946875 0.3788690046875 0.3564838609375 0.346316990625 0.347469078125 0.339582090625
1 0.5773460453125 0.46305525156250005 0.5683312625 0.513567 0.5672044140625 0.5449965328124999 0.576782621875 0.57193613125 0.5874876765625 0.5809159968750001 0.599883003125 0.5629562640625 0.6105880578125 0.5337717 0.6083343625000001 0.47203511875000004 0.6111514828125 0.3676441734375 0.6021366984375 0.342949540625 0.593121915625 0.35305188906249996 0.5773460453125 0.46305525156250005
13 0.3029585859375 0.35417437343749997 0.27873135625 0.44172806875 0.268589725 0.46866766875000004 0.2629554859375 0.5068321 0.268589725 0.5348941828125 0.2877461390625 0.5371391484375 0.30521228125 0.5506089484375 0.3243686953125 0.5427515656249999 0.333383478125 0.4978522328125 0.33282005468750003 0.3957062546875 0.3277492390625 0.35529685624999996 0.3147904890625 0.342949540625 0.3029585859375 0.35417437343749997
13 0.24434370468750002 0.37545469531250003 0.224623865625 0.39790436093750003 0.21279196250000001 0.43157885937499996 0.22180674687500002 0.47872315781249997 0.247724246875 0.51913255625 0.261246421875 0.5079077234375 0.2725149015625 0.46413087500000005 0.28941761875 0.3911694609375 0.28829077187499996 0.34402516250000004 0.2792759875 0.30922818125 0.2657855265625 0.3273153453125 0.24434370468750002 0.37545469531250003
13 0.2252122703125 0.24981574062499998 0.20434060468749998 0.2856560328125 0.18800130937499998 0.32494294687499997 0.1868744625 0.35412751249999996 0.201523484375 0.37545469531250003 0.215045659375 0.39790436093750003 0.2263141375 0.39902684375 0.2403997359375 0.390046978125 0.248287671875 0.34739261250000003 0.2533584875 0.293513415625 0.25673903125 0.2620838828125 0.2437802796875 0.2407567 0.2252122703125 0.24981574062499998
10 0.49256114531249995 0.6905965375 0.491356884375 0.6198202953124999 0.491356884375 0.599427140625 0.4637243265625 0.6008884984375 0.46666951718750005 0.68219935625 0.48112065781249996 0.8033586875 0.49316327656250003 0.80095949375 0.49256114531249995 0.6905965375
10 0.44607967187500003 0.5908957203125 0.438107678125 0.6011400874999999 0.43431757812500005 0.6110740765625 0.4369313828125 0.6260451421875 0.4411788078125 0.6572890609375001 0.458495178125 0.7848684031250001 0.46274260468749995 0.8115559109375001 0.4731977703125 0.7998394703125 0.4692770890625 0.65338355625 0.4712374296875 0.6078195015625 0.46535638281249997 0.5954521296874999 0.45457449843750003 0.5908957203125 0.44607967187500003 0.5908957203125
8 0.4248425953125 0.6078195015625 0.4088331 0.649478125 0.3996848109375 0.6872311453125 0.39282360625 0.7484171703125 0.3934770453125 0.792028459375 0.398377909375 0.8096031968749999 0.4137339640625 0.8115559109375001 0.41994173124999995 0.7991885640625 0.4369313828125 0.740606209375 0.4470598296875 0.6761655828124999 0.4415055265625 0.6423180203125 0.4369313828125 0.6162814171875 0.4248425953125 0.6078195015625
14 0.4022427484375 0.5982353140625001 0.38551388750000004 0.5981758953125 0.3746964921875 0.614698990625 0.366891715625 0.6457970375000001 0.3620711234375 0.6979320140625 0.34921620781249996 0.7939701328125001 0.348068446875 0.8232388593750001 0.3593164875 0.8300987234375 0.3746964921875 0.806775190625 0.399717678125 0.72445681875 0.4190000609375 0.6535715546875001 0.41509768124999996 0.6105830906249999 0.40798154999999997 0.6128697125 0.4022427484375 0.5982353140625001
14 0.37882841875 0.6590594484375 0.3896173796875 0.6137843468749999 0.37630335000000004 0.6046378609375 0.3680394765625 0.590003496875 0.354519203125 0.5895956890625 0.3443955984375 0.5950340484375001 0.338656796875 0.6078391265625 0.3347544171875 0.6307053406249999 0.3237359078125 0.68970018125 0.30950368125 0.74640838125 0.3000920484375 0.7615000968750001 0.29274636875 0.779335734375 0.2909099625 0.8072325093750001 0.3051421875 0.7999153265625 0.33452486875 0.766073340625 0.36482574218749997 0.69976131875 0.37882841875 0.6590594484375
12 0.259044025 0.7644447375000001 0.261109996875 0.7745058921875 0.2744240109375 0.7758778453125 0.2859016171875 0.765816725 0.29921564843750004 0.7475237531250001 0.3152842984375 0.705449915625 0.3318120453125 0.661546771875 0.3471920296875 0.6405098625 0.3517830734375 0.6103264484375 0.3430601203125 0.591576159375 0.32561414375000003 0.58380164375 0.3196457734375 0.5751125015625 0.304724903125 0.5650513453125 0.2931038125 0.5678591640625 0.28613116562499996 0.576484453125 0.2797037171875 0.591576159375 0.27557177187500004 0.6249608296875 0.26317595312500003 0.6597174859375 0.2519279125 0.684870321875 0.236318359375 0.7196269953125001 0.23953209375 0.73974921875 0.25743715 0.74112120625 0.2741944625 0.7187123078125001 0.28567206875 0.7031632921875001 0.2663896859375 0.7424931921875 0.259044025 0.7644447375000001
12 0.21037896250000002 0.6853276734375 0.208772103125 0.6972180640625 0.2246112046875 0.69584609375 0.24572999375000001 0.6789250921875001 0.26960341875 0.6409671796875 0.2801628140625 0.6071251921874999 0.2904926609375 0.58060036875 0.2881971390625 0.5563621859375 0.276489984375 0.537611896875 0.2643237140625 0.5312093499999999 0.2519279125 0.5184042734375 0.23815478437499998 0.51428835625 0.22910553125000002 0.5312502828125 0.22346344375 0.5540755640625 0.2216270203125 0.5947774328125 0.20464015937500002 0.6432538015625 0.19476942656250001 0.6656626984375 0.19178524218749998 0.6885289125 0.1945398796875 0.6885289125 0.20854255625 0.68715694375 0.2269067265625 0.658802834375 0.23379329062499998 0.6510283171875 0.22438165625 0.6720652281249999 0.21474045625 0.6784678093750001 0.21037896250000002 0.6853276734375
12 0.21933149843750002 0.6203875859375 0.225758965625 0.5897468546875 0.2246112046875 0.55864880625 0.2172655265625 0.549045003125 0.209016384375 0.50894174375 0.1989013546875 0.504684540625 0.19385121562500002 0.504684540625 0.1846691296875 0.5088004609375 0.1708960015625 0.5257214640625001 0.166304959375 0.54630105625 0.1628616765625 0.5723685359374999 0.16446854375 0.5892895375 0.17112555000000002 0.6290767546875 0.1832918203125 0.635479284375 0.1945398796875 0.6377659062500001 0.2073947953125 0.6331926625000001 0.21933149843750002 0.6203875859375
2 0.4928806984375 0.783639475 0.4986195015625 0.8033043984375 0.510785771875 0.7305898296875 0.5224929265625 0.6254052609375 0.516380328125 0.60332401875 0.49219203437500003 0.6066549546875 0.48966696406250004 0.61763074375 0.493110246875 0.701778403125 0.4928806984375 0.783639475
2 0.514229053125 0.601167059375 0.512622178125 0.6158014406250001 0.514229053125 0.6807415265625 0.5156063625 0.759401275 0.5195087421875 0.7818818390625 0.5218042625 0.783711178125 0.533052321875 0.7562717203125 0.551416509375 0.6140438484375 0.544989025 0.5948362109375 0.5332818703125 0.5971228328125 0.5212591203125 0.5981758953125 0.514229053125 0.601167059375
0 0.5554080390625 0.612283696875 0.54558209375 0.6361157984375 0.5402762359375 0.6666077703125 0.54435765625 0.689781671875 0.5523164281249999 0.755644334375 0.5594589125 0.793956521875 0.565376990625 0.8004614859375 0.58088636875 0.8033074062500001 0.5859881453125 0.7707826437499999 0.5841515171875 0.6955053765625 0.5727235296875001 0.6247639953124999 0.5637444171875 0.613380325 0.5554080390625 0.612283696875
6 0.5747385890625 0.6273639421875 0.5718816062500001 0.6602952656250001 0.575554875 0.6753379749999999 0.596370128125 0.76722044375 0.6175935 0.8409033375 0.6308581156249999 0.8535067125 0.6292255578125 0.8071588765625 0.6196342109375 0.662798353125 0.616369078125 0.6217039640625 0.60738995 0.611946534375 0.5860237734375 0.622454059375 0.5747385890625 0.6273639421875
6 0.648816371875 0.61275965 0.6400413109375 0.6038153421875 0.6265896203125 0.6082155515625 0.6151446546875 0.6306482796874999 0.610451015625 0.6587008921875 0.6208586484375 0.6920387781249999 0.631878471875 0.7379800265625 0.6416738859375 0.7631867125 0.6649379843750001 0.8156329109374999 0.6816718015625 0.8306756046875 0.6926916390625 0.8318952953125001 0.6892224375 0.81522635625 0.67289675625 0.7587145625 0.655550721875 0.657887784375 0.648816371875 0.61275965
4 0.6979974828125 0.7148061265625001 0.7110580453125 0.7213110734375 0.7214656484375 0.7554620890625 0.7345262109374999 0.7770097453125 0.748403015625 0.77294415 0.7481989625 0.7566817640625 0.7243226609375 0.6952912515625 0.7147312984374999 0.66114024375 0.706160321875 0.5932447859375001 0.6941201296874999 0.5810480015625 0.687998 0.594057909375 0.6794270234375 0.5851135937499999 0.6699619109375 0.6021133328125 0.6563669921875 0.602595659375 0.6451430874999999 0.6103202984375 0.64412273125 0.6310548328125 0.6535100109374999 0.665205846875 0.666366475 0.6895994265625001 0.67840666875 0.738793134375 0.6904468609375 0.779855665625 0.7028952046875 0.7965246203125 0.717996446875 0.8070951640624999 0.7186086671874999 0.7908327640625 0.7030992578124999 0.753429290625 0.6979974828125 0.7148061265625001
4 0.782143753125 0.7125120593750001 0.762348871875 0.69502998125 0.751941253125 0.6637248875 0.769083221875 0.6909643859375 0.7841844640625 0.7019415140625 0.7974490796875 0.702754621875 0.7941839468749999 0.68080039375 0.769083221875 0.6368919578125001 0.76010409375 0.5624915406250001 0.7509208984375 0.5348455046875 0.7411254828125 0.5319995765625001 0.7273664125 0.556855215625 0.7141881171875 0.5576128296875 0.7068415625 0.5722489703125 0.7033723468749999 0.5759080140624999 0.7013316359374999 0.60274094375 0.71051483125 0.62916731875 0.7213306015625001 0.644616596875 0.7311260015625 0.674702 0.741533634375 0.7007218234375 0.7552063859375 0.7186104531249999 0.7652058687500001 0.7251154 0.78010304375 0.72796130625 0.782143753125 0.7125120593750001
4 0.8025508546875001 0.5429766984375 0.789082171875 0.534032375 0.7845157828125 0.54261670625 0.778470484375 0.554766909375 0.7747972 0.567776821875 0.7654099375000001 0.5718424171875001 0.75847151875 0.5958294421875 0.7568389609375 0.6210361265625 0.7609203812499999 0.6421772296875 0.7796949078125001 0.66413145625 0.7968368765625 0.6620986578125 0.8137747765625001 0.64868219375 0.8201009593749999 0.60924590625 0.8137747765625001 0.5665571375 0.8025508546875001 0.5429766984375
7 0.6427488625 0.3560433578125 0.639075578125 0.319453 0.6319330921875 0.330430121875 0.61919081875 0.3529394265625 0.60479165625 0.438981521875 0.595404378125 0.508503228125 0.59377181875 0.531270559375 0.59377181875 0.5475329453125 0.5966288171875 0.560949425 0.607240503125 0.57599211875 0.6164236984375 0.5650150218750001 0.6258109625 0.580057715625 0.6305046015625 0.5772118109375 0.6407081515625 0.56704781875 0.644789571875 0.5463132859375001 0.6427488625 0.3560433578125
7 0.6292801781249999 0.5373689546875 0.6321371609375 0.5568838296874999 0.6411162874999999 0.56826748125 0.6482587734374999 0.564201884375 0.659482678125 0.5772118109375 0.672135090625 0.56826748125 0.6802979312499999 0.549972296875 0.6760124281250001 0.5194803234375 0.6694821609375 0.3601089546875 0.6584623234375 0.31620051875 0.648020634375 0.33005610937499996 0.6292801781249999 0.5373689546875
5 0.729887178125 0.504844184375 0.71723478125 0.4487389890625 0.6949910375 0.36336143593750003 0.677870975 0.3580246078125 0.67274729375 0.455650475 0.6694821609375 0.490614596875 0.6694821609375 0.508503228125 0.6694821609375 0.5422476890625 0.6790734921875 0.5572903828125 0.687644484375 0.5650150218750001 0.698664321875 0.5617625328125 0.7086637890625 0.5446870406250001 0.7166225625 0.5515985406249999 0.7243772671875 0.5467198375 0.7286627703125 0.5296443156249999 0.729887178125 0.504844184375
5 0.72907090625 0.3775910234375 0.7130790703125001 0.3981975453125 0.7174388484375 0.444266809375 0.7221324890624999 0.473539090625 0.7292749578125 0.5186672171875 0.734988953125 0.5235459203125 0.7462128578125 0.5239525046875 0.75498791875 0.519073771875 0.7658036874999999 0.5019982640625 0.7749868828124999 0.48573587968750004 0.7776398125 0.4633750984375 0.7725380375 0.4324765734375 0.7484576515625 0.4007649265625 0.72907090625 0.3775910234375
5 0.7458047234375 0.294182571875 0.73859218125 0.30971538125000003 0.7423355218750001 0.340936928125 0.74600880625 0.3885044078125 0.7560082734375 0.4120848796875 0.7670280953125 0.4177766890625 0.7751909359375 0.41899638125000005 0.782945640625 0.385251934375 0.795393984375 0.3819994453125 0.8027405218749999 0.3535402875 0.794169546875 0.3263007890625 0.77866016875 0.2962153703125 0.7572327125 0.2823923359375 0.7458047234375 0.294182571875