11 0.461063509375 0.475919446875 0.45641250937500005 0.554163196875 0.46364739843749997 0.5778422265625001 0.482768178125 0.57578318125 0.49672117812499994 0.5603403359375 0.48901845625 0.36072910468749997 0.47398295468749996 0.32766812968750003 0.4646809546875 0.36679000624999997 0.461063509375 0.475919446875
11 0.4584796203125 0.3688490515625 0.4491776203125 0.342081453125 0.435266178125 0.3648497625 0.4264393953125 0.5572517671874999 0.441425953125 0.5726946125000001 0.46054673125 0.5613698578124999 0.460029953125 0.48415563125 0.4584796203125 0.3688490515625
10 0.49315324687500006 0.6007574375 0.47501651093749997 0.5810693578125 0.4662312875 0.60783695625 0.47449973281249996 0.6901987984375 0.4832849546875 0.780796825 0.49723795624999995 0.780796825 0.49315324687500006 0.6007574375
10 0.46731080625 0.5904557921875 0.4372917296875 0.5913645875 0.43470784062499995 0.6263683703125 0.4538286203125 0.7602063640625001 0.4662312875 0.8116825171875 0.47398295468749996 0.7571177953125 0.46731080625 0.5904557921875
8 0.4207548390625 0.7972691937499999 0.4419427296875 0.8466863 0.4486608421875 0.6984349828124999 0.4429762859375 0.58827601875 0.42488906249999997 0.57489221875 0.4109360609375 0.58827601875 0.40318439375 0.616073140625 0.41196961718749997 0.6850511828125 0.4207548390625 0.7972691937499999
9 0.4207548390625 0.3245795609375 0.408352171875 0.3245795609375 0.4011541546875 0.3339448265625 0.3845803921875 0.53666130625 0.40886895 0.5809307953125 0.4321239515625 0.5356317828125 0.430056840625 0.36370143593750004 0.4207548390625 0.3245795609375
14 0.37062739218749996 0.793012540625 0.3835468375 0.8115439546875001 0.39233205937500004 0.7858058796875 0.40628506093750005 0.67358786875 0.41769331718749997 0.6048780953125 0.39646628281249996 0.573724134375 0.37062739218749996 0.6004917328125 0.37321128125 0.6509383625 0.37062739218749996 0.793012540625
14 0.3215335 0.7416056703125 0.3277348328125 0.777638975 0.337036834375 0.7652847 0.3587415015625 0.677775240625 0.3845803921875 0.5984326875 0.35977505781249997 0.5685765203125001 0.336003278125 0.57887175 0.3277348328125 0.6694697765625001 0.3215335 0.7416056703125
12 0.2672903078125 0.52761575625 0.2548358546875 0.5510688546875 0.21556074062500002 0.633430696875 0.21866140781249999 0.676670665625 0.235198296875 0.6869658953125 0.2641378546875 0.6756411421874999 0.28222507812500003 0.646814496875 0.30599685781249997 0.624164990625 0.3096143015625 0.5901907296875 0.30599685781249997 0.5737183609375001 0.29411096875 0.5665117000000001 0.28739285625 0.53768505625 0.2672903078125 0.52761575625
13 0.27137274375 0.329721403125 0.25070163125 0.3286918796875 0.22382918593749998 0.4110537234375 0.21556074062500002 0.46047082812499995 0.2217620734375 0.47900224218750004 0.236231853125 0.48517938125000004 0.2527687421875 0.499592703125 0.267238521875 0.48723842656249994 0.2734398546875 0.46047082812499995 0.2796411890625 0.3431052015625 0.27137274375 0.329721403125
13 0.3023794125 0.368843278125 0.2858425234375 0.47488415 0.2811915234375 0.52430125625 0.29411096875 0.5448917171875001 0.318916303125 0.558275515625 0.3370035265625 0.532537440625 0.34682230468749997 0.514006025 0.3370649 0.3545481171875 0.31736597031249997 0.31839665 0.3023794125 0.368843278125
3 0.49572590156249996 0.5748120328125 0.5169137921875 0.577900603125 0.53810168125 0.567605371875 0.5241641765625 0.3555782828125 0.5045111234374999 0.322578890625 0.4967594578125 0.378173134375 0.4962426796875 0.5264244515625001 0.49572590156249996 0.5748120328125
3 0.53810168125 0.57584155625 0.5592895718750001 0.57584155625 0.5680747953124999 0.554221571875 0.5561889046874999 0.34728744375 0.5262157921874999 0.3133131828125 0.5262157921874999 0.3503760125 0.5324171265625 0.5480444343750001 0.53810168125 0.57584155625
2 0.548456071875 0.7923680375 0.5479204609375 0.5902548796875 0.5205312359375001 0.5830482171875 0.5153634578124999 0.5984910625000001 0.5158802359375 0.6880595671874999 0.5256990140625 0.7879233015625 0.548456071875 0.7923680375
4 0.7018804796875 0.6592245828125 0.7220348140625 0.73129119375 0.7385717046875 0.7282026265625 0.750974371875 0.6973169343750001 0.7396052609375 0.5675970328125 0.7303032593750001 0.5295046812499999 0.713249590625 0.51920945 0.6807693734375 0.55955085625 0.6827597 0.5871579703124999 0.7018804796875 0.6592245828125
5 0.7468401499999999 0.49655994375 0.7535582609375 0.4594971140625 0.7334039265625 0.33286578125 0.724101925 0.32462959687500004 0.7014433265625 0.34630680156250004 0.7013637015625 0.48214662031250005 0.713249590625 0.510973265625 0.7318535921875 0.49038280624999997 0.7468401499999999 0.49655994375
5 0.6848268125 0.34624958125 0.6703570328125 0.338013396875 0.6575111765625 0.3576386109375 0.6600214765625 0.51612088125 0.6806925890625 0.5397999109375 0.704981146875 0.51920945 0.7111824796875 0.4986189890625 0.6848268125 0.34624958125
7 0.6233302515625 0.35036767343749997 0.6228134734374999 0.449201884375 0.6186792515625 0.514061834375 0.6233302515625 0.53568181875 0.6434845859375 0.5593608484375 0.65382014375 0.5593608484375 0.668289921875 0.5233275421875 0.63838776875 0.34836713124999996 0.6300483640625 0.327718165625 0.6233302515625 0.35036767343749997
7 0.6217799187499999 0.3627219484375 0.6135114734375 0.3308067359375 0.5980081390625 0.338013396875 0.5814712484375 0.5212684953125 0.595941028125 0.55524275625 0.6176456953125 0.571715125 0.6336658078124999 0.5397999109375 0.6217799187499999 0.3627219484375
1 0.562867246875 0.49038280624999997 0.5556323578125 0.5284751578125 0.583538359375 0.5809808328125 0.59077325 0.576862740625 0.6042094734375001 0.527445634375 0.5836017921875001 0.33806548593749997 0.568035025 0.3205115046875 0.5618336921875 0.34624958125 0.562867246875 0.49038280624999997
6 0.622296696875 0.7086416875 0.6378000296875 0.7786492546875 0.65175303125 0.7652654546875 0.6460684750000001 0.6324569828125 0.6414888624999999 0.583244640625 0.6124779171875 0.5696560796875 0.600592028125 0.605689384375 0.6021423609375 0.63966364375 0.622296696875 0.7086416875
6 0.6150618062500001 0.6654017203125 0.6083436953125 0.5871579703124999 0.5867028859375 0.577063653125 0.5711356921874999 0.6262798453125 0.579920915625 0.663342675 0.599558471875 0.788944484375 0.61712891875 0.8136530375 0.6150618062500001 0.6654017203125
0 0.5416793578125 0.610837 0.5468471359375 0.663342675 0.55769946875 0.7786492546875 0.56906858125 0.8208596984375 0.5773370265625 0.8095349453124999 0.578887359375 0.6798150421875 0.5876725828125 0.622161753125 0.5660289328125 0.5811843109375 0.5463303578125001 0.592305584375 0.5416793578125 0.610837