5 0.7120943890625 0.2995522453125 0.699805409375 0.3342214234375 0.6922484484375 0.362015184375 0.6835288765625 0.42570922031249997 0.6777158296875 0.469716009375 0.6934110578125 0.48824518437500003 0.712012809375 0.5044582125 0.731777171875 0.47666445 0.7370089140625 0.46276756875 0.731777171875 0.3515925234375 0.7271267328125 0.30411151406250003 0.719569771875 0.2936888546875 0.7120943890625 0.2995522453125
4 0.689923228125 0.4801386703125 0.6678336484375 0.4940355515625 0.653882334375 0.5137227984375 0.6527197234375001 0.5415165609375 0.6748093046875 0.59015564375 0.6910858390625 0.6376366531250001 0.7114315046875 0.6920661031249999 0.735265 0.6920661031249999 0.7422406578125 0.6434270203125 0.724220209375 0.5866814234375 0.7143380296874999 0.54383270625 0.70852498125 0.4986678453125 0.689923228125 0.4801386703125
6 0.607377953125 0.5392004140625 0.613191 0.5588876609375 0.6166788296875 0.66195619375 0.62597970625 0.7059629828125 0.6376058 0.709437203125 0.6445814578125 0.5820491296875 0.6503945046874999 0.5588876609375 0.6544636390624999 0.5299358265625 0.63528058125 0.4986678453125 0.6120962296875 0.5208820875 0.607377953125 0.5392004140625
6 0.5823818484375 0.5612817390625 0.5899388109375 0.5983400875 0.5980770765625001 0.6770890796875 0.607377953125 0.718779721875 0.6178414390625 0.718779721875 0.6166788296875 0.5751786203125 0.6178414390625 0.5450687125 0.609703171875 0.5265395374999999 0.5993057671875001 0.5174057015625 0.58180054375 0.5346460515625 0.5823818484375 0.5612817390625
0 0.55273530625 0.5774168359375 0.5579670484375 0.6364785796875 0.5591296578125 0.67122078125 0.568430534375 0.7175437171875 0.58180054375 0.70712105625 0.585288371875 0.6700627078125 0.58645098125 0.619107478125 0.5823818484375 0.583207203125 0.56965515 0.548693165625 0.5562231343749999 0.549623075 0.55273530625 0.5774168359375
7 0.629467534375 0.34001179062500003 0.6277236203125 0.30063729375000003 0.61674730625 0.313457784375 0.591682725 0.4801386703125 0.607377953125 0.5033001390625 0.6213292671875 0.5137227984375 0.6358618859375 0.5009839921875 0.629467534375 0.34001179062500003
3 0.53297094375 0.47666445 0.534133553125 0.5137227984375 0.5411092109375 0.5253035328125 0.555060525 0.5310939 0.568430534375 0.5079324328125 0.5701744484375 0.466241790625 0.55273530625 0.3631732578125 0.5393652953125 0.3156922484375 0.5330279171875001 0.3227281453125 0.5347148578125 0.42570922031249997 0.53297094375 0.47666445
2 0.5166944109375 0.5913137171875 0.5225074578125 0.6330043578125 0.5277392015625 0.6665884875 0.534133553125 0.6932241765625 0.541690515625 0.7082791296875001 0.5469222578124999 0.6990145421875 0.5469222578124999 0.6445850921875 0.5475035625 0.5820491296875 0.5469222578124999 0.53572619375 0.5312270296875 0.5368842671875 0.5161677625000001 0.55216955 0.5166944109375 0.5913137171875
2 0.5056496203124999 0.6990145421875 0.51611310625 0.6399527984375 0.519600934375 0.5936298640625 0.5155318015625 0.547306928125 0.4911682234375 0.55680473125 0.4882104765625 0.60752674375 0.492860915625 0.642268946875 0.49518613437500003 0.6851176625 0.5056496203124999 0.6990145421875
10 0.4300800015625 0.655007753125 0.431823915625 0.70712105625 0.44170609687500006 0.7152275703125001 0.4504256671875 0.68048536875 0.4556574109375 0.6561658265625 0.46844611562500005 0.5484650015625 0.460889153125 0.5403584875 0.4515882765625 0.5403584875 0.43651806718749997 0.55216955 0.43473043906250003 0.6063686703125 0.4300800015625 0.655007753125
10 0.48472264843749996 0.6469012390625 0.49227961093749995 0.59015564375 0.4894240703125 0.5544871421875001 0.46321437187500003 0.5530972953125 0.45972654375 0.642268946875 0.46321437187500003 0.690908028125 0.47774699218750005 0.6874338078125 0.48472264843749996 0.6469012390625
11 0.44868175312499997 0.4511089046875 0.44577522968750005 0.533332115625 0.45972654375 0.5460709234375 0.4771656875 0.54028055625 0.48414134375 0.5055383546875001 0.481284684375 0.3319985046875 0.46960872499999995 0.31445624375 0.45623871562499996 0.3434080796875 0.44868175312499997 0.4511089046875
9 0.453913496875 0.3642534 0.4481004484375 0.3399338578125 0.4394249890625 0.350539225 0.42136042968750004 0.44879275781250005 0.4236856484375 0.5113287203125 0.431823915625 0.5356482625 0.44926305781250003 0.5124867953125001 0.453913496875 0.3642534
8 0.43763696249999995 0.5819711984375 0.43763696249999995 0.54491285 0.408571725 0.54028055625 0.40217737343750004 0.5773389046874999 0.38648214375 0.7267303734375 0.40159606875 0.7348368859375001 0.4167099921875 0.69314624375 0.43763696249999995 0.5819711984375
9 0.40392128749999995 0.54028055625 0.4260108671875 0.50322220625 0.4167099921875 0.335301565625 0.40973433437500006 0.3086658765625 0.39582114218750003 0.3343160953125 0.3888073640625 0.45574119843750005 0.384156925 0.4904834 0.3870634484375 0.5159610140625001 0.40392128749999995 0.54028055625
15 0.3632299546875 0.3225627578125 0.356254296875 0.312140096875 0.347534725 0.3225627578125 0.3370712390625 0.46963807968750004 0.3399777640625 0.50322220625 0.3492786390625 0.5124867953125001 0.3614860390625 0.5055383546875001 0.3702056109375 0.5078545015625 0.3760186578125 0.4997479875 0.3795064875 0.47542844687499997 0.3765999625 0.4580573453125 0.3632299546875 0.3225627578125
14 0.3446282015625 0.5194352359375001 0.33765254375 0.5182771609375 0.3312581921875 0.54028055625 0.33300210625000004 0.709359271875 0.3492786390625 0.69314624375 0.360904734375 0.6502975281250001 0.3672990875 0.609764959375 0.37718126875 0.551861290625 0.3696588328125 0.5220408812499999 0.356254296875 0.5205933093749999 0.3446282015625 0.5194352359375001
14 0.3643925640625 0.5680743171875 0.363811259375 0.62945220625 0.359742125 0.700094684375 0.3748560484375 0.68851395 0.3888073640625 0.637558721875 0.4033399828125 0.542596703125 0.38593760312500003 0.5174057015625 0.37427474374999997 0.52175138125 0.3655551734375 0.533332115625 0.3643925640625 0.5680743171875
13 0.3469534203125 0.4707961515625 0.3399777640625 0.4302635828125 0.33710129218749996 0.3459040453125 0.3248638390625 0.32835312499999997 0.30742469687499996 0.32835312499999997 0.2981238203125 0.36888569375 0.297542515625 0.415208628125 0.2923107734375 0.44879275781250005 0.2911481640625 0.48585110625 0.3068433921875 0.5124867953125001 0.3213760109375 0.5124867953125001 0.331839496875 0.5113287203125 0.3446282015625 0.5078545015625 0.3469534203125 0.4707961515625
13 0.2638268390625 0.2623429421875 0.25278205 0.276239821875 0.2510381359375 0.3271950515625 0.25045683125 0.3816245015625 0.24696900156249998 0.44300239062499996 0.2510381359375 0.46384771249999995 0.26266422968750003 0.4707961515625 0.2678959734375 0.4707961515625 0.28010337343749997 0.4823768859375 0.2981238203125 0.45689927187499996 0.2957986015625 0.400153675 0.28940425 0.299401290625 0.27487163125 0.268133309375 0.2638268390625 0.2623429421875
13 0.2167411546875 0.3549888125 0.209765496875 0.41752477656250003 0.21092810625 0.43257972968749997 0.22836725000000002 0.44300239062499996 0.24464378281250002 0.454583125 0.2492942203125 0.433737803125 0.2492942203125 0.3445661515625 0.23766812656249997 0.271607528125 0.22836725000000002 0.25423642812499997 0.21615985000000001 0.2565525734375 0.2144291328125 0.2868055015625 0.2167411546875 0.3549888125
12 0.22285429687499997 0.4452009859375 0.21164239999999998 0.47641342499999995 0.183014840625 0.5849128109375 0.201168903125 0.5925634078125 0.2235123640625 0.5890858640625 0.24096819218749999 0.556396946875 0.2577257890625 0.5202304859375 0.26785016875 0.49936521875000006 0.2619151875 0.4631987578125 0.250394340625 0.455548159375 0.24096819218749999 0.44859307187499997 0.2235123640625 0.44372450937499996 0.22285429687499997 0.4452009859375