13 0.15688875468750002 0.31487123437500003 0.1374525796875 0.375594034375 0.1361317984375 0.403883209375 0.1467289359375 0.43103659375000003 0.1564470234375 0.44775736562499996 0.16528164843749998 0.4565577703125 0.1745580046875 0.4459972828125 0.1816257046875 0.43543679687500003 0.1851595546875 0.42223618749999997 0.1922272546875 0.3606333453125 0.1970862984375 0.2911101375 0.1970862984375 0.2594286765625 0.1851595546875 0.24006778281250002 0.1621895296875 0.2726292859375 0.15688875468750002 0.31487123437500003
13 0.21973877812499998 0.4875375609375 0.23106658906250002 0.4755013640625 0.23370974531250002 0.4664742140625 0.2371080890625 0.43638371875 0.2348425265625 0.41456810937500005 0.2374856828125 0.364166528125 0.23861846406249998 0.30172875 0.22955621406249999 0.2618588421875 0.21973877812499998 0.25884979218750004 0.212969984375 0.2680087484375 0.203502246875 0.3273056703125 0.1985935296875 0.364166528125 0.1914192484375 0.39275249843750004 0.1861329359375 0.41381584687500006 0.1819794046875 0.43412693124999996 0.1816018109375 0.451428965625 0.1880209046875 0.463465165625 0.1914192484375 0.4687310015625 0.197083153125 0.4664742140625 0.205012621875 0.48227172500000004 0.21218690312500002 0.4897943484375 0.21973877812499998 0.4875375609375
13 0.286572865625 0.4973675953125 0.289216021875 0.4785610359375 0.2850624921875 0.44546149062499996 0.2816641484375 0.398821221875 0.2820417421875 0.3401447546875 0.2763778359375 0.306292946875 0.2650500234375 0.2980180609375 0.252967025 0.2980180609375 0.2397835875 0.3214526578125 0.23861846406249998 0.3755010875 0.2423944015625 0.4063438453125 0.23635290156250002 0.436434340625 0.2318217765625 0.45824995 0.2325769640625 0.47555198593750003 0.23597530781249998 0.49210175781250004 0.2401288390625 0.50639474375 0.24465996250000002 0.5071470062500001 0.25598777500000003 0.49962438125 0.26656040000000003 0.5086515312500001 0.2778882109375 0.50639474375 0.286572865625 0.4973675953125
15 0.3213114890625 0.298770321875 0.3141372078125 0.2950090109375 0.30696292812500003 0.299522584375 0.302852203125 0.308656228125 0.298655865625 0.35142869062500004 0.299411053125 0.3852804984375 0.292991959375 0.4213890921875 0.284684896875 0.4785610359375 0.286572865625 0.49887212031250006 0.29223677187499997 0.5146696296875 0.301299021875 0.5229445171875 0.30960608437500003 0.5184309421875 0.3201787078125 0.5101560562499999 0.3239546453125 0.4943585453125 0.3247098328125 0.4559931625 0.3213114890625 0.298770321875
15 0.3571828921875 0.31306330937500004 0.3511413921875 0.3010271109375 0.34207914375000004 0.32735629374999997 0.3349048625 0.390546334375 0.32848577031250004 0.4484705390625 0.3194235203125 0.5003766453125 0.31791314531250003 0.5274580906249999 0.32961855 0.5455123890625 0.3409463625 0.547769175 0.35038620625 0.5387420265625 0.3602036421875 0.5349807156249999 0.3670003296875 0.5146696296875 0.3719090484375 0.480065559375 0.3620916109375 0.346915115625 0.3571828921875 0.31306330937500004
9 0.386635203125 0.2935044859375 0.3719090484375 0.266423040625 0.3610112859375 0.2710196734375 0.3617140171875 0.459754475 0.3571828921875 0.49962438125 0.35567251718750004 0.5184309421875 0.3620916109375 0.5394942890625 0.3700210796875 0.5470169125 0.384369640625 0.55228275 0.396452640625 0.54626465 0.4036269203125 0.535732978125 0.4070252640625 0.5176786796874999 0.4070252640625 0.5003766453125 0.3998509828125 0.4665248375 0.386635203125 0.2935044859375
11 0.4436865671875 0.565083865625 0.45161603437500003 0.5410114703125 0.449350471875 0.495875725 0.44670731718749995 0.480830478125 0.4402882234375 0.2829854671875 0.42631725468750004 0.2829854671875 0.413505521875 0.29962345468749996 0.4063047875 0.5327365828125 0.40970313125 0.5613225546875 0.4436865671875 0.565083865625
11 0.4840890953125 0.3093146515625 0.463699034375 0.303296553125 0.4561806921875 0.31166715312500004 0.45652475312499996 0.46428070468750005 0.455014378125 0.48760084062500003 0.45350400312500005 0.5131777609375 0.45350400312500005 0.5485340937500001 0.45879031562500006 0.5643316031250001 0.4742716578125 0.5718542281250001 0.49994803125000004 0.5741110140625 0.50296878125 0.5590657671875 0.50296878125 0.5064074 0.49881525 0.4665374921875 0.48975300156249996 0.340157409375 0.4840890953125 0.3093146515625
3 0.5611182140625 0.36573433125 0.560363028125 0.3123237015625 0.5475248406250001 0.3183418015625 0.540775721875 0.33048543124999996 0.51731734375 0.4214017484375 0.50749990625 0.46503296718750003 0.5041015625 0.495875725 0.50221359375 0.526718484375 0.5010808124999999 0.55003861875 0.5041015625 0.566588390625 0.5139189984375 0.570349703125 0.5331762796875 0.572606490625 0.544504090625 0.567340653125 0.549790403125 0.5522954046875 0.5592302453125 0.4259153234375 0.5611182140625 0.36573433125
3 0.5977448062499999 0.32736895 0.58571683125 0.344787321875 0.5724460265625 0.4056042390625 0.5626285890625 0.480078215625 0.556209496875 0.5116732359375 0.554321528125 0.5417637328125 0.5569646828125 0.5605702921875 0.5762219640625 0.571101965625 0.587549775 0.5695974406250001 0.5951016499999999 0.5590657671875 0.59623443125 0.4454741453125 0.5988775875 0.395072565625 0.59925518125 0.348432296875 0.5977448062499999 0.32736895
1 0.64044716875 0.29203745937500003 0.637048825 0.2815057859375 0.6294969515625 0.2890284109375 0.6249930953125 0.298870725 0.6159035765625 0.339429990625 0.605330953125 0.40939039218750006 0.5977790781250001 0.465810071875 0.5932479546875 0.5079367671874999 0.5909823921874999 0.5417885734375 0.596268703125 0.560595134375 0.606463734375 0.5703745453125 0.6189243265625 0.5778971703125 0.6283641703125 0.5688700203125 0.6351608578125 0.5410363125 0.63742641875 0.49063473125 0.64044716875 0.29203745937500003
7 0.658194075 0.3191189046875 0.649918415625 0.3297327 0.6355384500000001 0.40487681875000003 0.6287417640624999 0.4597919734375 0.6260986078124999 0.507184503125 0.6283641703125 0.532761425 0.64044716875 0.561347396875 0.65026460625 0.5711268078125 0.66008204375 0.567365496875 0.6683891046875 0.5447976234375 0.6665011359374999 0.512450340625 0.66008204375 0.470323646875 0.6627251984375 0.338677728125 0.658194075 0.3191189046875
7 0.6714098546875 0.39735419375 0.6672563234375 0.48235984531250004 0.6649907609375 0.5056799796875 0.6661235421875 0.5259910640625 0.6755633859375 0.5432931 0.686891196875 0.5508157234375 0.699351790625 0.5320091625 0.698974196875 0.5094412921875 0.689911946875 0.31159628125 0.6831152609375 0.31009175624999996 0.6759409796875 0.3258892671875 0.6714098546875 0.39735419375
5 0.7246505703125 0.31385306874999996 0.7092104671875 0.33424908750000004 0.7061484765625 0.42443564062499994 0.696331040625 0.50191866875 0.698974196875 0.5214774906249999 0.7065260703125 0.5417885734375 0.7235177890625 0.5335136890625 0.73069206875 0.54028405 0.739376725 0.5320091625 0.74806138125 0.510945815625 0.7484389734375 0.49063473125 0.7446630375 0.4605442359375 0.7408871 0.331907365625 0.7246505703125 0.31385306874999996
5 0.7661858796875001 0.30256913281250003 0.7518856375 0.312419884375 0.7465510046875 0.3717772734375 0.74730619375 0.41841754218749994 0.74504063125 0.468819121875 0.7469285984375 0.5034231921875 0.7571236296875 0.5244865390625 0.7710945984375 0.519972965625 0.779024065625 0.5056799796875 0.784310378125 0.5056799796875 0.7926174406250001 0.48235984531250004 0.7892190968749999 0.4575351859375 0.780156846875 0.380804421875 0.7661858796875001 0.30256913281250003
5 0.8058332203124999 0.2611947015625 0.7926725265625 0.3003761859375 0.7892190968749999 0.35823655 0.786198346875 0.40412455625000004 0.785820753125 0.4357195765625 0.7899742843750001 0.4673145984375 0.7952605953125 0.48612115781250004 0.8047004390625 0.49665283125000004 0.8198041875 0.47784627031250004 0.8281112500000001 0.4500125625 0.82848884375 0.4319582640625 0.8167834375 0.386070259375 0.8088539703125001 0.2732309 0.8058332203124999 0.2611947015625
10 0.4248352140625 0.59168313125 0.4278312640625 0.6765396328125 0.42745367031250003 0.7585362328125 0.42669848281249995 0.796149353125 0.4402918578125 0.751765871875 0.448221325 0.68330999375 0.4565283875 0.6389265125 0.45992673125000005 0.6118450656250001 0.46219229375 0.59303850625 0.46181469999999997 0.5817545703125 0.45199726250000005 0.575736471875 0.4278312640625 0.5802500453125 0.4248352140625 0.59168313125
10 0.45728357500000005 0.5855158828125 0.45655835 0.59318859375 0.45841635625 0.6389265125 0.45992673125000005 0.6712737953125 0.45992673125000005 0.7224276390625 0.46030432499999996 0.77659053125 0.4610595125 0.801415190625 0.4769184484375 0.77508600625 0.4822047609375 0.6787964203125 0.48635829218750004 0.6359174624999999 0.4867358859375 0.6058269671875001 0.48711347812500005 0.5885249328125 0.4859806984375 0.5825068328125 0.45728357500000005 0.5855158828125
2 0.507125946875 0.8021674515624999 0.5101466968749999 0.8104423390625 0.5165657890625 0.6968507171875 0.5188313515625 0.6291471015625001 0.5207193203125 0.59905660625 0.5192089453125 0.5877726703125 0.512034665625 0.5847636203125 0.4840927296875 0.5832590953125 0.48261663906249996 0.59168313125 0.4867358859375 0.6359174624999999 0.507125946875 0.8021674515624999
2 0.5143002265625001 0.6261380515625 0.5392214125 0.7916357796875 0.547528475 0.8134513890624999 0.5581010984375 0.7908835171875 0.5528147875 0.6720260578125 0.5520595984375001 0.6208722156250001 0.5513044125000001 0.59454303125 0.547528475 0.5855158828125 0.532424725 0.5817545703125 0.5229848828125 0.5817545703125 0.5150950875 0.5969522484375 0.5143002265625001 0.6261380515625
0 0.5588562859375 0.5817545703125 0.5516820046875 0.60056113125 0.5486612562500001 0.6118450656250001 0.54903885 0.6306516265625 0.577358378125 0.8044242390624999 0.5864206281250001 0.8292488984374999 0.597370846875 0.8305785453125001 0.6003915953125001 0.783938278125 0.591329346875 0.6560536703125 0.587931003125 0.6086611390625001 0.584910253125 0.59230218125 0.5777359718749999 0.58628408125 0.5588562859375 0.5817545703125
6 0.59060035 0.6231369703125 0.6049489109375 0.6968586859375 0.6117455984375 0.754030628125 0.626094159375 0.8059367328124999 0.6325132515624999 0.81120256875 0.6298700968750001 0.7119039328125 0.628737315625 0.6727862890625 0.6298700968750001 0.6284028078125 0.627604534375 0.6065871984375 0.623073409375 0.5953032625 0.6034385359375001 0.5945509999999999 0.59060035 0.6231369703125
6 0.6634759375 0.6005690984375 0.6555464703125 0.590037425 0.64047700625 0.5849085515625 0.627604534375 0.5990645734375 0.6264717531249999 0.6223847078125 0.6298700968750001 0.6539797296875001 0.6393099390625 0.72920596875 0.6479945953125 0.789386959375 0.6566792515625 0.81496388125 0.6615879687499999 0.8104503078124999 0.667251875 0.7600487265625 0.66460871875 0.6863270124999999 0.6642311249999999 0.6502184171875001 0.6676294687500001 0.6261460203125 0.6634759375 0.6005690984375
4 0.704256059375 0.6788043874999999 0.714451090625 0.7156652453125 0.7269116828125 0.7600487265625 0.7337083703125 0.7871301734375 0.7340859640625 0.745003478125 0.7284220578125 0.6908405859375 0.7238909328124999 0.6539797296875001 0.721247778125 0.6336686453125 0.7208701843750001 0.614109821875 0.718982215625 0.5802580140625 0.715961465625 0.567469553125 0.706899215625 0.567469553125 0.6967041859374999 0.567469553125 0.6887747171874999 0.5795057515625001 0.6876419359375 0.5885328999999999 0.6797124671875 0.5719831281250001 0.673293375 0.5719831281250001 0.6676682656249999 0.5788867015625 0.66309834375 0.6005690984375 0.66309834375 0.6201279203125 0.66876225 0.63968674375 0.6800900624999999 0.67955665 0.6887747171874999 0.72694918125 0.7004801234375 0.7788552859375 0.708409590625 0.7991663703125 0.714451090625 0.8036799453125001 0.708409590625 0.7555351515625001 0.700857715625 0.700619996875 0.7004801234375 0.6818134375 0.704256059375 0.6788043874999999
4 0.7884594593750001 0.745003478125 0.7914802109375 0.7224356078125 0.7744884921875 0.6073394609375 0.7741108984375 0.5855238515625001 0.7733557109375 0.5682218156250001 0.7612727125000001 0.5411403703125 0.7522104625 0.5351222703125 0.7393722765625 0.5614514546875 0.7246461203125001 0.5599469296875 0.716716653125 0.5764967015625 0.717471840625 0.5953032625 0.7231357468749999 0.617871134375 0.7344635578125 0.6532274671875 0.7442809953125 0.6968586859375 0.76467105625 0.752526103125 0.7737333046875 0.7623055140624999 0.7699573671875 0.72770144375 0.75787436875 0.6727862890625 0.757496775 0.6637591406250001 0.7763764609375 0.7141607203125 0.7884594593750001 0.745003478125
4 0.8273516140625 0.5847715890625 0.8228204890624999 0.526095121875 0.8096047093750001 0.49750915000000007 0.794500959375 0.50352725 0.7884594593750001 0.5163157109375 0.7786420234375 0.5140589234374999 0.7707125546875 0.524590596875 0.7677472062499999 0.538239221875 0.7703349625 0.573487653125 0.7786420234375 0.6005690984375 0.7911026156250001 0.657741040625 0.800542459375 0.6893360609375 0.8186669578125001 0.7156652453125 0.8175341765624999 0.6818134375 0.806961553125 0.6314118578125 0.8182893640625 0.6502184171875001 0.8262188328125 0.6968586859375 0.8341483015625 0.687079275 0.8322603328125 0.63742995625 0.8273516140625 0.5847715890625
8 0.42364790937499996 0.5749785843749999 0.42062715937500006 0.5749785843749999 0.4108097234375 0.574226321875 0.39948191093749996 0.574226321875 0.3923567640625 0.5818976265625 0.38588853749999996 0.6313982640625 0.3843781625 0.6547183984375 0.37833666250000003 0.7284401125 0.3738055375 0.793134678125 0.371539975 0.8194638640624999 0.38928687968750003 0.8044186156249999 0.40665619218750004 0.7479989359375 0.41798400312500006 0.664497809375 0.427046253125 0.6238756390625 0.430444596875 0.6020600296875 0.42893422187499997 0.580996684375 0.42364790937499996 0.5749785843749999
14 0.3904196609375 0.6088303921875 0.3873989125 0.5907760953125 0.37871425625 0.579492159375 0.3708303515625 0.5758757765625 0.3530378828125 0.59002383125 0.3477515703125 0.6043168171875 0.3477515703125 0.641177675 0.3443532265625 0.7148993890625001 0.337178946875 0.756273821875 0.333025415625 0.77959395625 0.340954884375 0.7901256296875 0.3571914140625 0.77508038125 0.37191756875 0.729192375 0.37795906874999996 0.6720204328125 0.38551094375 0.6306460015625001 0.3904196609375 0.6088303921875
14 0.3503947265625 0.6163530171875 0.3545482578125 0.5892715703125 0.3496395390625 0.575730846875 0.34057729062500003 0.5659514359375 0.33117643124999996 0.5638320796875 0.3130129484375 0.5697127484375 0.3111249796875 0.59228061875 0.3088594171875 0.6231233781250001 0.3058386671875 0.6848088953125 0.3013075421875 0.7299446374999999 0.299419575 0.7690622828125 0.29979716875 0.7856120546875001 0.3103697921875 0.7871165796875 0.325851134375 0.7479989359375 0.33755654062499996 0.68932246875 0.3435980390625 0.6419299374999999 0.3503947265625 0.6163530171875
12 0.2578842640625 0.6991018796875 0.24844442187500002 0.7299446374999999 0.24542367187499997 0.7510079859375 0.250709984375 0.7592828703125 0.26468095156250004 0.7449898859374999 0.27714154375 0.7171561765625001 0.287336575 0.6780385328125 0.299419575 0.6359118390625 0.3092370109375 0.6073258671875 0.3186768546875 0.5885193078125 0.3171664796875 0.5584288109375 0.3118801671875 0.54564035 0.2956436375 0.5463926140625001 0.2737432015625 0.529842840625 0.2695896703125 0.5351086781250001 0.2605274203125 0.5351086781250001 0.25640046875 0.539744684375 0.252220359375 0.5591810734375 0.249954796875 0.59528966875 0.243535703125 0.6276369515625 0.22880954843749998 0.6991018796875 0.22390082968749997 0.7306969 0.2242784234375 0.741228575 0.236739015625 0.7329536875 0.249954796875 0.6953405671875 0.2601498265625 0.669011384375 0.2658137328125 0.6539661359375 0.2688344828125 0.6599842359375 0.2578842640625 0.6991018796875
12 0.1381870546875 0.6487002984375 0.152913209375 0.6313982640625 0.162730646875 0.59905098125 0.1699049265625 0.574226321875 0.18387589531249998 0.5584288109375 0.19256055 0.5441358265625 0.19897964375 0.5170543796875 0.1993572375 0.491477459375 0.18991739375 0.4764322109375 0.1834983015625 0.4734231609375 0.17330327031249998 0.4771844734375 0.16801695781249998 0.46213922500000004 0.159332303125 0.45160755156250004 0.151780428125 0.447093978125 0.1423482421875 0.45995518437499994 0.1321455546875 0.4974955578125 0.1249712734375 0.532099628125 0.10722436875000001 0.5870147828125 0.1045812125 0.6163530171875 0.10948993124999999 0.6238756390625 0.12308330468749999 0.6080781296875 0.1415853984375 0.581748946875 0.1355438984375 0.60281229375 0.12044015 0.6449389875 0.12006255625 0.6539661359375 0.1249712734375 0.6547183984375 0.1381870546875 0.6487002984375
12 0.1740584578125 0.7013586671875001 0.1744360515625 0.709633553125 0.18916220781249998 0.7043677171875 0.21974729843750002 0.6524616109375 0.232963078125 0.620114328125 0.249954796875 0.5907760953125 0.254863515625 0.5667036984375 0.251842765625 0.5396222515625 0.24240292187499998 0.5230724796875 0.2284319546875 0.5253292671875001 0.2201248921875 0.50426591875 0.20879708125000002 0.5035136578125 0.20239560625 0.5156572875000001 0.19520370625 0.530595103125 0.19218295624999998 0.553162975 0.1868966453125 0.577987634375 0.16801695781249998 0.620866590625 0.15857711562500001 0.6509570859375 0.157444334375 0.68029531875 0.160465084375 0.69157925625 0.166884178125 0.69082699375 0.18387589531249998 0.662241021875 0.20049001875 0.6351595765625 0.1763240203125 0.68631341875 0.1740584578125 0.7013586671875001