15 0.3843486546875 0.26441756875 0.37708234375 0.286688209375 0.3709339296875 0.4938051828125 0.38043602656250003 0.5093946328125 0.4011170609375 0.50716756875 0.4134138921875 0.49714577968749996 0.4145317859375 0.47042100937500003 0.4100602109375 0.43478798125000007 0.4011170609375 0.37131664999999997 0.395011675 0.2867965875 0.3843486546875 0.26441756875
15 0.34578131875 0.413630871875 0.335720275 0.4570586234375 0.337397115625 0.4926916515625 0.349693946875 0.50716756875 0.3647855125 0.50716756875 0.3748465578125 0.4949187140625 0.379877078125 0.46262628437500003 0.3776412921875 0.4047226140625 0.3754055046875 0.28557467812500004 0.36813919375 0.2543957796875 0.35252587343749997 0.2633978421875 0.34578131875 0.413630871875
15 0.321746603125 0.49157811875 0.342986584375 0.488237521875 0.342986584375 0.448150365625 0.3424276375 0.35906779843750003 0.335161328125 0.27221229375 0.33068975312500004 0.261076971875 0.324015665625 0.2700831984375 0.306096090625 0.43033385312499994 0.30553714374999996 0.47042100937500003 0.321746603125 0.49157811875
14 0.323982390625 0.5505953203125 0.32286449687499996 0.5906824765625001 0.317833975 0.65192674375 0.31336240000000004 0.71094394375 0.326218178125 0.7020356875 0.337397115625 0.674197384375 0.346340265625 0.6196343109375 0.356401309375 0.5739794953125 0.36646235312500003 0.5216434859375 0.347458159375 0.5093946328125 0.3262517609375 0.51632713125 0.323982390625 0.5505953203125
14 0.3709339296875 0.737668715625 0.37708234375 0.7176251375 0.3865844421875 0.62074784375 0.3960865390625 0.5428005953125 0.38439022500000003 0.5196698093750001 0.35919604375 0.5294382109375 0.358637096875 0.5617306421875 0.36199077812499997 0.697581559375 0.3709339296875 0.737668715625
8 0.3999991671875 0.5227570171875 0.39329180468749997 0.5383464671875 0.3882612828125 0.6263155031250001 0.3871433890625 0.681992109375 0.3916149640625 0.713171009375 0.4022349546875 0.7443499078125 0.40894231718749996 0.7532581656249999 0.41564967968750005 0.7031492203124999 0.4335359796875 0.5661847703125 0.43465387343749995 0.5439141281250001 0.42738756406249995 0.519416421875 0.3999991671875 0.5227570171875
10 0.46488963749999995 0.5074133234375 0.4491864921875 0.510508165625 0.4380075546875 0.510508165625 0.4301822984375 0.519416421875 0.43185913906250006 0.5394599999999999 0.43409492656250004 0.5728659625 0.43409492656250004 0.6040448625 0.4357717671875 0.6485861468749999 0.4402433421875 0.6986950921874999 0.4491864921875 0.7254198625 0.4558938546875 0.6664026609375 0.4648370046875 0.6029313296875001 0.46488963749999995 0.5074133234375
10 0.4631601640625 0.5728659625 0.46707279375 0.6185207796875 0.470426475 0.6753109171875 0.486635934375 0.7153980734375 0.49110750937500003 0.6563808718749999 0.49166645625000005 0.5906824765625001 0.495579084375 0.551708853125 0.49613803125 0.5216434859375 0.48948667968750004 0.5196698093750001 0.46260121875 0.51496229375 0.4631601640625 0.5728659625
2 0.49166645625000005 0.519416421875 0.49110750937500003 0.545027659375 0.497255925 0.5940230734374999 0.50284539375 0.6430184859375 0.511229596875 0.681992109375 0.52296748125 0.6664026609375 0.5218495875 0.6307696328125 0.521290640625 0.5862283484375 0.5218495875 0.552822384375 0.5218495875 0.5138487609375 0.517936959375 0.510508165625 0.49166645625000005 0.519416421875
2 0.5291158968749999 0.5060540359375 0.52073169375 0.5082811 0.52073169375 0.5383464671875 0.5263211625 0.608498990625 0.532469578125 0.660835 0.542530621875 0.7009221546875 0.552591665625 0.7153980734375 0.5542685078125 0.6274290359375 0.553709559375 0.502713440625 0.5430895687499999 0.5015999078125 0.5291158968749999 0.5060540359375
0 0.5609758703125001 0.51496229375 0.5520327203125001 0.531665275 0.5503558796875 0.5728659625 0.5609758703125001 0.6118395875 0.5699190203125 0.6864462375 0.5721548078125 0.7410093109375 0.5906000546875 0.737668715625 0.5989842578125 0.697581559375 0.5995432046875 0.6474726140625 0.5961895234375 0.5739794953125 0.5889928984374999 0.5218982609375 0.5609758703125001 0.51496229375
6 0.5900411078125 0.5294382109375 0.5900411078125 0.56395770625 0.5989842578125 0.5884554125 0.6034558328124999 0.6274290359375 0.6068095140625 0.671970321875 0.6129579296875 0.7020356875 0.6302852828125001 0.7321010546875 0.6302852828125001 0.6552673390625 0.627006509375 0.5107560015625 0.6051326734375 0.5060540359375 0.5900411078125 0.5294382109375
6 0.6414642203125 0.4926916515625 0.6246958140625 0.5171893578125 0.6219010796875 0.5428005953125 0.6280494953125 0.5706388984374999 0.6397873796875 0.6196343109375 0.65320210625 0.6942409625 0.666057884375 0.7254198625 0.672765246875 0.6864462375 0.672765246875 0.6374508249999999 0.6671757781250001 0.584001284375 0.666057884375 0.527211146875 0.6554378937500001 0.5015999078125 0.6414642203125 0.4926916515625
7 0.6090453015625 0.48712399062499995 0.6107221421875 0.30561825625 0.6034558328124999 0.2744393578125 0.5961895234375 0.261076971875 0.588433875 0.2756543265625 0.5648884984375 0.4670804125 0.5676832328125 0.49825931093750003 0.5973074171875 0.5060540359375 0.6090453015625 0.48712399062499995
7 0.640423078125 0.2968246203125 0.639228434375 0.4125173390625 0.6369926453125 0.4826698625 0.66438104375 0.4949187140625 0.680590503125 0.46262628437500003 0.6559968390625001 0.2955964671875 0.640423078125 0.2968246203125
5 0.710773634375 0.33011596249999997 0.706302059375 0.3768843109375 0.697358909375 0.43478798125000007 0.7057431125 0.4693074765625 0.724188359375 0.484896925 0.7465462359374999 0.47042100937500003 0.7582841203124999 0.439242109375 0.7532535984375001 0.3969278890625 0.7532535984375001 0.29782353125 0.7459872890625 0.2655311 0.7214815140625 0.26562629375 0.710773634375 0.33011596249999997
5 0.7823188359375 0.24548752187499998 0.7705809515625 0.2577363765625 0.7594951265625001 0.2789970046875 0.7571662265625 0.3445918796875 0.7571662265625 0.39358729375 0.7605199078125 0.431447384375 0.7705809515625 0.448150365625 0.7823188359375 0.4526044953125 0.7962925078125 0.439242109375 0.8125019671875 0.4125173390625 0.8097072328125 0.3813384390625 0.8002051359375001 0.350159540625 0.7884672515625 0.288915275 0.7890261984375 0.273325825 0.7823188359375 0.24548752187499998
12 0.308890825 0.4926916515625 0.29659399375 0.5015999078125 0.2775897984375 0.49714577968749996 0.267554271875 0.5140986796875 0.26752875625 0.56395770625 0.2591445515625 0.6162937140625 0.2552319234375 0.6953544953125 0.27032348906250003 0.7031492203124999 0.283738215625 0.6430184859375 0.294917153125 0.5995907328125 0.28765084375 0.6920138984374999 0.30162451562500003 0.69312743125 0.316157134375 0.6441320171875 0.323982390625 0.5739794953125 0.3290129125 0.5015999078125 0.308890825 0.4926916515625
12 0.23678667656250002 0.45371802656250004 0.2233914 0.45838738125 0.20604459843749998 0.479329265625 0.18759935156250002 0.49825931093750003 0.16971305 0.5350058703125 0.169154103125 0.5862283484375 0.184804615625 0.5984772015625001 0.21554669531249998 0.591796009375 0.24405298593750002 0.5728659625 0.2630571796875 0.5472547249999999 0.2624982328125 0.5183028890625 0.2546729765625 0.4926916515625 0.2468477203125 0.48378339531250003 0.23678667656250002 0.45371802656250004