5 0.6647485671875 0.327062165625 0.6554664734375 0.3720042796875 0.649101440625 0.4368170546875 0.639907503125 0.507265721875 0.6476869875 0.5255823765625001 0.66112428125 0.528400321875 0.6802193828124999 0.528400321875 0.690120546875 0.518537509375 0.69294945 0.4959939359375 0.6872916421874999 0.448088840625 0.69294945 0.32832610624999997 0.6780977046875 0.3100094515625 0.6647485671875 0.327062165625
5 0.7006478609375 0.3364179140625 0.696291009375 0.39139093593749996 0.6912080171875 0.4463639578125 0.6901188046875 0.481083759375 0.6933864421875 0.49916699062500003 0.7050047109375 0.510016928125 0.7119030578125 0.5114635875 0.7347765234375 0.48036043125 0.7278781765625 0.431897371875 0.7238843968750001 0.353777815625 0.7158968375 0.316164696875 0.707909278125 0.3118247203125 0.7006478609375 0.3364179140625
7 0.5870066734375 0.431897371875 0.5790191124999999 0.46878716249999997 0.582649821875 0.49193369843749996 0.5989880125 0.49121036875 0.6106062796875 0.5129102453125001 0.62258761875 0.513633575 0.630575178125 0.4796371 0.61931998125 0.30820807499999997 0.608823590625 0.3104164625 0.597535728125 0.36824439999999997 0.5870066734375 0.431897371875
3 0.5376290312500001 0.5266535015625 0.5590502140625 0.5223135250000001 0.5692161984374999 0.507846940625 0.5670377734375001 0.47023382187499996 0.547068875 0.3074847453125 0.540170528125 0.29518814843749996 0.5325460390625001 0.3016981109375 0.531819896875 0.410920825 0.53000454375 0.47168047968750004 0.5376290312500001 0.5266535015625
3 0.5194485578125 0.530278709375 0.5365128890624999 0.5223220890625 0.5376021015625 0.5049621875 0.5281622593749999 0.41382270468750004 0.5201746984375 0.3147266 0.51509170625 0.28796341875000003 0.5035155625 0.2988359828125 0.4962120203125 0.4405858859375 0.493307453125 0.5288320515625 0.5194485578125 0.530278709375
11 0.465714065625 0.525938734375 0.4802369015625 0.5266620640624999 0.4940335953125 0.5208754296875 0.4976643046875 0.421055996875 0.492218240625 0.3197899046875 0.486772178125 0.3038766625 0.47337567812500003 0.30969268125 0.4628094984375 0.42033266718749995 0.45518501093749997 0.5042388578125 0.465714065625 0.525938734375
11 0.4373945375 0.5063601703125 0.45336965625000003 0.509976815625 0.4584526484375 0.456450453125 0.4682555625 0.324804534375 0.46498792343749995 0.2785114640625 0.45445886875 0.27055484218750003 0.43960448281250003 0.28725550312500003 0.42359784375 0.42751728437500003 0.42432398437499996 0.48900026875 0.4373945375 0.5063601703125
9 0.3869276828125 0.46151375781250004 0.39309988906250004 0.48321363437500003 0.40290280312500004 0.5034668531250001 0.412705715625 0.501296865625 0.4250501265625 0.481043646875 0.42795469375 0.43402724687500005 0.42577626874999996 0.2720015015625 0.417788709375 0.264044878125 0.40764894375000005 0.275675025 0.3883799671875 0.4224539796875 0.3869276828125 0.46151375781250004
15 0.37204177656250004 0.27706480624999996 0.361512721875 0.382670871875 0.3557035875 0.4427071984375 0.357518940625 0.464407075 0.36114965 0.476703671875 0.37131563437500004 0.481043646875 0.3887430375 0.47598034218749996 0.40326587343750003 0.45862044218750003 0.40290280312500004 0.4202839921875 0.39382602968749997 0.3197412296875 0.3894691796875 0.277788134375 0.385112328125 0.2625982203125 0.37204177656250004 0.27706480624999996
15 0.2849047640625 0.4108807125 0.2914400390625 0.4369205640625 0.3088674421875 0.4658537328125 0.33283012031250003 0.464407075 0.3422699640625 0.4181140046875 0.33537161718749997 0.2604282328125 0.3310147671875 0.23872835625 0.3168550015625 0.22932507656249998 0.3103197265625 0.246684978125 0.2939815359375 0.38411753125 0.2849047640625 0.4108807125
14 0.3466268140625 0.51147215 0.3437222484375 0.5563185625 0.3310147671875 0.6214181921875 0.32556870312499997 0.6539680078125001 0.3291994125 0.6742212249999999 0.3426330359375 0.6684345921875 0.372404846875 0.593208353125 0.3905583921875 0.5179821140625 0.3800293359375 0.4962822359375 0.36950028125 0.488325615625 0.36189442031249996 0.48557120468750004 0.3466268140625 0.51147215
14 0.4007243765625 0.519428771875 0.3869276828125 0.5201521 0.37821398125 0.5324486984375 0.37422020312500004 0.5946550109375 0.36369114687500004 0.702431065625 0.3655065 0.7197909671875 0.3745832734375 0.7256262765625 0.39092146250000004 0.667036609375 0.40326587343750003 0.6048302953125 0.4203302046875 0.55419725 0.41309590937499996 0.5398546984375 0.4007243765625 0.519428771875
8 0.40762272343749995 0.5476872875 0.407259653125 0.5715571515625 0.39709366875 0.7321362390624999 0.3999982359375 0.740816190625 0.4065335109375 0.73719954375 0.4181517796875 0.7111596921875 0.432674615625 0.648953378125 0.4446559546875 0.5520272625 0.44105700781249996 0.5449211578125001 0.426502409375 0.537560678125 0.40762272343749995 0.5476872875
10 0.45228044375 0.7068197171875 0.46607713593750005 0.62797683125 0.4686549734375 0.544197378125 0.4410252453125 0.5469639578125001 0.43957296250000005 0.613510246875 0.43303768593749997 0.7147763375 0.43812067812500005 0.720562971875 0.45228044375 0.7068197171875
10 0.469344775 0.5607072125 0.46607713593750005 0.6540166828125 0.46716635 0.6988630953125 0.4722493421875 0.7075430453125 0.479510759375 0.6865664984375 0.488950603125 0.6366567828125 0.4947597375 0.5773437859375 0.4954858796875 0.5527505921875 0.49112902812500003 0.551303934375 0.47007091718750005 0.535390690625 0.469344775 0.5607072125
2 0.493670525 0.5491339453124999 0.493670525 0.566493846875 0.4954858796875 0.6142335765625 0.5023842265625 0.67716321875 0.5056518640625 0.7039264000000001 0.5114609984375 0.7176696546875 0.516543990625 0.708266375 0.5172701328125 0.62797683125 0.5190854859375 0.5693871640625 0.519811628125 0.551303934375 0.5165882828125 0.5427498187500001 0.493670525 0.5491339453124999
2 0.5179962734375 0.546240628125 0.5179962734375 0.5657705171875 0.5205377703125 0.6084469421875001 0.5227161953125 0.6619733046875 0.5274361171875 0.7176696546875 0.537965171875 0.7444328375 0.5426850937500001 0.73719954375 0.5448635187499999 0.6438900750000001 0.54454938125 0.5637394359375001 0.520900840625 0.5404539953125 0.5179962734375 0.546240628125
0 0.5775399 0.5737271390625 0.577176828125 0.5592605546875 0.570331690625 0.5470924968750001 0.5543033625 0.549857275 0.54595273125 0.5563672390625001 0.545226590625 0.5816837609375 0.5470419453125 0.6171268921874999 0.5503095828125 0.6576333296875 0.5535772203125 0.705373059375 0.5612017093749999 0.7379228734375001 0.56918926875 0.761069409375 0.5757245453125 0.7726426765625 0.5793552531249999 0.7400928609374999 0.5775399 0.63014681875 0.5775399 0.5737271390625
12 0.264935865625 0.5303273859375001 0.252954525 0.564323859375 0.2547698796875 0.588917053125 0.2652989359375 0.6149569046875001 0.31721807343749997 0.591087040625 0.34408531875000004 0.5534739203125 0.34481146093750004 0.5209241062500001 0.327747128125 0.4833109859375 0.3052459625 0.4732669453125 0.2903508265625 0.4876509609375 0.264935865625 0.5303273859375001