3 0.5289266609375 0.36671703437500003 0.50880700625 0.49948968593750004 0.5069207890625 0.59593774375 0.521381790625 0.60470575 0.5421301859375001 0.603453178125 0.5490463171875 0.5370668515625 0.5471600999999999 0.47569081406249997 0.559170878125 0.37689151875000004 0.541501446875 0.3466758796875 0.5289266609375 0.36671703437500003
3 0.5138369203125001 0.3717273234375 0.50629205 0.35168616875 0.48182532499999997 0.3668647 0.47359760937499995 0.5320565625 0.47862752343750004 0.6009480328125 0.5081782671874999 0.592180028125 0.511950703125 0.504499975 0.5138369203125001 0.3717273234375
11 0.4503342578125 0.5996954609375 0.4729688703125 0.59593774375 0.47862752343750004 0.5721388734375 0.4811424796875 0.40178905625 0.47862752343750004 0.3541913125 0.46856769531250003 0.32913986875 0.4447245265625 0.3518244671875 0.441531909375 0.50700511875 0.4402744296875 0.58215945 0.4503342578125 0.5996954609375
11 0.41763981875 0.597190315625 0.4459330828125 0.60220060625 0.4459330828125 0.5182782687499999 0.441531909375 0.377990184375 0.43838821250000004 0.34792845156249996 0.43147208125000003 0.3316450140625 0.4082527265625 0.3618512875 0.40632251249999995 0.504499975 0.4107236875 0.5784017328125 0.41763981875 0.597190315625
13 0.257334575 0.4157454515625 0.257311315625 0.4969845421875 0.248508965625 0.5495925734375 0.257311315625 0.5909274546875001 0.27554475312500004 0.603453178125 0.297550625 0.5934326000000001 0.3138978453125 0.5721388734375 0.3138978453125 0.542077140625 0.303209278125 0.455649659375 0.2925207125 0.40930448906250005 0.2793171875 0.39051590625 0.2673711421875 0.39176847812500004 0.257334575 0.4157454515625
7 0.6571894640625 0.5809911671875 0.6773091203125 0.59727460625 0.70182995 0.5897591734375001 0.7068598640625 0.5734757359375 0.7074886031250001 0.495816259375 0.7005724703125 0.40062077343749997 0.6949138171875 0.3718116125 0.6835965125000001 0.3743167578125 0.6673288875 0.40947868906249996 0.6571894640625 0.5384037140625 0.6571894640625 0.5809911671875
7 0.6672492921875001 0.3855899078125 0.6496445937499999 0.355528175 0.640289384375 0.38190493124999997 0.6226088062499999 0.5271305640625 0.6207225890625 0.582243740625 0.65404576875 0.6035374671875 0.662219378125 0.5622025859375 0.6672492921875001 0.3855899078125
4 0.7653326109374999 0.507089409375 0.7433267390625 0.5271305640625 0.7301232140625 0.5496768640624999 0.728236996875 0.5734757359375 0.7345243890625001 0.6010323234375 0.7445842171875 0.6235786234375 0.766590090625 0.6837020875 0.7797936140624999 0.707500959375 0.7973983125 0.66992379375 0.7929971375 0.6035374671875 0.7835660484375 0.55844486875 0.7728774828125 0.520867703125 0.7653326109374999 0.507089409375
4 0.7049736453125 0.579738596875 0.6842252515625 0.5947694625 0.6835965125000001 0.6248311953125001 0.6980575140624999 0.679944371875 0.7175484296875 0.7475832687499999 0.7376680859375 0.7876655796875001 0.7540153046875 0.7839078625 0.757787740625 0.74257298125 0.7433267390625 0.65364035625 0.7376680859375 0.5885066015625 0.725722040625 0.5634551578125 0.7049736453125 0.579738596875
4 0.710003559375 0.7776450015624999 0.69994373125 0.7062483875 0.6949138171875 0.64487235 0.6917701218750001 0.5997797515625 0.6810815546875 0.5897591734375001 0.6628481171875 0.5922643187500001 0.65215955 0.6022848953125 0.6420997234375 0.596022034375 0.634001128125 0.611268465625 0.6364410703125001 0.6436197781249999 0.646500896875 0.6761866546874999 0.6496445937499999 0.72002668125 0.6590756812499999 0.75885641875 0.6697642484374999 0.7951810125 0.684853990625 0.8064541625 0.687368946875 0.7926758671874999 0.676051640625 0.74257298125 0.6829677734375 0.76386670625 0.6980575140624999 0.7889181515625 0.710003559375 0.7776450015624999
0 0.5836269749999999 0.64737749375 0.5930580625 0.722531825 0.6018604125 0.7776450015624999 0.6150639359375 0.8227376 0.624495025 0.8290004609375 0.6182076328125 0.7400678359375 0.6144351968749999 0.6223260500000001 0.6018604125 0.6022848953125 0.5912409859375 0.602494996875 0.5829982359375 0.61982090625 0.5836269749999999 0.64737749375
2 0.5547049703125 0.7162689640625 0.5635073187499999 0.8077067328125 0.5785970609375 0.8828610640625 0.5899143671875 0.8678301984375001 0.587399409375 0.6987329546875001 0.5829982359375 0.6148106171875 0.571747390625 0.5999882921874999 0.5528187515625 0.59727460625 0.548417578125 0.6386094890625 0.5547049703125 0.7162689640625