4 0.734548078125 0.5210065171875 0.7012974453124999 0.4643998890625 0.668751 0.405660784375 0.6499101046875 0.433085584375 0.6311688390625 0.4728306625 0.6360052953124999 0.5065537609375 0.6601875734375 0.5258241015625 0.681347065625 0.5547296140625 0.6988792187499999 0.59808788125 0.7158068125 0.599292278125 0.7254797234375 0.5908615046875 0.6928336484375001 0.53305048125 0.7206432687500001 0.5559340109375001 0.7448255453125 0.5607515953125 0.734548078125 0.5210065171875
6 0.5634584609375 0.5451754921874999 0.5725268156250001 0.5560150593750001 0.5918726375000001 0.670432709375 0.6027546625 0.7053602046874999 0.616054915625 0.666819521875 0.610613903125 0.6138260828125001 0.610613903125 0.5222919625 0.59731365 0.4885688640625 0.5755496 0.49820403593749996 0.5683807546875 0.521354875 0.5634584609375 0.5451754921874999
6 0.567085803125 0.719812959375 0.5755496 0.6716371062500001 0.573131371875 0.5222919625 0.55983111875 0.512656790625 0.5363348328125 0.51894458125 0.535648840625 0.5524018703125 0.5416944109374999 0.6029865156249999 0.557412890625 0.719812959375 0.567085803125 0.719812959375
2 0.5126756765625 0.72101735625 0.5120711203125 0.7655800203124999 0.5308123859375 0.73306131875 0.5398807390625 0.6487535765625 0.5386716265625 0.533131528125 0.5314169421875 0.52590515 0.5103353125 0.5273806078125001 0.5078392218750001 0.5656502296875 0.5090483359375 0.5933513453125 0.5126756765625 0.72101735625
10 0.48486605781250003 0.719812959375 0.48365694374999996 0.535540321875 0.4788204875 0.5307227359375 0.47156580468750003 0.52831394375 0.46377802968750004 0.5334063421875 0.459474665625 0.5343359249999999 0.459474665625 0.5704678140625 0.47277491875 0.728243734375 0.48486605781250003 0.719812959375
2 0.4837311515625 0.532201196875 0.48486605781250003 0.582511778125 0.4927252984375 0.7089733921875 0.5005845375 0.7234261484375 0.508443778125 0.611417290625 0.5078392218750001 0.52831394375 0.4837311515625 0.532201196875
10 0.4528245390625 0.7186085640625001 0.46007922187499994 0.5801029859375 0.4631020078125 0.5234963578125 0.44012884375 0.5174743765625001 0.4329413875 0.5370217828125 0.4352923875 0.582511778125 0.43226960312499996 0.6969294296874999 0.432874159375 0.7246305453125 0.4528245390625 0.7186085640625001
8 0.4020417546875 0.666819521875 0.4092964390625 0.719812959375 0.416551121875 0.7270393375 0.4286422609375 0.6427315953125 0.44073339999999994 0.527109546875 0.43891972968750004 0.5102479984375 0.41177898749999997 0.5032776734375 0.3984144140625 0.518678771875 0.40264631250000005 0.5752854000000001 0.4020417546875 0.666819521875
14 0.379068590625 0.679494575 0.394182515625 0.645771478125 0.4074827671875 0.5446021859375 0.410505553125 0.50124391875 0.38269593281250003 0.4885688640625 0.36516378125000004 0.5102479984375 0.3724184640625 0.5560150593750001 0.37060479375 0.6566110453125 0.379068590625 0.679494575
14 0.336145046875 0.5759164906249999 0.3288903640625 0.679494575 0.3397723890625 0.679494575 0.351863528125 0.6578154406250001 0.3663728953125 0.569894509375 0.3796731484375 0.5193098640625 0.3724184640625 0.491608746875 0.3591182109375 0.4783603875 0.33861754374999997 0.49182877812500003 0.3319131484375 0.5096746921875 0.336145046875 0.5759164906249999
12 0.22974302500000002 0.5759164906249999 0.24425239062499998 0.55423735625 0.2539253015625 0.5301494296875 0.270852896875 0.506061503125 0.27810758125 0.48197357656250006 0.27387568125 0.45547685781249997 0.2678301125 0.4410241015625 0.259970871875 0.4410241015625 0.2473168984375 0.421930265625 0.22974302500000002 0.412118590625 0.2206746703125 0.42175375937500004 0.2128154296875 0.46390763125 0.18561036718749999 0.5156966734374999 0.185005809375 0.549419771875 0.20374707500000003 0.5397846000000001 0.217047328125 0.5241274484375 0.21523365781249998 0.5397846000000001 0.20495618906250002 0.5638725265625 0.1983060625 0.5710989046875 0.21523365781249998 0.590369246875 0.22974302500000002 0.5759164906249999
13 0.26299365625000004 0.221140346875 0.25517721875 0.23814538125 0.22732479687499998 0.36205471718750004 0.233370365625 0.3981866078125 0.2472751765625 0.41384376093749997 0.259970871875 0.41504815625 0.276293909375 0.4186613453125 0.2877804921875 0.404208590625 0.2835485921875 0.340375584375 0.286571378125 0.27413378593750004 0.27810758125 0.2271623296875 0.273271125 0.2958129203125 0.26843466875 0.221140346875 0.26299365625000004 0.221140346875
15 0.34702707187500004 0.45720202812500005 0.3615364390625 0.4620196140625 0.37604580625 0.45358883906249997 0.383300490625 0.4319097046875 0.383300490625 0.360850321875 0.383300490625 0.3006305046875 0.370058825 0.279120371875 0.340981503125 0.4054129859375 0.338563275 0.43311410156249996 0.34702707187500004 0.45720202812500005
9 0.415946565625 0.50537788125 0.4316650453125 0.5017646921875001 0.43952428593750004 0.48369874687500003 0.437710615625 0.399391003125 0.43650150156249995 0.34519316875 0.4280377046875 0.30906127968749997 0.4135283375 0.2994261078125 0.3990189703125 0.4668371984375 0.405064540625 0.49092512499999996 0.415946565625 0.50537788125
11 0.432874159375 0.5029690890625 0.43831517187499996 0.5101954671875 0.4606837796875 0.5089910703125 0.4612883359375 0.49092512499999996 0.4606837796875 0.42829651718750006 0.45228986875 0.323710803125 0.43952428593750004 0.32953601718750003 0.43831517187499996 0.41504815625 0.432874159375 0.5029690890625
11 0.4631020078125 0.37891626718750004 0.4612883359375 0.45479323593750004 0.46007922187499994 0.5138086546875 0.469752134375 0.5222394296874999 0.4884934 0.5174218453125 0.49997998125 0.5113998625 0.4963526390625 0.4668371984375 0.490382190625 0.33696741874999997 0.4679384625 0.313878865625 0.4631020078125 0.37891626718750004
3 0.5314169421875 0.4523844421875 0.5218234734375 0.323710803125 0.51025745 0.3078568828125 0.5054209937499999 0.327127225 0.5017936515625 0.43913608281250005 0.497561753125 0.4873119359375 0.498166309375 0.512604259375 0.503002765625 0.521035034375 0.5138847906249999 0.521035034375 0.529603271875 0.512604259375 0.535648840625 0.5017646921875001 0.5344397265625 0.4812899546875 0.5314169421875 0.4523844421875
3 0.54894909375 0.313878865625 0.5344397265625 0.32471843125 0.5332306140624999 0.37409868125 0.5332306140624999 0.45479323593750004 0.5344397265625 0.49212952187500003 0.5368579546875 0.5101954671875 0.5501582078125 0.5089910703125 0.55983111875 0.5029690890625 0.56527213125 0.4897207296875 0.5604356765625 0.45720202812500005 0.5555992203125 0.41384376093749997 0.54894909375 0.313878865625
1 0.59247719375 0.42227453437499995 0.5804735562500001 0.3104541890625 0.5664812453125 0.29099533437499997 0.5592265624999999 0.3223096390625 0.5586220046875 0.3849382484375 0.5586220046875 0.45358883906249997 0.5610402328124999 0.4812899546875 0.5640630171875001 0.49453831406250004 0.5707131453125001 0.5017646921875001 0.583408840625 0.498151503125 0.59247719375 0.48851633281250006 0.5954999796875 0.4680415953125 0.59247719375 0.42227453437499995