11 0.46720419843750005 0.512231834375 0.4630536390625 0.583969 0.48795698906249996 0.600029559375 0.50870978125 0.58932251875 0.5140462125 0.55827210625 0.5069309703125 0.369828209375 0.48558524218750004 0.32485864375 0.474319440625 0.36126257812499996 0.46720419843750005 0.512231834375
11 0.47609825156249996 0.333381578125 0.46661126093750005 0.3087553875 0.45658284687500006 0.3302856828125 0.42154805624999997 0.55184788125 0.43459266875 0.5732192640625 0.4642395125 0.5785727828125 0.46779713437500003 0.50041139375 0.47609825156249996 0.333381578125
9 0.38656477968749997 0.48863365156249994 0.381228346875 0.5303911046875001 0.40494582343749996 0.5839263031249999 0.42154805624999997 0.5550172953125 0.43162798437500005 0.5089770265625 0.4239668359375 0.2863594671875 0.4085034453125 0.2520080765625 0.3960517703125 0.277704971875 0.38656477968749997 0.48863365156249994
15 0.386606678125 0.3249288265625 0.3681837359375 0.2819877875 0.3557320609375 0.31410890625 0.3527673765625 0.4693609796875 0.3438733234375 0.5057649140625 0.3468380078125 0.5346739203124999 0.36759079843750003 0.56786574375 0.3800424734375 0.5539465921875 0.38419303125000004 0.5528758875 0.39783058125 0.5389567359375 0.39783058125 0.5121891375 0.386606678125 0.3249288265625
15 0.3527673765625 0.31732101875 0.344466259375 0.304472571875 0.327304840625 0.3345711671875 0.3088900453125 0.5389567359375 0.3290499 0.56786574375 0.3527673765625 0.5528758875 0.35988261875 0.504694209375 0.3527673765625 0.31732101875
13 0.2484104828125 0.5025528031250001 0.255525725 0.5421688484375 0.2750926421875 0.55073448125 0.28635844375 0.5582294078125 0.3171911625 0.54431025625 0.31600528906249997 0.48756294687499996 0.3219346578125 0.3226745375 0.3088900453125 0.29804834687500004 0.27867733281249996 0.33349979531249996 0.265605653125 0.4479469 0.2484104828125 0.5025528031250001
13 0.2063119625 0.5100477296875 0.2181707 0.5475223687499999 0.2561186625 0.5346739203124999 0.264419778125 0.5057649140625 0.27865026406250004 0.3076846828125 0.2602692203125 0.2851999 0.246061321875 0.30671551875 0.23595880781249998 0.409401559375 0.2063119625 0.467219571875 0.2063119625 0.5100477296875
13 0.18555917187499998 0.3847753671875 0.202754340625 0.406189446875 0.21757776406249998 0.42225000625 0.23714468125 0.40297733437499994 0.2543398515625 0.27342215625 0.24603873437499998 0.24237174218750002 0.22174756874999998 0.2574324484375 0.202754340625 0.3269573546875 0.1867450453125 0.35265424843750004 0.18555917187499998 0.3847753671875
12 0.2691632734375 0.773622365625 0.276871453125 0.785400109375 0.2934736859375 0.7424625390624999 0.295845434375 0.6643011515625 0.3065182984375 0.6321800328125 0.305332425 0.6086245453125 0.297060903125 0.586343375 0.2816149484375 0.5883905828125 0.2697562109375 0.566976503125 0.2602692203125 0.570188615625 0.2383305546875 0.6076632531249999 0.247224609375 0.668693378125 0.2412952390625 0.6847539390625 0.2531539765625 0.689036753125 0.2578974734375 0.7072387203125 0.2578974734375 0.729723503125 0.2697562109375 0.69653168125 0.2691632734375 0.773622365625
12 0.265012715625 0.7875415171875 0.270349146875 0.765056734375 0.271535021875 0.7307942078125 0.258490409375 0.729723503125 0.258490409375 0.7050973140625 0.2537469140625 0.689036753125 0.24485286093749997 0.6847539390625 0.2330149171875 0.6934804859375 0.21520601562500002 0.7190164640625001 0.1588770109375 0.750066878125 0.154726453125 0.7789758859375 0.173107496875 0.7875415171875 0.202754340625 0.7789758859375 0.177850990625 0.8014606687500001 0.18555917187499998 0.8228747484375001 0.20038259374999998 0.832511084375 0.21757776406249998 0.8196626359374999 0.230622375 0.8068141890625 0.2507822296875 0.8014606687500001 0.265012715625 0.7875415171875
12 0.2300294390625 0.6408550765625 0.2241000703125 0.6172995890624999 0.2199685125 0.5938429734375 0.203347278125 0.5883905828125 0.178443928125 0.6237238125 0.13931009375 0.63550155625 0.129823103125 0.6740468984375 0.148204146875 0.7254406890625 0.196232034375 0.7104508328125 0.21046252031249998 0.712592240625 0.2241000703125 0.7072387203125 0.23536587031249998 0.68796605 0.23655174375 0.663339859375 0.2300294390625 0.6408550765625
14 0.3290499 0.59160269375 0.3195629109375 0.6033804375 0.305332425 0.5969562140625 0.2976242453125 0.6205117015625 0.301774803125 0.660127746875 0.2934736859375 0.7714809578125 0.2976242453125 0.8239454515625001 0.308297109375 0.8185919328125 0.3189699734375 0.7843294046875 0.33379339531249996 0.6858246421875 0.3468380078125 0.619440996875 0.3290499 0.59160269375
14 0.344466259375 0.8218040437499999 0.3592896828125 0.8271575640625001 0.3711484203125 0.8003899640625001 0.3788566 0.6943902734375 0.39075780625 0.630269590625 0.366404925 0.599097621875 0.33972276562500003 0.6333601484375 0.3456521328125 0.6783297140625 0.344466259375 0.8218040437499999
8 0.38597184218749997 0.6943902734375 0.3836000953125 0.834652490625 0.4073175703125 0.861420090625 0.4239198046875 0.7618446234375 0.4304900390625 0.630269590625 0.406724634375 0.590531990625 0.3924941484375 0.6076632531249999 0.3836000953125 0.6419257796875 0.38597184218749997 0.6943902734375
10 0.4594960171875 0.857137275 0.4594960171875 0.700814496875 0.4642920859375 0.630269590625 0.44526553281250003 0.6033804375 0.42154805624999997 0.62907733125 0.4280703625 0.683683234375 0.43933616249999996 0.8485716421875 0.4594960171875 0.857137275
10 0.4951290421875 0.62598410625 0.46839007187500004 0.616228884375 0.4600889546875 0.6226531078125 0.4636465765625 0.6976023859375 0.4689830078125 0.84535953125 0.486178178125 0.84214741875 0.4951290421875 0.62598410625
2 0.5259049499999999 0.6237238125 0.4968510421875 0.614087478125 0.49270048437499997 0.62907733125 0.49270048437499997 0.72008716875 0.49507223125 0.841076715625 0.5158250234375 0.8400060109374999 0.5259049499999999 0.6237238125
3 0.5063465890625001 0.592564653125 0.5241346953125 0.6054131 0.55140979375 0.5989888765625 0.5407369281250001 0.3559390796875 0.523541759375 0.3313128890625 0.517019453125 0.36878752812500004 0.5099042109374999 0.5336759359375 0.5063465890625001 0.592564653125
3 0.5437016125 0.348444153125 0.547259234375 0.4929891859375 0.55022391875 0.5957767640625 0.553781540625 0.6011302859375001 0.5804637015624999 0.5968474687499999 0.5923224390625 0.580786909375 0.584614259375 0.531534528125 0.5697908375 0.3602218953125 0.5543744765625 0.321676553125 0.5437016125 0.348444153125
1 0.60062355625 0.5968474687499999 0.6124822937500001 0.6022009890625 0.627305715625 0.5615142375 0.6255269046875 0.3570097828125 0.61373271875 0.3463562484375 0.592915375 0.40197934999999996 0.5786848906250001 0.5015548171875001 0.591136565625 0.57650409375 0.60062355625 0.5968474687499999
2 0.5241346953125 0.7221198328125 0.5306570015625 0.8409679703125 0.55022391875 0.8366851546875 0.5550238984375 0.614199025 0.5176123890625 0.6236150687500001 0.5241346953125 0.7221198328125
0 0.556746225 0.702847159375 0.559710909375 0.8484628984375 0.5810566374999999 0.851675009375 0.5923224390625 0.8013519234375 0.5976588703125 0.6343221078125 0.5763131421875001 0.60005958125 0.5561532875 0.621473659375 0.5525956671875 0.6557361859374999 0.556746225 0.702847159375
6 0.6071458609375 0.7756550296875 0.627898653125 0.83347304375 0.6385715171874999 0.802422628125 0.63738564375 0.685715896875 0.639164453125 0.6386049234375 0.6142611046875001 0.6096959171874999 0.590543628125 0.651453371875 0.6024023656249999 0.694281528125 0.6071458609375 0.7756550296875
6 0.627898653125 0.6311099953125 0.6385715171874999 0.6696553375 0.6486514437500001 0.7328268718750001 0.658138434375 0.80991755625 0.6682183609375001 0.8484628984375 0.6759265421875 0.8463214906250001 0.6877852796874999 0.8045640359374999 0.6812629734375 0.7049885687499999 0.6806700375 0.6375342203125001 0.65517375 0.6054131 0.627898653125 0.6311099953125
4 0.7085380703124999 0.72533194375 0.7180250609375001 0.7553116546875 0.7221756187499999 0.7927862921875 0.7304767359375 0.825978115625 0.7417425375 0.8238367078125 0.7417425375 0.758523765625 0.7369990421875 0.7242612390625001 0.732848484375 0.7071299765625 0.7310696734375 0.6985643453125 0.7375919796875 0.6717967453125 0.7429284109375 0.6557361859374999 0.74478978125 0.62598410625 0.7198038718750001 0.5957767640625 0.702015765625 0.6054131 0.6836347203125 0.5904232453125 0.6735547937499999 0.633251403125 0.68541353125 0.677150265625 0.6830417843750001 0.75424095 0.6901570265625 0.7949277 0.703794575 0.82704881875 0.7209897453125 0.8324023390624999 0.71090981875 0.78957418125 0.706759259375 0.7531702453125 0.7085380703124999 0.72533194375
4 0.79629273125 0.717837015625 0.7986644796875 0.673938153125 0.7731681921875 0.6268271796875 0.75893770625 0.6578775953125 0.7405566625 0.6460998499999999 0.7281049890625 0.6899987125 0.7399637265625 0.729614759375 0.7530083390625 0.7756550296875 0.7642741390625 0.822766003125 0.7980715421875 0.8527457140625 0.8235678296875 0.8356144499999999 0.8283113249999999 0.8088468515624999 0.8063726593749999 0.7349682796875 0.79629273125 0.717837015625
4 0.8538076109375 0.572221278125 0.8336477562500001 0.6011302859375001 0.8212891515624999 0.6131276531250001 0.79688566875 0.6064838046875 0.7856198671875 0.6343221078125 0.7945139203125 0.6685846343749999 0.7945139203125 0.7114127921875 0.799257415625 0.7328268718750001 0.818231396875 0.7371096859375 0.8348336296875001 0.702847159375 0.8727815906249999 0.6782209703125 0.889383825 0.6375342203125001 0.8828615187500001 0.6032716921875 0.8715957171875001 0.563655646875 0.8538076109375 0.572221278125
5 0.7809639015625 0.271360271875 0.77198231875 0.26699860000000003 0.74707896875 0.2841298625 0.7453001578125 0.3333822453125 0.756565959375 0.376210403125 0.7666458875 0.42760419218749995 0.7885845515625001 0.44152334375 0.803407975 0.42760419218749995 0.812302028125 0.40619011250000003 0.8229748921875 0.38370533125 0.8022221 0.332311540625 0.7809639015625 0.271360271875
5 0.7541942125000001 0.5550179625 0.781469309375 0.5721492265625 0.7891774890625001 0.5475230359375 0.805779721875 0.527179659375 0.8051867859374999 0.4961292453125 0.7921421734375 0.46400812656249996 0.7731681921875 0.431887009375 0.7494507171875 0.3612205484375 0.7305573390625 0.3838542375 0.74707896875 0.50576558125 0.7541942125000001 0.5550179625
5 0.6877852796874999 0.3772811078125 0.6931217109375 0.513260509375 0.6901570265625 0.55287655625 0.6996440171875 0.5742906343749999 0.726326178125 0.586068378125 0.7304767359375 0.5753613375 0.7464860328125 0.5796441546875 0.7559730234375001 0.5485937390625 0.7423354734375 0.4843515015625 0.7269191140625 0.3708568828125 0.71031688125 0.3451599875 0.6943075859375 0.347301396875 0.6877852796874999 0.3772811078125
7 0.68541353125 0.59356330625 0.7032016390625 0.5635835953125 0.694900521875 0.43724052812499997 0.6759265421875 0.34194787656250003 0.6557666875 0.3505135078125 0.6533949390625 0.5154019171875001 0.6545808125 0.5678664109375 0.68541353125 0.59356330625
7 0.6077387984375 0.5657250031250001 0.621376346875 0.5796441546875 0.6296774625 0.5742906343749999 0.6474655703125001 0.5999875296875 0.667625425 0.57000781875 0.6658466140625 0.5143312124999999 0.6545808125 0.368715475 0.642722075 0.335523653125 0.6267791234375 0.3463562484375 0.609517609375 0.5164726203125001 0.6077387984375 0.5657250031250001