13 0.3044655265625 0.4749065625 0.330209284375 0.433877259375 0.322853925 0.2741560390625 0.3088787421875 0.250710721875 0.285341590625 0.268294709375 0.27651515937500004 0.4060359453125 0.2743085515625 0.43973858750000006 0.285341590625 0.46757990156250007 0.3044655265625 0.4749065625
12 0.34418446875 0.61411313125 0.366986084375 0.5247278609375 0.363308403125 0.49395588281249997 0.3530109 0.49102521718750003 0.342713396875 0.49395588281249997 0.33247261875 0.481029203125 0.32506053281249997 0.4734412296875 0.3118208859375 0.49249055 0.30299445468749997 0.5203318640625 0.3015233828125 0.549638509375 0.2743085515625 0.6536771031249999 0.27798623125 0.672726421875 0.294168021875 0.6668650921875 0.3118208859375 0.6199744593750001 0.299316775 0.680053084375 0.31108535000000004 0.690310409375 0.32800267656250004 0.6668650921875 0.34418446875 0.61411313125
14 0.32506053281249997 0.734270378125 0.32653160468750003 0.7547850296874999 0.351539828125 0.7284090484375 0.375812515625 0.6404891109374999 0.39500176875 0.5440777515625 0.37360590781249997 0.5203318640625 0.35815965156249996 0.5349851859375 0.3522753640625 0.5848064843749999 0.32506053281249997 0.734270378125
14 0.3912587703125 0.6639344281249999 0.383167875 0.7210823875 0.3839034109375 0.7547850296874999 0.4044984171875 0.7533196984375 0.41773806562500004 0.6844490796875 0.4243578890625 0.549638509375 0.4082432359375 0.5323477890625 0.38905216249999997 0.5598958359374999 0.3912587703125 0.6053211375 0.3912587703125 0.6639344281249999
8 0.4184736015625 0.64928110625 0.41773806562500004 0.725478384375 0.43465539218749993 0.8163289875 0.4493661125 0.76504235625 0.4531170953125 0.5558077140625 0.4309777125 0.540846515625 0.42656449687500003 0.5423118484375 0.42068020937500006 0.5774798234375 0.4184736015625 0.64928110625
10 0.47290326250000003 0.8104676578125 0.47952308749999994 0.7372010437500001 0.47960002968750004 0.5587402046875 0.4618702234375 0.539381184375 0.4456884328125 0.549638509375 0.45010164843749995 0.64928110625 0.45598593593750003 0.77236901875 0.47290326250000003 0.8104676578125
10 0.5060829625000001 0.5616726953125 0.4832007671875 0.5628265 0.4846718390625 0.785557009375 0.5067379171875 0.8251209796874999 0.5060829625000001 0.5616726953125
2 0.532565896875 0.57047016875 0.5096800609375001 0.5745491578124999 0.5104155968749999 0.63169711875 0.51188666875 0.7196170562499999 0.5185064921875 0.794349003125 0.5354238203125 0.813398321875 0.532565896875 0.57047016875
2 0.5413081078124999 0.637558446875 0.5413081078124999 0.77236901875 0.556018828125 0.7679730218749999 0.56631633125 0.7181517234375 0.5693477484375 0.5558077140625 0.5582254359375 0.5467078453124999 0.5471923953125 0.5467078453124999 0.5391015 0.5613611671875 0.5413081078124999 0.637558446875
0 0.573671690625 0.7547850296874999 0.5773493703125 0.7840916765625 0.5935311609375 0.803140996875 0.5986799140625 0.7577156953124999 0.59656631875 0.5675376765625 0.58102705 0.5554998390625 0.5655807953124999 0.6023904734375 0.56631633125 0.63316245 0.573671690625 0.7547850296874999
6 0.6030931296875 0.76504235625 0.621481528125 0.785557009375 0.645754215625 0.5994598078125 0.63251456875 0.5437771812500001 0.6060352734375 0.5701531625 0.6030931296875 0.76504235625
4 0.6825310140624999 0.5950638109375 0.7082747734375 0.6507464374999999 0.7494647875 0.7122903953125 0.76711765 0.655142434375 0.7435805 0.576014490625 0.7185722765625 0.49102521718750003 0.6972417328125 0.5115398703125 0.68326655 0.5217971968749999 0.6766467265625 0.5540345062500001 0.6825310140624999 0.5950638109375
4 0.7730019375 0.44559991718749997 0.7590267546875 0.435342590625 0.7435805 0.45585724375 0.7303408515625 0.4719758984375 0.72224995625 0.4983518796875 0.7229854921875 0.5291238578125 0.7384317484375 0.549638509375 0.756820146875 0.5848064843749999 0.7685887218749999 0.6097171343750001 0.7906548015625 0.6126477984375 0.8038944484374999 0.5833411515625 0.7994812328124999 0.5437771812500001 0.7832994421875 0.49395588281249997 0.7730019375 0.44559991718749997
5 0.7001838765625 0.40876939375 0.706068165625 0.435145375 0.7171012046875 0.44979869843750003 0.7288697796875 0.44979869843750003 0.7443160359375 0.42635338125000005 0.7502003234375 0.4073040609375 0.73401853125 0.3179187921875 0.72813424375 0.26809749374999997 0.7082747734375 0.2739588234375 0.7016549484375 0.3413641078125 0.7001838765625 0.40876939375
5 0.6714979750000001 0.3004334125 0.65909546875 0.3212084625 0.6582583265624999 0.37076936250000003 0.6597293984375 0.4088680015625 0.6589938625 0.4469666421875 0.6589938625 0.4704119578125 0.6656136874999999 0.4879959453125 0.6795888703124999 0.4879959453125 0.69871280625 0.48506528125 0.711952453125 0.46601596093750003 0.7038615578125 0.4059373375 0.69209298125 0.30189874375 0.684737621875 0.2975027484375 0.6714979750000001 0.3004334125
7 0.6266302796875001 0.40300667343749996 0.63251456875 0.46015463125 0.631043496875 0.507045265625 0.63839885625 0.5304905828125001 0.6545806468750001 0.5319559140625 0.66782029375 0.507045265625 0.6670847578125 0.48506528125 0.653109575 0.3824920203125 0.63839885625 0.29457208281249997 0.629572425 0.29457208281249997 0.6251592078125 0.31362140312500003 0.6266302796875001 0.40300667343749996
1 0.611184025 0.4865306140625 0.5920600890625 0.31215607031250003 0.5788204421875001 0.3165520671875 0.57220061875 0.46748129374999997 0.5729361546875 0.5187679234375 0.5876468734375 0.5348865796875 0.6060352734375 0.524629253125 0.611184025 0.4865306140625
3 0.5442502515625 0.46757990156250007 0.5471923953125 0.35181865 0.5413081078124999 0.32544266875 0.5177709562499999 0.3107893453125 0.5192420296875 0.3151853421875 0.50600238125 0.496886546875 0.508944525 0.5525691734375 0.5442502515625 0.549638509375 0.5442502515625 0.46757990156250007
11 0.47964914375 0.54892928125 0.5085158828125 0.556117809375 0.5076137968750001 0.42313004843749996 0.504907540625 0.33507058437500004 0.49949502656250006 0.282953759375 0.49137625625 0.2631853078125 0.47703092812500003 0.3011391796875 0.47153037343750004 0.46985547812500006 0.466117859375 0.5273636984375 0.47964914375 0.54892928125