11 0.47411227812499995 0.396838496875 0.4722988671875 0.4618572078125 0.4700902109375 0.5128995609375 0.4586051984375 0.5542614703125001 0.46081385468749997 0.5929832562499999 0.4678815546875 0.6088239875 0.49659408593750004 0.6105840687499999 0.5005696671875 0.604423784375 0.5023365921875 0.5463411046875 0.4983610109375 0.5058592359375 0.4952688921875 0.4055346078125 0.48775946093749994 0.3808934703125 0.47411227812499995 0.396838496875
3 0.5014531296875 0.5419409015625 0.5010113984375 0.58946309375 0.5014531296875 0.604423784375 0.5328160484375 0.61234415 0.5412089421874999 0.577142525 0.5367916296875 0.5155396828125001 0.5376750921875 0.4037745265625 0.5261900796875 0.371213025 0.5041549875 0.39507731874999996 0.5054287109375 0.460097125 0.5014531296875 0.5419409015625
3 0.5412089421874999 0.4512967203125 0.5425341359375 0.5120195203125 0.5372333609375 0.5657019984375 0.5416506734375 0.591223175 0.5522522234375 0.60706390625 0.5677128171875 0.5877030125 0.5703632046875 0.5481011859375 0.5646206984375 0.5120195203125 0.5610868484375 0.39937432500000003 0.5575529984375 0.3808934703125 0.5452428109375 0.390674375 0.5412089421874999 0.4512967203125
1 0.5694797421875 0.450416678125 0.5699214734375 0.5023390734375 0.5677128171875 0.5489812265625 0.5721301296875 0.56482195625 0.5867072609374999 0.595623378125 0.5933332296875 0.6017836625 0.6079103609375001 0.5665820375 0.6070268984375 0.5120195203125 0.5920080359375001 0.38617371562499997 0.5836151421875 0.36945294375 0.5721928875 0.3880326078125 0.5694797421875 0.450416678125
7 0.605328228125 0.36865965156249997 0.5986340046875 0.473297734375 0.5911245734375 0.5243400890625 0.5955418859375 0.5718622828125 0.6034930484375 0.5806626875 0.6114442109375 0.5718622828125 0.6198371046875 0.58946309375 0.6322055796875 0.577142525 0.6379480859375 0.5401808203125 0.6339725046875 0.490898546875 0.6286717296875 0.3808934703125 0.6220457609375 0.34129164375 0.605328228125 0.36865965156249997
11 0.44181941093750005 0.44513643593749996 0.4378438296875 0.494418709375 0.4321013234375 0.5269802109375 0.4259170859375 0.5437009828125 0.4321013234375 0.5806626875 0.4400524859375 0.597383459375 0.45507134843749997 0.5938632968750001 0.46346424218750004 0.5551415109375 0.4612555859375 0.496178790625 0.46611462968749995 0.3676928625 0.44627859062499997 0.385390840625 0.44181941093750005 0.44513643593749996
9 0.3972045546875 0.488258425 0.3892533921875 0.5305003734375 0.38660300468750003 0.562181834375 0.4069226421875 0.597383459375 0.41487380468749996 0.5982635000000001 0.42945093593749994 0.5727423218750001 0.43607690468750004 0.5401808203125 0.4321013234375 0.476817896875 0.4338682484375 0.3923339984375 0.41796592343750005 0.34481180624999996 0.40519076875 0.366017884375 0.3972045546875 0.488258425
15 0.37644318593750004 0.5850628906249999 0.3861612734375 0.58418285 0.3954376296875 0.562181834375 0.3972045546875 0.5340205359375 0.3936707046875 0.354492253125 0.38395261718749996 0.34481180624999996 0.37249723281249997 0.36425670625 0.3618660546875 0.5296203328125 0.36274951718750004 0.5613017953125 0.37644318593750004 0.5850628906249999
15 0.35921566718750003 0.343051725 0.3437799359375 0.36777906250000003 0.3388960296875 0.46801749062500003 0.3388960296875 0.496178790625 0.3278527484375 0.5401808203125 0.3269692859375 0.5613017953125 0.33977949218750003 0.5753824437499999 0.3477306546875 0.57890260625 0.3561235484375 0.570982240625 0.3649581734375 0.5701022 0.3737927984375 0.5481011859375 0.3724676046875 0.42489550156250006 0.3680502921875 0.35009205 0.35921566718750003 0.343051725
13 0.33845429843749997 0.46801749062500003 0.34287161093749996 0.3676928625 0.3252023609375 0.328971075 0.3075519640625 0.36073435 0.3013488734375 0.40993481093749995 0.2969315609375 0.44513643593749996 0.2858882796875 0.462737246875 0.2810292359375 0.48737838437500003 0.27793711718749997 0.5172997640625 0.2841213546875 0.5340205359375 0.29428117343750004 0.5428209421875 0.3013488734375 0.5331404953125001 0.3097417671875 0.5533814296874999 0.3243188984375 0.55778163125 0.3331535234375 0.5340205359375 0.33845429843749997 0.46801749062500003
13 0.3172511984375 0.2832089640625 0.2995819484375 0.2911293296875 0.2912051953125 0.3140631359375 0.2766119234375 0.363292659375 0.2624765234375 0.3976142421875 0.2417151546875 0.4240154609375 0.2350891859375 0.459217084375 0.24127342343749997 0.483858221875 0.24745766093750002 0.48737838437500003 0.2540836296875 0.5128995609375 0.2774953859375 0.504979196875 0.2872134734375 0.466257409375 0.2969315609375 0.4081747296875 0.3172511984375 0.322810790625 0.3172511984375 0.2832089640625
13 0.2664521046875 0.357132375 0.2571757484375 0.328971075 0.2518749734375 0.3219307515625 0.24128128124999998 0.324630203125 0.23553091718750002 0.32545091249999997 0.2271380234375 0.33865152187500003 0.21256089218750002 0.357132375 0.21079396718750001 0.37825335 0.21565301093749997 0.3923339984375 0.21565301093749997 0.40993481093749995 0.22007032343750002 0.43457594843749997 0.2258128296875 0.4363360296875 0.2364143796875 0.43897615156249997 0.2532001671875 0.4240154609375 0.26512691093749996 0.3879337953125 0.2664521046875 0.357132375
12 0.27572846093750003 0.6660266265625 0.2867717421875 0.6449056515625 0.3013488734375 0.62114455625 0.3066496484375 0.5903431343750001 0.3022323359375 0.5736223640625 0.2889803984375 0.5613017953125 0.28147096718750003 0.5445810234375 0.2726363421875 0.5331404953125001 0.26777729843750003 0.5331404953125001 0.2624765234375 0.5454610640625 0.261604290625 0.5456580296875 0.2554088234375 0.56482195625 0.2465741984375 0.5947433375 0.24127342343749997 0.623784678125 0.2289049484375 0.6493058546875 0.21830339843750002 0.67834719375 0.21123569843749998 0.7073885343749999 0.21476954843749999 0.73114963125 0.2236041734375 0.7399500375 0.23553091718750002 0.7346697921875001 0.24569073593750002 0.719709103125 0.2642434484375 0.691547803125 0.27572846093750003 0.6660266265625
12 0.310853796875 0.6996583984375 0.30494202656249997 0.734991628125 0.2898938859375 0.770324859375 0.2839821171875 0.8003045703125 0.28720671875 0.8110116093749999 0.30601689374999996 0.778890490625 0.32267733593750003 0.7489107796875001 0.33235114062500004 0.7200017734374999 0.3430998140625 0.6793150234375 0.3581479546875 0.6611130562499999 0.3645971578125 0.641840384375 0.363522290625 0.6161434906250001 0.3538484859375 0.6032950421875001 0.3468618484375 0.6032950421875001 0.3382629109375 0.59687081875 0.3339634421875 0.5915173 0.328051671875 0.5829516671875 0.32160246875 0.5861637796875 0.3119504234375 0.58418285 0.3044409921875 0.60002358125 0.3013488734375 0.6281848812499999 0.2960480984375 0.6537060578125 0.2858882796875 0.6748270328125 0.2748449984375 0.70122825 0.2664521046875 0.7302695906250001 0.2642434484375 0.7566708078125 0.2633599859375 0.7725115390624999 0.27914521406250004 0.778890490625 0.2877441515625 0.7446279640625 0.2947307890625 0.7157189578125001 0.310853796875 0.6996583984375
14 0.3618044609375 0.6184012437499999 0.3565678625 0.647612615625 0.34120717031250003 0.820098815625 0.3467928765625 0.8430506093749999 0.3632008875 0.8207943249999999 0.3921767375 0.6670868640625 0.3991588703125 0.6371799828125 0.3963660171875 0.6086641187499999 0.386241925 0.6121416640625 0.37856157968750004 0.6017090296875 0.3729758734375 0.605882084375 0.3618044609375 0.6184012437499999
14 0.42080348125 0.6288338765625 0.412075815625 0.6288338765625 0.4078865359375 0.6114461546875 0.3991588703125 0.609359628125 0.386241925 0.6295293859375 0.38030711250000004 0.665695846875 0.3768160453125 0.7143814671875 0.36948480625 0.7769772671874999 0.3673901671875 0.824967378125 0.37367408750000003 0.8541787515625 0.38763835156250004 0.8402685734374999 0.40195172343749996 0.777672775 0.412075815625 0.73316020625 0.41801062812499995 0.6768239890625 0.4225490140625 0.644135071875 0.42080348125 0.6288338765625
8 0.4169633078125 0.635788965625 0.4138213484375 0.6809970421875 0.4054427890625 0.7637625984375 0.40649010937499996 0.8354000109375 0.41626509531250006 0.8785215609374999 0.43337131875 0.8221853421875001 0.44524094375 0.713685959375 0.4469864765625 0.6698689 0.4434954109375 0.6378754921875001 0.43756059843750006 0.617705734375 0.4316547046875 0.62057843125 0.4169633078125 0.635788965625
10 0.46199806250000003 0.8152302546874999 0.471074834375 0.7248141 0.473169475 0.68795213125 0.4728203671875 0.6330069296875 0.4581578890625 0.62813836875 0.44454273125 0.6434395625 0.44524094375 0.6636093203125 0.45641235625 0.8367910296875 0.46199806250000003 0.8152302546874999
10 0.4745659 0.68308356875 0.476660540625 0.7011667984375001 0.49132301875 0.8562652765625 0.49760693749999996 0.703948834375 0.4983051515625 0.6364844749999999 0.49376676406250003 0.62674735 0.47561322031250003 0.6295293859375 0.47111029843749996 0.63728104375 0.470725728125 0.6559587234375 0.4745659 0.68308356875
2 0.4979560453125 0.7109039234375001 0.5045890703125 0.826358396875 0.523091721875 0.8666979109374999 0.5244881484375 0.7769772671874999 0.5223935078124999 0.695602728125 0.5216952953125 0.6371799828125 0.5157604828125 0.63022489375 0.5070328171875 0.63022489375 0.49520265312499995 0.6324094484375 0.49411587187499995 0.6677823734375 0.4979560453125 0.7109039234375001
2 0.5185533343750001 0.63996201875 0.518204228125 0.6677823734375 0.523440828125 0.705339853125 0.5304229609375 0.7714131953125001 0.547529184375 0.84583264375 0.54473633125 0.7150769765625 0.5485765046875 0.6587407578125 0.541943478125 0.6330069296875 0.5335649203124999 0.6295293859375 0.5220883234375 0.63171350625 0.5185533343750001 0.63996201875
0 0.54473633125 0.6531766875 0.5489256109375 0.7178590125000001 0.55660595625 0.8145347453125 0.5670791562499999 0.863915875 0.5796469937500001 0.8291404312499999 0.5810434203125 0.72133655625 0.57894878125 0.682388059375 0.5772032484375 0.653872196875 0.5744103953125 0.634397946875 0.5684755828125 0.6288338765625 0.5573041703125 0.6330069296875 0.54473633125 0.6531766875
6 0.5678063921875001 0.64201474375 0.5716465640624999 0.666357553125 0.58177065625 0.695568925 0.596084028125 0.76651083125 0.613539359375 0.835366209375 0.6233143437499999 0.8464943500000001 0.61737953125 0.7491231078125 0.6072554390625 0.66566204375 0.602717053125 0.6329731265625 0.593291175 0.61906295 0.5866581484375 0.6183674421875 0.5730429906250001 0.6301910921875 0.5678063921875001 0.64201474375
6 0.610077790625 0.6136190078125 0.5999242015624999 0.6294955828125001 0.5999242015624999 0.649665340625 0.6090009734375 0.67053060625 0.6557812609375 0.8360617171875001 0.6739348046875 0.8444078234375001 0.6474027015625 0.7122611390625 0.637627715625 0.65870695625 0.6379768218749999 0.62254049375 0.6344857562499999 0.605152771875 0.626456303125 0.605152771875 0.617030425 0.6072392984375 0.610077790625 0.6136190078125
4 0.708147253125 0.7866805875 0.6976740546875 0.757469215625 0.690342815625 0.7386904750000001 0.684058896875 0.721302753125 0.6809169374999999 0.7060015578125001 0.6788222968750001 0.69695994375 0.6809169374999999 0.692786890625 0.6885972828125 0.6997419796875 0.69313566875 0.71365215625 0.6976740546875 0.7317353859375 0.7029106546875 0.7484276000000001 0.71094010625 0.7679018484375 0.71687491875 0.78320304375 0.727697225 0.7845940609375 0.7280463312500001 0.7679018484375 0.7217624125000001 0.7206072453125001 0.712685640625 0.6997419796875 0.70430708125 0.6774856953125 0.698721375 0.659402465625 0.6945320953125 0.6385371984375 0.693484775 0.6162809140625 0.6920883484375 0.600284209375 0.689295496875 0.58915606875 0.6861535359375 0.5787234359375 0.6809169374999999 0.5710728375 0.67463301875 0.576636909375 0.66415981875 0.57455038125 0.6568285796875 0.5898515765625 0.64565716875 0.585678525 0.6373126250000001 0.598308278125 0.631692903125 0.6079348078125 0.6334384359375 0.6246270203125001 0.6362312890624999 0.6413192328124999 0.6421661015625 0.659402465625 0.6498464484375 0.6788767124999999 0.6568285796875 0.69695994375 0.6631125 0.7233892796875 0.66939641875 0.7414725109375 0.674982125 0.76164226875 0.6927865625 0.7894626234375 0.702212440625 0.8005907656250001 0.708147253125 0.7866805875
4 0.7671462734375 0.667748571875 0.7524837953125 0.6176719328125 0.74585076875 0.5968066656250001 0.7416614890625 0.5703773296875 0.736773996875 0.55090308125 0.7290936515625 0.54116595625 0.7214133046875 0.540470446875 0.714082065625 0.5543806250000001 0.71024189375 0.5592491875000001 0.702212440625 0.558553678125 0.695928521875 0.566204275 0.6917822953125 0.5802137796875 0.689993709375 0.6030662453125 0.693484775 0.6155854046875 0.7029106546875 0.6357551625 0.7158275984375 0.6635755171875 0.730839184375 0.6976554515625 0.7461998750000001 0.721302753125 0.7587677140625 0.7414725109375 0.7654007390625 0.74981861875 0.7737792984375 0.757469215625 0.7769212578125 0.7428635296875 0.7727319796875001 0.704610540625 0.7671462734375 0.667748571875
4 0.79786765625 0.6385371984375 0.78076143125 0.6176719328125 0.7737792984375 0.601675228125 0.7877435640625 0.6086303171874999 0.80380246875 0.61906295 0.8160212 0.6281045656249999 0.8090390671875 0.60584828125 0.79856586875 0.5822009796875001 0.7905364171875 0.5564671515625 0.7828560703125 0.5335153578125 0.775175725 0.520300690625 0.7647025265625 0.5175186546874999 0.75702218125 0.523778234375 0.7563777375 0.5370653625 0.7496909421875 0.54116595625 0.74061416875 0.5439479921875 0.737123103125 0.5578581687499999 0.7399159562500001 0.5808099624999999 0.748992728125 0.6023707375 0.759465928125 0.6232360031249999 0.7695900203125 0.6385371984375 0.783903390625 0.6510563578124999 0.8048497890625 0.65036085 0.8114828140625001 0.649665340625 0.79786765625 0.6385371984375
7 0.6596214328125 0.48121178281250004 0.6564794734375 0.3991417359375 0.6512428734375 0.36088874843749996 0.64565716875 0.340718990625 0.63312265 0.3644716875 0.630994690625 0.392186646875 0.6299473703125 0.43252616250000003 0.62890005 0.4735611859375 0.62261613125 0.5118141734375 0.6219179171875 0.5375480015625 0.62924915625 0.5598042859375 0.64111878125 0.5639773390625 0.6505446609375001 0.5771920078125 0.659970540625 0.564672846875 0.6652071390625001 0.5472851265625 0.6638107125 0.5243333328124999 0.6596214328125 0.48121178281250004
5 0.7067508265625 0.4728656765625 0.7008160140624999 0.440176759375 0.6952303093750001 0.39079562968750003 0.6885972828125 0.35462916875 0.678473190625 0.3476740796875 0.6673017796875 0.3601932390625 0.6662544593749999 0.372016890625 0.6673017796875 0.410269878125 0.6634616062500001 0.4638240609375 0.6568285796875 0.49790399531249996 0.6564794734375 0.5250288421875 0.6631125 0.5410255453125 0.67533123125 0.5556312328125 0.683709790625 0.556326740625 0.6917392421875 0.5438075812500001 0.69837226875 0.5507626703125 0.7057035078125 0.536156984375 0.7112892125 0.5048590843749999 0.7067508265625 0.4728656765625
5 0.7441052359375 0.4332216703125 0.7329338234375 0.4012282625 0.725253478125 0.35810671250000004 0.7210641984375 0.33028635781250004 0.7172240265625 0.3135941453125 0.7116383203125001 0.30942109218749997 0.7029106546875 0.324026778125 0.702606396875 0.33802588125 0.701514228125 0.3775809609375 0.70430708125 0.41583394843750004 0.7067508265625 0.4638240609375 0.7067508265625 0.48608034531250005 0.7098927875000001 0.5125096828125 0.7217624125000001 0.5215512984374999 0.730490078125 0.5215512984374999 0.7399159562500001 0.5048590843749999 0.7475963015625 0.5048590843749999 0.754229328125 0.48677585468749995 0.75178558125 0.45339142812500005 0.7441052359375 0.4332216703125
5 0.7322356109375 0.29898845937499996 0.7280463312500001 0.3184627078125 0.7297918640625001 0.3789719796875 0.7378213171875 0.41583394843750004 0.74061416875 0.4429587953125 0.7552766484375 0.47077915 0.7674953796875 0.471474659375 0.7748266187499999 0.44643634062500004 0.783903390625 0.41861598437499997 0.783554284375 0.38523155937500003 0.7678444859375 0.35462916875 0.7524837953125 0.3219402515625 0.7437561296874999 0.3031615125 0.7322356109375 0.29898845937499996