11 0.501051771875 0.22307177656250002 0.49111429375000004 0.34687147500000004 0.48065110625 0.42562046562500006 0.48065110625 0.44762386093749995 0.48878914062499995 0.461520740625 0.5161096859375001 0.4719434015625 0.5236664328125 0.4626788140625 0.5283167390625 0.43488505312500003 0.5283167390625 0.3781394578125 0.5347109078125001 0.23222220937500002 0.53296704375 0.19863808125 0.516690975 0.190531565625 0.501051771875 0.22307177656250002
3 0.5422676546874999 0.2148511078125 0.530641890625 0.32371000625 0.52773545 0.3711910171875 0.5195974156250001 0.43951734687500005 0.5213412796875 0.4592045953125 0.530641890625 0.4719434015625 0.5597063 0.473101475 0.56493789375 0.45688844843750004 0.5661004703125 0.3920363375 0.5713320640624999 0.21600918125000002 0.56435660625 0.1940057875 0.5474992484375 0.19863808125 0.5422676546874999 0.2148511078125
3 0.5701694875000001 0.31907771406249996 0.5672630468750001 0.3735071625 0.5614501656249999 0.42330431874999996 0.56493789375 0.46036266875000004 0.5800513875 0.4638368875 0.5916771515625 0.45341422812500004 0.59690874375 0.41635587812499997 0.5980713203125 0.35729413593750003 0.5980713203125 0.24959330937500002 0.594002303125 0.21253496093750002 0.5795386984374999 0.22307177656250002 0.5701694875000001 0.31907771406249996
1 0.620160271875 0.23569642968750001 0.6056280671875001 0.32718422812500003 0.5974900328125 0.3885621171875 0.594002303125 0.43835927343750003 0.603884203125 0.4696272546875 0.614347390625 0.4719434015625 0.625973153125 0.4673111078125 0.630623459375 0.43372697968749996 0.6352737640624999 0.35613606249999996 0.6393427828125 0.2600159703125 0.6399240703125 0.2079026671875 0.625973153125 0.21600918125000002 0.620160271875 0.23569642968750001
11 0.4498428328125 0.36540065 0.4446112390625 0.412881659375 0.4643750375 0.4522561546875 0.48123239531250006 0.43372697968749996 0.49634588749999997 0.3028646859375 0.5004149046874999 0.2310641359375 0.4975084640625 0.19863808125 0.4853014125 0.1812669796875 0.4650059234375 0.2080074421875 0.45623700312500004 0.3028646859375 0.4498428328125 0.36540065
9 0.432985475 0.177792759375 0.41733238281249996 0.2022134671875 0.4108965234375 0.2959162453125 0.409152659375 0.35613606249999996 0.403339778125 0.41172358437499995 0.4079900828125 0.43951734687500005 0.42077842343749994 0.45804652187499995 0.4324041875 0.4522561546875 0.4475176796875 0.42562046562500006 0.4533305625 0.39435248437500003 0.45681829062499996 0.32718422812500003 0.4579808671875 0.2171672546875 0.44868025625 0.18010890625 0.432985475 0.177792759375
15 0.355705609375 0.1987370828125 0.345210959375 0.29707431875 0.3417232296875 0.34918762187499996 0.335910346875 0.39782670468750003 0.34346709375 0.42562046562500006 0.35334899375 0.42562046562500006 0.3632308921875 0.41635587812499997 0.37311279218750004 0.41635587812499997 0.3864824203125 0.40477514374999995 0.3864824203125 0.3549779890625 0.3835759796875 0.2553836765625 0.377181809375 0.190531565625 0.355705609375 0.1987370828125
15 0.41729069374999994 0.1754766125 0.39578303125000003 0.18010890625 0.3911700734375 0.1975782875 0.3789256734375 0.3017066140625 0.3690437734375 0.38972019062499996 0.3678811984375 0.41519780624999997 0.3766005203125 0.44299156718750005 0.39113272499999996 0.44067542031249995 0.40043333593749997 0.412881659375 0.41380296406249995 0.42909468593750005 0.42484744062499996 0.4070912921875 0.42833516875 0.36076835625000003 0.42775388124999997 0.2808612921875 0.425428728125 0.2299060625 0.41729069374999994 0.1754766125
13 0.3370729234375 0.3144454203125 0.33300390625 0.2241156953125 0.3207968546875 0.1812669796875 0.2975453265625 0.1847412 0.28768360625 0.2172778015625 0.2865008515625 0.28201936562499996 0.29056986875 0.31907771406249996 0.2841756984375 0.358452209375 0.2818505453125 0.385087896875 0.2865008515625 0.4105655125 0.295220175 0.41635587812499997 0.3132401078125 0.40477514374999995 0.3277723125 0.4105655125 0.340560653125 0.4070912921875 0.3498612640625 0.39087826406250004 0.3504425515625 0.35729413593750003 0.3370729234375 0.3144454203125
13 0.283013121875 0.24959330937500002 0.276618953125 0.2067445953125 0.25859901875 0.1940057875 0.24059145 0.2033722609375 0.23825393125 0.2576998234375 0.23767264375 0.28896780624999996 0.2330223375 0.31907771406249996 0.22662816874999997 0.35381991562500004 0.22895332031249999 0.3827717515625 0.2446481015625 0.39087826406250004 0.2597615953125 0.4024589984375 0.2760376640625 0.39087826406250004 0.2841756984375 0.3677167953125 0.2865008515625 0.34571340156249997 0.2783628171875 0.31328734687500004 0.283013121875 0.24959330937500002
13 0.2330223375 0.2345383546875 0.23127847343750002 0.1847412 0.2150024046875 0.17084431875 0.20105148750000001 0.1754766125 0.1905923703125 0.1987370828125 0.188263146875 0.2426448703125 0.18419412968749999 0.28201936562499996 0.1754748078125 0.3074969796875 0.1690806375 0.3295003734375 0.1725683671875 0.3549779890625 0.18419412968749999 0.3677167953125 0.19640118281250002 0.37929752968749997 0.208026946875 0.38740404375000004 0.2254655921875 0.3735071625 0.23534749062500002 0.34571340156249997 0.2306971859375 0.3017066140625 0.2330223375 0.2345383546875
12 0.2306640046875 0.4986050671875 0.2411271921875 0.468495159375 0.2388020390625 0.44417561718750004 0.2306640046875 0.418698003125 0.22136339375 0.4152237828125 0.20566861250000001 0.404801121875 0.1969492890625 0.4082753421875 0.185323525 0.39785268125 0.1748949859375 0.42006692343749996 0.1725351859375 0.45575635156249994 0.16788487968750002 0.490498553125 0.16090942187499999 0.5206084625 0.1638158625 0.5414537828125 0.177185490625 0.5321891953125 0.18474223750000002 0.51597616875 0.1806732203125 0.554192590625 0.18241708437499998 0.5727217640625 0.19229898437499998 0.5819863515625 0.205087325 0.5553506625 0.219038240625 0.5125019484375 0.2306640046875 0.4986050671875
12 0.2887928234375 0.5263988281249999 0.30565018125 0.485866259375 0.3050688921875 0.46270479218749994 0.2916992640625 0.44301754375 0.27542319531250004 0.43491102968749995 0.2655412953125 0.4268045171875 0.25798455 0.42564644375 0.24698668124999998 0.43513125781250006 0.2393833265625 0.4603886453125 0.2376394625 0.5032373609375 0.23124529374999997 0.562299103125 0.22892014062500002 0.6016736 0.2306640046875 0.6294673609375 0.24054590468749998 0.59704130625 0.25333424375 0.5507183703125 0.24694007343750002 0.6063058921875 0.2434523453125 0.6248350671875 0.2568219734375 0.6202027734375 0.27367933125 0.583144425 0.2887928234375 0.5263988281249999
12 0.340564221875 0.5808881703125001 0.35625900312500003 0.5310910140625 0.36555961406250004 0.5056134 0.361490596875 0.47550349062499997 0.351027409375 0.4673969765625 0.33823906875 0.4546581703125 0.330101034375 0.4592904625 0.3202191359375 0.44307743593750004 0.30626821875 0.45697431718750003 0.2981485296875 0.47568908125 0.29638631875 0.50908761875 0.2870857078125 0.5693074359375 0.282435403125 0.6318433999999999 0.2806915390625 0.656162940625 0.29580503125 0.646898353125 0.3056869296875 0.6005754171875 0.3120811015625 0.5681493625 0.308593371875 0.615630371875 0.2998740484375 0.6584790875000001 0.3045243546875 0.6689017484375 0.32719459375 0.6330014734375 0.340564221875 0.5808881703125001
14 0.3684556375 0.46623673906249996 0.3522173015625 0.48611823750000005 0.3475292625 0.5276146296875 0.34404153437499996 0.5855182984375 0.33706607499999997 0.6480542609375 0.33125319375 0.7036417859374999 0.355086009375 0.677006096875 0.3690369265625 0.6202605 0.38182526562499997 0.56119875625 0.4010077765625 0.51603389375 0.4015890640625 0.491714353125 0.38880072499999996 0.4824497671875 0.3800814015625 0.4708690328125 0.3684556375 0.46623673906249996
14 0.396402534375 0.4768478765625 0.381243978125 0.5090854546875 0.3783375375 0.54845995 0.3748498078125 0.6191024265625 0.37368723125000003 0.667741509375 0.380662690625 0.708274078125 0.3963574703125 0.722170959375 0.40798323437499995 0.6619511421875 0.4196089984375 0.572779490625 0.429490896875 0.51603389375 0.42425930312500004 0.4998208671875 0.418446421875 0.4998208671875 0.396402534375 0.4768478765625
8 0.41556978593749994 0.5009839921875 0.413825921875 0.555413440625 0.4103381921875 0.6399527984375 0.4068504625 0.7013306890625 0.4097569046875 0.7488116984375 0.4213826671875 0.7511278453125 0.44289033125 0.6573239 0.45625995937499997 0.5565715140624999 0.45742253593750004 0.5253035328125 0.448121925 0.483612890625 0.43361115312500004 0.4733714921875 0.41556978593749994 0.5009839921875
10 0.48299921562500003 0.47550637656249994 0.466723146875 0.470874084375 0.45393480625000004 0.47898059687499994 0.4498657890625 0.48940325781249994 0.45277222968749997 0.5276196796875 0.45509738281249995 0.5820491296875 0.45625995937499997 0.642268946875 0.4632354171875 0.69785646875 0.46904830000000003 0.70712105625 0.48009277499999997 0.6376366531250001 0.4806740625 0.5704683953125 0.48590565625000004 0.512564725 0.48299921562500003 0.47550637656249994
10 0.48474307968749997 0.48477096406250003 0.482417928125 0.52646160625 0.482417928125 0.59015564375 0.48706823281249995 0.69785646875 0.49462497968749997 0.70712105625 0.5033443015625 0.6330043578125 0.5079946078125 0.5704683953125 0.5114823375 0.4940355515625 0.5062842328125 0.48264185312499996 0.493462403125 0.470874084375 0.48474307968749997 0.48477096406250003
2 0.5033443015625 0.516038946875 0.508575896875 0.5866814234375 0.5132262015625 0.6932241765625 0.521945525 0.723334084375 0.530083559375 0.6202655515625 0.5329900000000001 0.5612038078125 0.52953961875 0.48959462187499997 0.5178765078125 0.48245481718749994 0.50683203125 0.48824518437500003 0.5033443015625 0.516038946875
2 0.5283396953125 0.48940325781249994 0.5295022703125001 0.5137227984375 0.5306648468749999 0.5774168359375 0.5329900000000001 0.650375459375 0.5417093234375 0.71638564375 0.5498473578125 0.6700627078125 0.5562415281249999 0.573942615625 0.55914796875 0.5310939 0.5586088515625 0.49191221250000006 0.5417093234375 0.48245481718749994 0.5283396953125 0.48940325781249994
0 0.557404103125 0.5206712390625 0.556822815625 0.5461488546875 0.556822815625 0.600578303125 0.5603105453125 0.650375459375 0.567286003125 0.7059629828125 0.58065563125 0.7395471109375 0.5853059375 0.6920661031249999 0.5893749546875 0.5820491296875 0.5946065484374999 0.50909050625 0.5893749546875 0.48940325781249994 0.57023654375 0.48264185312499996 0.557404103125 0.5206712390625
6 0.5946065484374999 0.5762587625 0.60100071875 0.6607981203125 0.6161142109375 0.6990145421875 0.6236709578124999 0.6828015140625 0.625414821875 0.542674634375 0.6213458046875 0.4940355515625 0.6022126984375 0.4942298015625 0.588793665625 0.5218293125 0.5917001078124999 0.54383270625 0.5946065484374999 0.5762587625
6 0.619601940625 0.5461488546875 0.63355285625 0.623739771875 0.64343475625 0.6932241765625 0.6544792312500001 0.71638564375 0.6602921140625 0.67122078125 0.6521540781249999 0.549623075 0.6556418078124999 0.5067743578125 0.6457599093749999 0.48592903749999994 0.6272122390625 0.48959462187499997 0.6114639046875 0.514880871875 0.619601940625 0.5461488546875
4 0.7009822859375 0.5658361015625 0.7033074390625 0.48477096406250003 0.68528750625 0.469716009375 0.673080453125 0.47666445 0.66442085625 0.4780066734375 0.650991503125 0.48824518437500003 0.6480850625000001 0.50909050625 0.6521540781249999 0.5392004140625 0.6614546906250001 0.583207203125 0.6742430296874999 0.6515335328125 0.68528750625 0.6862757359375 0.6911003874999999 0.6677465609375 0.682962353125 0.595946009375 0.6951694046875 0.63532050625 0.7050513046875 0.6631142671875 0.7097016093749999 0.6631142671875 0.7009822859375 0.5658361015625
4 0.7544608 0.52646160625 0.7550420875 0.4801386703125 0.7457414765625 0.456977203125 0.7323718484375 0.45466105625 0.725396390625 0.46392564375 0.71267578125 0.46525992812499994 0.6998197109375 0.48245481718749994 0.6998197109375 0.5114066515625 0.7079577453125 0.54499078125 0.714933203125 0.573942615625 0.7317905609375 0.6364785796875 0.746904053125 0.6631142671875 0.7451601890624999 0.614475184375 0.73818473125 0.5658361015625 0.7498104953125 0.6330043578125 0.7579485296875 0.645743165625 0.75911110625 0.5913137171875 0.7544608 0.52646160625
4 0.8073580249999999 0.512564725 0.8073580249999999 0.47550637656249994 0.8050328718750001 0.4442383953125 0.793407109375 0.433815734375 0.7858503625 0.434973809375 0.775387175 0.433815734375 0.7701555812499999 0.4465545421875 0.756204665625 0.4500287625 0.7509730703125 0.469716009375 0.7509730703125 0.495193625 0.7579485296875 0.5183550921875 0.7660865640625001 0.538042340625 0.7759684625000001 0.573942615625 0.79166324375 0.60752674375 0.8061954484375 0.623739771875 0.7922445328125 0.55425536875 0.8108457546875 0.5774168359375 0.8201463656250001 0.58089105625 0.8073580249999999 0.512564725
7 0.63878445 0.29253077968749996 0.627739975 0.3585409640625 0.62192709375 0.4187607796875 0.630646415625 0.4442383953125 0.646922484375 0.46508371718749997 0.6591295374999999 0.4500287625 0.66436113125 0.40949619375 0.66494241875 0.34348600937499996 0.662035978125 0.26242087187499996 0.6579669609375001 0.2276786703125 0.6452351625 0.23581852187500002 0.63878445 0.29253077968749996
7 0.6527353671875 0.41065426718750003 0.6637798421875 0.447712615625 0.6835436406250001 0.447712615625 0.6876126578124999 0.40370582656250004 0.6928442515625 0.326114909375 0.6841249296874999 0.226520596875 0.67197885625 0.24045370156249998 0.662035978125 0.314534175 0.6556418078124999 0.37475399062500003 0.6527353671875 0.41065426718750003
5 0.6980758453125 0.30063729375000003 0.68586879375 0.3585409640625 0.6788933359375 0.40023160625000004 0.6893565234375 0.440764175 0.709120321875 0.44539646875 0.724815103125 0.4465545421875 0.7323718484375 0.41181234062499994 0.7341157140625 0.3562248171875 0.7329531375 0.2392594046875 0.7190022203125 0.221888303125 0.698141165625 0.24740647187499998 0.6980758453125 0.30063729375000003
5 0.7538795125 0.2346271109375 0.7365125515625001 0.2485652671875 0.7341157140625 0.31105995468750003 0.733534425 0.34464408281250003 0.72772154375 0.386334725 0.7317905609375 0.4199188546875 0.7428350359375 0.434973809375 0.7550420875 0.4268672953125 0.7672491406249999 0.42570922031249997 0.7759684625000001 0.3967573859375 0.7707368703124999 0.352750596875 0.7689930046875 0.2774758265625 0.7660865640625001 0.2346271109375 0.7538795125 0.2346271109375
5 0.798638703125 0.231152890625 0.7829439218750001 0.2369432578125 0.7754653234375 0.2485652671875 0.7689930046875 0.2878984875 0.7695742937500001 0.330747203125 0.7695742937500001 0.3562248171875 0.7695742937500001 0.38286050625 0.7788749046875 0.41065426718750003 0.793988396875 0.41528656093749994 0.8079393140625 0.40138967968749995 0.82305280625 0.3874927984375 0.8201463656250001 0.3492763765625 0.81258961875 0.3226406890625 0.8073580249999999 0.24157555 0.798638703125 0.231152890625