11 0.49581215468749995 0.40948621875 0.48160604687499997 0.5422155140625 0.47851775625000004 0.625868421875 0.519900828125 0.630329884375 0.5223714703125 0.5522538375 0.526005053125 0.41584821562499996 0.49581215468749995 0.40948621875
11 0.459988015625 0.49425448125000004 0.44639950937500006 0.56117680625 0.456899725 0.6080224421875 0.4754294671875 0.609137840625 0.48284134375 0.5321772328125001 0.49951809375 0.40725546562500003 0.47812860468749996 0.40887276874999995 0.459988015625 0.49425448125000004
9 0.42292853125 0.5622922046875 0.42539912500000004 0.6024455828125 0.45072314375 0.6057916890625 0.44639950937500006 0.519908071875 0.47110583124999994 0.436255165625 0.46678224375 0.38829413125 0.43179655937500006 0.3851562515625 0.42292853125 0.5622922046875
15 0.390192634375 0.5065235984375 0.37166289375 0.5634075593750001 0.3889573375 0.595753365625 0.414281309375 0.56898441875 0.42416382812500003 0.56117680625 0.4334287 0.3871787765625 0.40940273749999995 0.37957589375 0.390192634375 0.5065235984375
15 0.3574567390625 0.45521645624999996 0.3352210578125 0.5522538375 0.3500448609375 0.5767921171875 0.3796924671875 0.5745612796875 0.3926632765625 0.529946396875 0.4087223765625 0.381601915625 0.3746537015625 0.37399553750000003 0.3574567390625 0.45521645624999996
13 0.3399046671875 0.37120535781249997 0.312367728125 0.41394772343749997 0.312367728125 0.44852424218750003 0.2851907640625 0.48087004999999994 0.288896703125 0.5344079015625 0.32163259843750003 0.5600615359375001 0.3451035765625 0.5266003734375 0.37166289375 0.38829413125 0.3399046671875 0.37120535781249997
13 0.2648080296875 0.44294738125000005 0.3012498640625 0.46079331718749994 0.3148383703125 0.436255165625 0.3413976390625 0.3637559796875 0.3121054390625 0.3265625015625 0.2543078609375 0.3671020875 0.2648080296875 0.44294738125000005
3 0.5553486828125 0.4437500015625 0.5344493703125 0.4217552953125 0.523331553125 0.5266003734375 0.5202432625 0.6292145296875 0.553596759375 0.639252853125 0.5647146249999999 0.6169454109375 0.559773340625 0.56452295625 0.5553486828125 0.4437500015625
3 0.56286163125 0.44740888593749994 0.557302746875 0.5779073875 0.564096975 0.639252853125 0.589420946875 0.6247530234374999 0.5875679546875 0.5399847624999999 0.5777425046875 0.44793526874999995 0.56286163125 0.44740888593749994
1 0.612891971875 0.5734459249999999 0.612891971875 0.495369878125 0.6101749375 0.3851562515625 0.5857150078125 0.3849480234375 0.5770677859375 0.4987159859375 0.5925092375000001 0.5332925453125 0.5900385953125 0.599099559375 0.6011564593750001 0.62363766875 0.619068553125 0.6057916890625 0.612891971875 0.5734459249999999
7 0.653039746875 0.5779073875 0.6474808140625 0.545561621875 0.6395185671875 0.43537946562499996 0.6413042328125 0.4217552953125 0.61412726875 0.4228706921875 0.6147449171875 0.47863929687500006 0.6159802625 0.5834842484375 0.6320393625 0.59798411875 0.6487161109375 0.6080224421875 0.653039746875 0.5779073875
7 0.6394512406249999 0.42398604687499997 0.6443925234375001 0.519908071875 0.6561280375 0.59017650625 0.6882462375 0.5745612796875 0.68206965625 0.52325418125 0.67967300625 0.43537946562499996 0.6394512406249999 0.42398604687499997
5 0.712952559375 0.43067830625000003 0.692569825 0.3949863890625 0.6697164953125 0.402794003125 0.68392265 0.5444462671875 0.695658115625 0.5622922046875 0.7141878562499999 0.5522538375 0.7271587140625 0.5132158140625 0.7092466203125001 0.461908715625 0.712952559375 0.43067830625000003
5 0.7213718484375 0.35446428750000003 0.708628971875 0.3381023875 0.6857755953125 0.3804865609375 0.708628971875 0.4184091859375 0.723452728125 0.46860093125 0.7419824703125 0.4674855765625 0.76174755625 0.39721714218750004 0.7213718484375 0.35446428750000003
10 0.48964121406250005 0.7777024578125 0.49743362500000005 0.6474330375 0.4674055328125 0.6405116140625 0.46555254062499996 0.7721255984375001 0.48964121406250005 0.7777024578125
10 0.43775792812500003 0.8033559234375 0.4587583109375 0.8011251703125 0.45999365625 0.7330874890625 0.4661702359375 0.646088475 0.43488536250000004 0.6320870546874999 0.433434340625 0.7420104578125 0.43775792812500003 0.8033559234375
8 0.39822784843750003 0.736433596875 0.37969810625 0.8535476671875 0.3840216953125 0.8959317984374999 0.4019337875 0.878085946875 0.43590498125000005 0.7286259828125 0.42972840156250003 0.6538960875 0.4024529296875 0.6376674125 0.39822784843750003 0.736433596875
14 0.3574623796875 0.7074339390625 0.34263862343749996 0.8011251703125 0.3500505015625 0.8278942015625 0.374139175 0.773240909375 0.40069844374999997 0.7252798765625 0.39822784843750003 0.6382808609375 0.36615949375 0.62371651875 0.3574623796875 0.7074339390625
14 0.3179323 0.7397797046875 0.3556094328125 0.67508813125 0.3661096015625 0.6215502796875 0.3234911859375 0.617088775 0.3117557203125 0.67062666875 0.2958892234375 0.7227678578125001 0.3179323 0.7397797046875
12 0.2734608921875 0.7576256828125 0.31607930781250004 0.64943458125 0.333373753125 0.5947813328125 0.27099025 0.5457049640625 0.25616649375 0.63716550625 0.23334096093749998 0.6878906265625 0.2734608921875 0.7576256828125
12 0.26049008125 0.6405116140625 0.2660490140625 0.5981274828124999 0.2277541859375 0.53455124375 0.19395872187500002 0.5902343765625 0.2172540171875 0.6840111 0.26049008125 0.6405116140625
2 0.49461941718749997 0.6382808609375 0.49770770625000005 0.715241553125 0.50264894375 0.7877407390625 0.5180903953125 0.7966637078125001 0.5224140296875001 0.7609718765625 0.5244606515625 0.6418526796874999 0.49461941718749997 0.6382808609375
2 0.5199433875 0.6472038296875 0.5304435562500001 0.7319721343750001 0.5322965484375 0.8156250406250001 0.5477380015625 0.8212019015625 0.5520615890625 0.7464719625 0.5545764828124999 0.650223215625 0.5199433875 0.6472038296875
0 0.5761981031250001 0.646037946875 0.550997765625 0.6572421953124999 0.550997765625 0.7286259828125 0.55779199375 0.8111636203125 0.5868219046875 0.8959317984374999 0.6047339968750001 0.88366280625 0.5868219046875 0.727510628125 0.5761981031250001 0.646037946875
6 0.578792378125 0.651665334375 0.590527890625 0.7442412093749999 0.6164695109375 0.8301248703124999 0.638705190625 0.8312402249999999 0.6306756640625 0.7353182421875 0.6186691453125001 0.6446428578125001 0.578792378125 0.651665334375
6 0.6164695109375 0.6427423671875 0.646117115625 0.7475873187500001 0.691823775 0.8278942015625 0.7134418078125 0.8000099 0.672676384375 0.6806649921875 0.66654559375 0.61395089375 0.6164695109375 0.6427423671875
4 0.6603232234374999 0.6215502796875 0.6875001875 0.6884726062500001 0.72147138125 0.7899714484375 0.7591485140625001 0.7308567359375 0.7338245421875 0.67508813125 0.71596644375 0.5860491078125001 0.6603232234374999 0.6215502796875
4 0.7270303124999999 0.5791661484375 0.72579496875 0.6382808609375 0.764089796875 0.69628021875 0.7968256453125 0.6449730765624999 0.7857078296875 0.5992428375000001 0.7646150921875 0.5539620546874999 0.7270303124999999 0.5791661484375