11 0.50316126875 0.32917941875 0.4734888921875 0.314679590625 0.46117202031250004 0.445178134375 0.4555734546875 0.5388694078125 0.49812255156249996 0.5377540953125 0.498332496875 0.33214285781249997 0.50316126875 0.32917941875
11 0.4298200578125 0.524369534375 0.4606121734375 0.53106179375 0.46341145624999996 0.454101103125 0.47180930625000006 0.3157949671875 0.45423646562500003 0.30842634062499996 0.4337390359375 0.4262168 0.4298200578125 0.524369534375
9 0.42483911093750004 0.30842634062499996 0.40014763750000004 0.2990643859375 0.395668809375 0.4117169703125 0.391189940625 0.49425448125000004 0.39958778906250003 0.5277156859375001 0.42198205624999996 0.5344079015625 0.43485877500000003 0.44740888593749994 0.42483911093750004 0.30842634062499996
15 0.36487669375 0.4217552953125 0.350880278125 0.48867762031249995 0.36375695625 0.5221388250000001 0.39007024375 0.504292846875 0.39678850625 0.43067830625000003 0.4023870734375 0.29237214843750003 0.3765434578125 0.29587053750000003 0.36487669375 0.4217552953125
15 0.316169140625 0.49648523281249995 0.347521146875 0.5065235984375 0.36487669375 0.43848587656250004 0.3788731109375 0.2856799546875 0.3450462921875 0.28191964375 0.330725446875 0.4228706921875 0.316169140625 0.49648523281249995
13 0.276452465625 0.29587053750000003 0.2540250609375 0.29237214843750003 0.2366695125 0.402794003125 0.236109665625 0.45075499375000005 0.2624229109375 0.4819854046875 0.290975590625 0.46971632812499997 0.2898558953125 0.3949863890625 0.276452465625 0.29587053750000003
3 0.49812255156249996 0.5344079015625 0.5339533859375 0.5399847624999999 0.5373125171875001 0.4897930171875 0.5417913875 0.331410171875 0.5088315515625 0.33074776875 0.50316126875 0.42956290781249995 0.49812255156249996 0.5344079015625
3 0.549069540625 0.34367924843750003 0.5417913875 0.436255165625 0.5378724078125 0.5344079015625 0.5664250875 0.5433309546875 0.5703440671875 0.47417779062500004 0.5753255671875 0.36004464375 0.549069540625 0.34367924843750003
1 0.604022984375 0.34469866250000003 0.5804215046875 0.335871678125 0.5776222203125 0.42510144375000003 0.5697842625 0.5087543515624999 0.5876996578125 0.547792375 0.6028157703125 0.524369534375 0.6050551625 0.45521645624999996 0.604022984375 0.34469866250000003
7 0.60449535625 0.35148686093750003 0.6011361828124999 0.5109850609375 0.62968890625 0.5366386546874999 0.6386465609374999 0.518792675 0.635847278125 0.47306243593749997 0.6397197718750001 0.35864955468750004 0.60449535625 0.35148686093750003
7 0.6268896234375 0.35037150625 0.6347275812500001 0.45298574687500004 0.6386465609374999 0.5154465671875 0.6660795875 0.5210235125 0.6750372437500001 0.48310075937499997 0.6523186375 0.35446428750000003 0.6268896234375 0.35037150625
5 0.7412106374999999 0.3070312515625 0.711427925 0.293487525 0.7041498578125001 0.4228706921875 0.713667403125 0.48310075937499997 0.743899628125 0.47306243593749997 0.7584559343749999 0.43290901562500006 0.7494981953125001 0.3938709921875 0.7412106374999999 0.3070312515625
5 0.78670654375 0.3070312515625 0.752297478125 0.3113334625 0.75285736875 0.3782558078125 0.7556566515625 0.45298574687500004 0.7735720484375 0.46971632812499997 0.8082831421875 0.4206399390625 0.7942867265625 0.3782558078125 0.78670654375 0.3070312515625
10 0.44829534375 0.637385753125 0.444376321875 0.712115778125 0.47292900156249995 0.7076541875 0.4712494578125 0.6329242921875 0.47404874062499996 0.562655815625 0.4415770375 0.5604251062500001 0.4423375359375 0.5609375015625 0.44829534375 0.637385753125
10 0.49196413593750005 0.6920390046875 0.499032434375 0.5539620546874999 0.47180930625000006 0.5559636 0.4684501734375 0.6998466171875 0.49196413593750005 0.6920390046875
8 0.41694333749999996 0.5927708703125 0.400707528125 0.7098849406250001 0.4119046609375 0.745576940625 0.444376321875 0.73219238125 0.44325662499999996 0.6407318625 0.43485877500000003 0.5503867390625 0.4297386703125 0.5539620546874999 0.41694333749999996 0.5927708703125
14 0.4029469203125 0.549271384375 0.38984226093749996 0.55535714375 0.37831326249999997 0.5771556859375 0.38167239375 0.634039646875 0.36711612968749996 0.7165771984375 0.382792090625 0.7310770265625 0.3917497875 0.7176926390625 0.4079856390625 0.617309065625 0.4203025109375 0.5726941812499999 0.4029469203125 0.549271384375
14 0.34854597656249997 0.542801340625 0.34528171093750004 0.6095014515625 0.33856340625 0.7288463593750001 0.3419225796875 0.7478076078125 0.36375695625 0.7255001671875 0.3760738265625 0.6217705703124999 0.3917497875 0.5615404609375 0.376633675 0.5347715140625 0.34854597656249997 0.542801340625
12 0.31336985781250004 0.5593097078125 0.31281000937500003 0.52138708125 0.260183475 0.4823490578125 0.2204575046875 0.6181361625 0.2534652125 0.6686162078125 0.31336985781250004 0.5593097078125
12 0.1638881484375 0.5849632578125 0.20867668125 0.637385753125 0.242827928125 0.5459252343750001 0.2540250609375 0.4845797703125 0.19188098125 0.43996490625 0.1735617265625 0.5567522328125001 0.1638881484375 0.5849632578125
2 0.5255555359375 0.712115778125 0.5228302921875 0.5609375015625 0.4998021375 0.5604251062500001 0.49700285468749994 0.70653891875 0.5255555359375 0.712115778125
2 0.5261153828125 0.6474241203125 0.5361928203125 0.73219238125 0.5630659140625001 0.73219238125 0.5473280875000001 0.577678571875 0.517717534375 0.562655815625 0.5261153828125 0.6474241203125
0 0.5816250000000001 0.577678571875 0.5535483671875 0.5782710421874999 0.54850965 0.62734743125 0.5714637640625 0.7076541875 0.5876996578125 0.7946532453125 0.6112136203125 0.7712304046875 0.592178528125 0.693154359375 0.5816250000000001 0.577678571875
6 0.6028157703125 0.5570789546875 0.5816250000000001 0.5930245546874999 0.5804215046875 0.6217705703124999 0.5927383328125 0.6775391749999999 0.612333315625 0.764538190625 0.6313684937499999 0.7466922109375 0.6184917734375001 0.6474241203125 0.6112136203125 0.59054011875 0.6028157703125 0.5570789546875
6 0.65824154375 0.6329242921875 0.64321945625 0.5693080375 0.6173720765625 0.5682326765625 0.6100939234375 0.6072707 0.6324881890625 0.6463087234375 0.6509634765625 0.752269071875 0.667199284375 0.7779226640625 0.6716781546874999 0.7511538015625 0.65824154375 0.6329242921875
4 0.676157025 0.515810221875 0.6649598921875 0.5548482453125 0.6470444109375 0.5347715140625 0.6383198984375 0.5567522328125001 0.6699985671875 0.66750089375 0.7024702703125 0.7377692437500001 0.728223625 0.693154359375 0.7013505734375001 0.5916555156250001 0.6963118125000001 0.524733190625 0.6851146796875 0.5347715140625 0.676157025 0.515810221875
4 0.7007906828125 0.5738095359375001 0.728223625 0.6574624859375 0.7618150234375001 0.688692896875 0.7825297875 0.66750089375 0.7562164578125 0.579386396875 0.7455792156250001 0.495733490625 0.700614290625 0.5274553578125001 0.7007906828125 0.5738095359375001
4 0.8026845765624999 0.4767721984375 0.7559093140625001 0.4828125015625 0.7500580859375 0.515810221875 0.760695328125 0.5570789546875 0.768533371875 0.6150783125 0.7948466171875 0.6306935390625 0.8144416 0.6150783125 0.8144416 0.58161715 0.8026845765624999 0.4767721984375