11 0.4817817375 0.42361441875 0.468065259375 0.5797665125 0.47263745156250003 0.6396247953125 0.5098678984375 0.64613113125 0.5124805734375 0.5784652140625 0.5146876890625001 0.423567709375 0.4817817375 0.42361441875
11 0.4321411234375 0.6109969015625001 0.468065259375 0.6344197546875 0.46937162031249996 0.5628500453124999 0.4837412546875 0.4379283421875 0.4526266078125 0.443098959375 0.439325940625 0.5615487484374999 0.4321411234375 0.6109969015625001
9 0.40078918124999996 0.5862728500000001 0.4073208421875 0.6109969015625001 0.4334474859375 0.584971553125 0.45434878124999994 0.45614610468750005 0.41179695 0.45123698125 0.400135975 0.53812604375 0.40078918124999996 0.5862728500000001
15 0.3981765078125 0.5745614234375 0.41319929687499996 0.45224231406250004 0.3775000359375 0.457747396875 0.364865046875 0.558946203125 0.3831536671875 0.5875740984375 0.3981765078125 0.5745614234375
15 0.3459232203125 0.5628500453124999 0.364865046875 0.5576450562499999 0.3811941984375 0.5355234 0.3851131859375 0.45614610468750005 0.34075334375 0.46588541875 0.3348193671875 0.5355234 0.3459232203125 0.5628500453124999
13 0.325021875 0.3741662671875 0.28685819375 0.37799479375 0.28387244218749996 0.44443467812500004 0.2668901328125 0.5160043875 0.28517875312499996 0.5550424109375001 0.29432308906250004 0.5407284890625 0.31130539687500003 0.5667538375000001 0.339391559375 0.5563437078125 0.3348193671875 0.445735975 0.325021875 0.3741662671875
13 0.2721154328125 0.5160043875 0.2708091203125 0.44703722343749996 0.27787566875 0.3519531265625 0.2799534546875 0.3312244015625 0.2433761140625 0.319513025 0.2283533234375 0.43012075625 0.21529000156250003 0.45874865 0.21006465312499997 0.5081968031249999 0.2486014625 0.5342221515625 0.2721154328125 0.5160043875
13 0.183284853125 0.3832750984375 0.1525860421875 0.4379283421875 0.17544688125000002 0.514703140625 0.21398364062500003 0.49388283125 0.21398364062500003 0.4405308859375 0.2296596359375 0.3117053890625 0.18968360625 0.29498698125 0.183284853125 0.3832750984375
3 0.555517346875 0.45123698125 0.5252598578125001 0.445735975 0.520034559375 0.5472348265625 0.5089307062499999 0.5797665125 0.5108902234375 0.6409260921875 0.5533460203125 0.6344197546875 0.55857131875 0.594080434375 0.555517346875 0.45123698125
3 0.55726500625 0.4678574828125 0.5546523328124999 0.5823690578125 0.5605308375 0.6357211015625001 0.5886169984375 0.6227084281249999 0.58796379375 0.5797665125 0.5906308546875 0.47565104375 0.55726500625 0.4678574828125
1 0.620622096875 0.5758627203125 0.620622096875 0.536824696875 0.6224779875 0.45611979375 0.593842296875 0.46915877968749997 0.595148659375 0.5472348265625 0.586004325 0.5706577296875001 0.5918828296875 0.6292147640625 0.6127841234375 0.6266121203125 0.623887928125 0.609695753125 0.620622096875 0.5758627203125
7 0.6494255625 0.457747396875 0.619315784375 0.45484480937500005 0.619968940625 0.5042930109375 0.621275303125 0.594080434375 0.645442428125 0.61490074375 0.66177158125 0.577164065625 0.650014571875 0.5094980515625 0.6494255625 0.457747396875
7 0.7257818781250001 0.463953690625 0.7270019140625 0.394270834375 0.6957361984375 0.3819738515625 0.6911640546875 0.471761325 0.6794070453125001 0.53161970625 0.6892045375 0.5680550859375 0.722516046875 0.5602475015625 0.7421110296875 0.52511336875 0.7257818781250001 0.463953690625
5 0.7669313109375 0.43142200312499995 0.7621154203125 0.34381510625 0.7290477078125 0.35985229531249996 0.7349261625 0.4652549875 0.7355793687500001 0.52511336875 0.751255315625 0.5472348265625 0.7806477890625 0.522510725 0.7786883203125 0.4769663640625 0.7669313109375 0.43142200312499995
5 0.803761671875 0.33404948125 0.772809815625 0.344237075 0.7760756468750001 0.46004989687500003 0.7786883203125 0.5016904656250001 0.800242771875 0.52511336875 0.8263694156250001 0.47436381875 0.8080807953125 0.42101187500000004 0.803761671875 0.33404948125
10 0.4793525625 0.682497284375 0.4884968984375 0.7501632265625 0.4982943890625 0.832143065625 0.5250741890625 0.8334443125 0.5120108671875 0.7410543453125 0.5081549437499999 0.6563151046875 0.4793525625 0.682497284375
10 0.493722246875 0.8230341828125001 0.49045641562500003 0.6564719359375 0.4550763875 0.653059896875 0.45649175 0.7072213859375001 0.46106394218749996 0.8269379750000001 0.493722246875 0.8230341828125001
8 0.41142332968749995 0.819130390625 0.46237025468750004 0.832143065625 0.45583859374999997 0.6460618546875 0.4368967671875 0.6148313921875 0.42894540625 0.633528646875 0.417954990625 0.6655808671875 0.41142332968749995 0.819130390625
14 0.37941818125000004 0.8204316390624999 0.40423846250000006 0.81132275625 0.41730178437500004 0.7059201125000001 0.43297777968749995 0.6590745296875 0.3905655265625 0.6221354171875 0.3833371671875 0.6642795453125 0.37941818125000004 0.8204316390624999
14 0.3291243625 0.7944062890625 0.3611295109375 0.82433543125 0.37615235 0.704618890625 0.39574733281249996 0.623940275 0.344836309375 0.604231771875 0.3461067203125 0.6994137765625 0.3291243625 0.7944062890625
12 0.3441472015625 0.6811960375 0.3598231984375 0.6200365062500001 0.289281240625 0.5705883046875 0.25092809374999997 0.731184896875 0.2971192640625 0.78920125 0.3441472015625 0.6811960375
12 0.214167140625 0.5354541234375 0.18805042031250002 0.6839843765625 0.24813178281249998 0.7358492546875001 0.2860154109375 0.5783959140625 0.214167140625 0.5354541234375
2 0.50322919375 0.6746897 0.520211503125 0.776188575 0.543072315625 0.832143065625 0.55417616875 0.81782909375 0.5358874984375 0.7319454624999999 0.5277531796875 0.653059896875 0.50322919375 0.6746897
2 0.5254368515625 0.6642795453125 0.543072315625 0.74756068125 0.5528698078125001 0.8594696609374999 0.5776901390625 0.8659759984375001 0.5685458031249999 0.7709834859375 0.5628666859375 0.6465494796875 0.5254368515625 0.6642795453125
0 0.5906308546875 0.657942709375 0.5731179953125001 0.6473630781249999 0.5567888437499999 0.6785935421875 0.5770369828125 0.7865987046875 0.5985914328125 0.8581684140625001 0.6142674296874999 0.8464569875000001 0.5985914328125 0.7137276984375001 0.5906308546875 0.657942709375
6 0.627377546875 0.6449218765625 0.6031636265625 0.653869415625 0.592059771875 0.682497284375 0.6096952875 0.776188575 0.6325561000000001 0.832143065625 0.643659903125 0.8139253015625 0.6305965812500001 0.7267403734375 0.627377546875 0.6449218765625
6 0.6584080875 0.6319010421875 0.6253712828125 0.6226390015625001 0.6266775953125 0.6746897 0.6501915640625 0.7605733546875 0.6658675609375 0.8217329359375001 0.6795840390625 0.8061177171875 0.6652144046874999 0.6877023734375001 0.6584080875 0.6319010421875
4 0.7123032375 0.5928385421875 0.6645612484375001 0.60832505625 0.6580295875 0.6564719359375 0.6808904 0.7137276984375001 0.6998321765625 0.8061177171875 0.7377158296874999 0.7865987046875 0.7226929906249999 0.6798947640625 0.7123032375 0.5928385421875
4 0.7661983859375 0.560286459375 0.7305310140625 0.5653832390625 0.7155081734375 0.6135301703125 0.7279183390624999 0.6603757531250001 0.7599234874999999 0.776188575 0.797153934375 0.7410543453125 0.774293121875 0.6473630781249999 0.7661983859375 0.560286459375
4 0.7893159609375 0.52504394375 0.7638424734375 0.6213377296875 0.8187084359375 0.69681123125 0.8494072218750001 0.6421580140625001 0.8252400968750001 0.5666844875 0.8070280453124999 0.5147135421875 0.7893159609375 0.52504394375