8 0.41581793593749994 0.7996807296874999 0.45566105781250005 0.7931743921875001 0.45631426406250003 0.7046881671875 0.45174207187500004 0.552439915625 0.432211778125 0.5488932296875 0.4203901296875 0.650034925 0.41581793593749994 0.7996807296874999
10 0.47982823281250003 0.750232528125 0.477215559375 0.5329209046875001 0.4460938625 0.5342447921875 0.4543547453125 0.6201057828125001 0.45696742031250004 0.752835121875 0.47982823281250003 0.750232528125
10 0.4791750765625 0.52511336875 0.476562403125 0.644829884375 0.475256040625 0.752835121875 0.49027888124999996 0.7476300328125001 0.49550422968749996 0.6630475984374999 0.49998901250000005 0.540755209375 0.4791750765625 0.52511336875
14 0.374015296875 0.7137971484375 0.3831596328125 0.7632452015625 0.4079799640625 0.7333161109375 0.43410660781250004 0.5498373703125 0.406080796875 0.5326171890625 0.3936102796875 0.6162020906250001 0.374015296875 0.7137971484375
14 0.3652511390625 0.5179687515625 0.35899250625 0.624009575 0.3387443671875 0.7619439546875 0.34527602812499997 0.7957768875 0.35899250625 0.7931743921875001 0.3687899984375 0.7124958015625 0.3949166421875 0.60188806875 0.398835628125 0.5264145671875 0.3652511390625 0.5179687515625
12 0.3034733890625 0.6422274390625 0.2845315625 0.724207178125 0.3191493859375 0.7554376171875 0.347888653125 0.6864704515625 0.3648710109375 0.584971553125 0.36683047968750004 0.5342221515625 0.317888734375 0.5244791671875 0.3034733890625 0.6422274390625
12 0.2636302671875 0.5042930109375 0.2544859328125 0.6227084281249999 0.25383277656250003 0.721604684375 0.2760403828125 0.7255084265625 0.3047797015625 0.6253108734375 0.31462236250000003 0.5147135421875 0.2636302671875 0.5042930109375
12 0.2525264140625 0.63702225 0.2668960984375 0.5797665125 0.2361972625 0.5016904656250001 0.193766571875 0.5667968765625 0.20745794375 0.6578425578125 0.2525264140625 0.63702225
2 0.5182330562499999 0.53161970625 0.5130077078124999 0.6188045359375 0.49798491718750004 0.7710527875000001 0.5077824078125001 0.77365538125 0.526724184375 0.6526374703125 0.548984603125 0.5521484390625 0.5182330562499999 0.53161970625
2 0.51431406875 0.539427240625 0.49929122968749995 0.53161970625 0.4921064125 0.7411236953125 0.4960253984375 0.7658477953125 0.5103950328125 0.664348896875 0.516320875 0.545638021875 0.51431406875 0.539427240625
0 0.56205009375 0.574934896875 0.55188169375 0.5576450562499999 0.5335930234374999 0.6070931078124999 0.5329398671875001 0.708591959375 0.5303271921875 0.7762578765625 0.5584133546875 0.772354134375 0.5695171578125 0.6760602734375001 0.56205009375 0.574934896875
6 0.5727829875 0.5459335796875 0.56041690625 0.574934896875 0.5544943171875001 0.5979842265624999 0.5655981718749999 0.6435285875 0.5708234703125 0.7775591234375 0.5962969578124999 0.7788604703125 0.5969501140625 0.6227084281249999 0.5910716578125 0.5680550859375 0.5727829875 0.5459335796875
6 0.6159452421875 0.5635416671875 0.5753956625 0.5472348265625 0.5688640015625 0.59538173125 0.588458984375 0.6175032375 0.6191577703125 0.7788604703125 0.6341806109375 0.750232528125 0.613932471875 0.6357211015625001 0.6159452421875 0.5635416671875
4 0.671473578125 0.5391276046875 0.6080539671875 0.53161970625 0.6087071234375 0.5797665125 0.625036275 0.660445103125 0.6459375703125 0.7775591234375 0.6975377015625 0.72941226875 0.6714110578125 0.6292147640625 0.671473578125 0.5391276046875
4 0.7270019140625 0.5326171890625 0.6733705765625 0.530318359375 0.6687983828124999 0.5732601749999999 0.690352884375 0.6539387671875 0.7243175015625 0.7476300328125001 0.7471783140625 0.724207178125 0.738687184375 0.6305159125 0.7270019140625 0.5326171890625
4 0.7955957406249999 0.5082031265625 0.80139111875 0.5029917140625 0.7217048765625 0.5173056859375 0.7308491625 0.571958878125 0.7497909890625001 0.6682527875 0.78114298125 0.7177008421875 0.8111886109374999 0.67866281875 0.7955957406249999 0.5082031265625
11 0.43901538437500004 0.4899790390625 0.463182509375 0.49518412968750003 0.4729800015625 0.471761325 0.46644834062499996 0.3038978046875 0.442010896875 0.306380209375 0.440321696875 0.45094101562500005 0.43901538437500004 0.4899790390625
11 0.50171931875 0.4769663640625 0.5008056046875 0.30963541875 0.4690610140625 0.3117053890625 0.4703673265625 0.4847739984375 0.50171931875 0.4769663640625
15 0.34626576875000004 0.48737649375 0.37696460625 0.49388283125 0.386108940625 0.45874865 0.37696460625 0.31560923125 0.34810268125 0.311263021875 0.34626576875000004 0.45094101562500005 0.34626576875000004 0.48737649375
15 0.40243809375 0.4899790390625 0.4070102359375 0.29348765 0.3775000359375 0.29498698125 0.37435193125 0.45744735312499996 0.384802578125 0.4990879203125 0.40243809375 0.4899790390625
9 0.413541896875 0.514703140625 0.43183056718749996 0.5055942578125 0.440974853125 0.473062571875 0.43379003593750004 0.2830775703125 0.40771398281250004 0.2835937515625 0.40309124843750005 0.48737649375 0.413541896875 0.514703140625
15 0.295972 0.4027941109375 0.29401248281250003 0.47046002812500004 0.3318961359375 0.49518412968750003 0.3482252875 0.47046002812500004 0.335815121875 0.3689611765625 0.312954309375 0.2869813140625 0.2901245671875 0.30475260625 0.295972 0.4027941109375
13 0.2685390453125 0.48607524687500003 0.2927061703125 0.4678574828125 0.28878718281250004 0.3741662671875 0.28356183437500004 0.2830775703125 0.256644246875 0.301497396875 0.25547572343749997 0.45224231406250004 0.2685390453125 0.48607524687500003
13 0.2231639265625 0.2884765640625 0.233268040625 0.47436381875 0.24437186875 0.48607524687500003 0.2489440375 0.301295259375 0.2231639265625 0.2884765640625
3 0.50041300625 0.48607524687500003 0.5474409453125 0.5094980515625 0.5559321234375 0.47046002812500004 0.547351415625 0.330794271875 0.5062914625 0.32211556875 0.50041300625 0.48607524687500003
3 0.5611574234375001 0.3260193609375 0.5565852812500001 0.5016904656250001 0.5742207453125 0.5329209046875001 0.5879372234375 0.5003891687500001 0.5885904296875 0.44443467812500004 0.592264040625 0.3275390640625 0.5611574234375001 0.3260193609375
1 0.5846713921875 0.5173056859375 0.617329696875 0.5186069328125 0.616676540625 0.47436381875 0.6167618359375 0.3275390640625 0.594468884375 0.32862190625 0.5846713921875 0.5173056859375
7 0.614717071875 0.3273206078125 0.5996942328125 0.49518412968750003 0.62843355 0.5212094781250001 0.6506412078125 0.5042930109375 0.646069015625 0.473062571875 0.6477923765625 0.3470703140625 0.614717071875 0.3273206078125
5 0.6937501593750001 0.45484480937500005 0.6951547796875001 0.355208334375 0.644762703125 0.3416345796875 0.6428031843750001 0.4483384703125 0.6937501593750001 0.45484480937500005
5 0.695056471875 0.44963976875 0.7126919359375 0.5016904656250001 0.7414313031249999 0.488677790625 0.737617625 0.33893229375 0.708773 0.319513025 0.695056471875 0.44963976875
5 0.7394717859375 0.47566511718750004 0.7479629640625001 0.5003891687500001 0.7825807874999999 0.48217145468749995 0.7751809109375001 0.335677084375 0.75710725 0.33512824375 0.7394717859375 0.47566511718750004