11 0.4989274453125 0.3844238296875 0.49666169531250004 0.361803953125 0.47412747343749995 0.36765964218749997 0.4721679671875 0.5023408515625001 0.4716781 0.5706573921875 0.48588443281249993 0.5716334015625 0.49666169531250004 0.55113838125 0.4989274453125 0.3844238296875
11 0.4452248671875 0.51014845 0.4466944671875 0.5599219140625 0.4653097171875 0.5765131546875 0.472657834375 0.5608978875 0.472657834375 0.460374946875 0.47363756874999996 0.3764432125 0.45115674375000003 0.3746582046875 0.4452248671875 0.51014845
9 0.4197513671875 0.48379777500000004 0.4197513671875 0.542354884375 0.4408159875 0.561873896875 0.447184371875 0.5072206046875001 0.4496337453125 0.40962554687499997 0.4486539734375 0.34130902500000004 0.4199220546875 0.3355957046875 0.4197513671875 0.48379777500000004
15 0.41730199375000004 0.3539963546875 0.3831753625 0.3600097671875 0.37958166718749997 0.437928090625 0.3722335484375 0.5247877078125 0.3825209078125 0.5599219140625 0.39574754218749997 0.5277156265625 0.4084842734375 0.55699414375 0.425629884375 0.5355231500000001 0.418281765625 0.45354332187499996 0.41730199375000004 0.3539963546875
15 0.3634157921875 0.42133692343750007 0.3556153421875 0.3319335953125 0.3124688671875 0.309102625 0.3203068515625 0.3959622234375 0.318347346875 0.470134453125 0.3296144765625 0.509172475 0.3624360578125 0.4964851265625 0.3761525609375 0.45256735 0.3634157921875 0.42133692343750007
13 0.286995365625 0.3686356140625 0.27523836875 0.44085593593750005 0.2958131234375 0.485749684375 0.3158979734375 0.475990178125 0.3222663578125 0.4389040640625 0.3119789625 0.31983806718749996 0.2772223984375 0.3099609390625 0.286995365625 0.3686356140625
3 0.5324225171875 0.37768227187500003 0.5040098140625 0.37182660312500004 0.5059693203125 0.49382040624999995 0.5005806703125 0.5728724625 0.530952915625 0.577752215625 0.5307745781250001 0.3819824234375 0.5324225171875 0.37768227187500003
3 0.5240946640625 0.3893936859375 0.5196857859375 0.5474976890625001 0.5285035437500001 0.587511721875 0.5495681265625 0.5728724625 0.552997271875 0.5221229515625 0.5552723734375 0.3954101578125 0.5240946640625 0.3893936859375
1 0.5705834953125 0.3661132828125 0.5569162828125 0.495772278125 0.5441795140625 0.5289546125 0.5549567390625 0.533834365625 0.5588757515625 0.5709204812500001 0.5833694796875 0.5806799859375 0.5843492140625 0.4869887453125 0.5867985874999999 0.3659708578125 0.5705834953125 0.3661132828125
7 0.581899840625 0.55725719375 0.5912075031249999 0.567992709375 0.6083531125 0.5660407281250001 0.6044341015625 0.47137351406250005 0.6060795875 0.3869634328125 0.5823897453125 0.3806101171875 0.57210235 0.53871411875 0.581899840625 0.55725719375
7 0.6313772015625 0.45966213749999996 0.6397897671874999 0.3709960953125 0.6171708687499999 0.3728025203125 0.605413834375 0.49382040624999995 0.6073733781249999 0.539690053125 0.6176607 0.5533534515625 0.63039746875 0.539690053125 0.62647845625 0.5182191703125001 0.6313772015625 0.45966213749999996
5 0.674699125 0.3685546890625 0.6397050546874999 0.3532835078125 0.62647845625 0.52017104375 0.6387253203125 0.5543293499999999 0.6597899421875 0.5504255328125 0.673016540625 0.5318824578125 0.66811779375 0.452830475 0.674699125 0.3685546890625
5 0.7038786531250001 0.4206241140625 0.706546259375 0.3465820328125 0.6754659125 0.34547589218749997 0.6749760078125 0.41769623125 0.6661583265625 0.46161400781250006 0.671057071875 0.511387509375 0.69212161875 0.5279786765625001 0.7151457828125001 0.48796468125 0.7038786531250001 0.4206241140625
5 0.737168503125 0.3294921890625 0.7043684828125001 0.342548084375 0.70828749375 0.438191215625 0.711226771875 0.48406089999999996 0.731311584375 0.486012771875 0.751886375 0.45185450156250007 0.7362103296875 0.39329746718749997 0.737168503125 0.3294921890625
10 0.4408159875 0.7514713375000001 0.46286034374999996 0.7602549078124999 0.467269221875 0.708529496875 0.46971859531250004 0.5992230609375 0.449319409375 0.6017089859375 0.445714734375 0.6685155375 0.4408159875 0.7514713375000001
10 0.46824895624999996 0.6109344765625 0.4657995828125 0.70364974375 0.46873882343749995 0.7573270265625001 0.48833380625 0.76123084375 0.487354071875 0.660708015625 0.4848412125 0.5992675796875 0.46824895624999996 0.6109344765625
8 0.43346786875000004 0.5758002328125 0.429108728125 0.5711914078125 0.4187716328125 0.5953192453125 0.42171087187499995 0.6363092515625 0.41191338125000004 0.6821788609375 0.40750450312500003 0.794413178125 0.429058990625 0.8051486203125 0.4408159875 0.70364974375 0.4496337453125 0.61483825625 0.43346786875000004 0.5758002328125
14 0.389869025 0.5943433078125 0.3892998109375 0.5968261734375 0.38497027968749997 0.680227028125 0.3737031875 0.7446397140625 0.39917665 0.7768460375 0.41093364687499995 0.6743712640624999 0.42660961875 0.6060547234375 0.412893153125 0.597271228125 0.40260575625 0.58263196875 0.389869025 0.5943433078125
12 0.24143705468749999 0.654852253125 0.2850358609375 0.5806799859375 0.3051207484375 0.533834365625 0.2576028921875 0.48210899218750003 0.239967415625 0.546521715625 0.21965257968750002 0.5565429703125 0.24143705468749999 0.654852253125
12 0.3389220625 0.5611609750000001 0.30267137499999996 0.52602676875 0.2796472484375 0.5904394921875 0.24094715 0.657780096875 0.28518418125 0.7127929703125 0.3266751984375 0.6314294984375 0.3389220625 0.5611609750000001
2 0.48554601875000003 0.5992230609375 0.4860358859375 0.67241935625 0.48407637968749995 0.7592789734375 0.514448625 0.7631827890625 0.510039746875 0.6812028890625 0.503827003125 0.6053710953125 0.48554601875000003 0.5992230609375
2 0.5149384921875 0.76123084375 0.53649298125 0.7651346609375 0.5330638359375001 0.6909623953125 0.5283247984375 0.6102539078125 0.5051410015625 0.6060547234375 0.5149384921875 0.76123084375
0 0.5595594875 0.6102539078125 0.5595170703125001 0.6070307328125 0.52571571875 0.597271228125 0.542861328125 0.7329282625 0.548249978125 0.7905093609375 0.5707842000000001 0.7905093609375 0.56735505625 0.7348802078125 0.5595594875 0.6102539078125
6 0.6364274 0.660708015625 0.622028865625 0.5858398453125 0.593808290625 0.591415465625 0.5815614265625 0.6216699921875 0.6040956484375 0.6646117593749999 0.6217311624999999 0.7329282625 0.6413261453125 0.7622067796875001 0.655532478125 0.7436637765625 0.6364274 0.660708015625
4 0.7515478859375 0.5640888546875 0.7241149171875 0.5133394171875 0.6878642296875 0.5611609750000001 0.6917832046875 0.597271228125 0.735871915625 0.6489965265625 0.762815015625 0.683154796875 0.777589865625 0.5870605484375 0.7515478859375 0.5640888546875
4 0.6653299703125 0.5640888562499999 0.6483639953125 0.5907226578125 0.648184359375 0.6333813328125 0.6844350859375 0.6841307703124999 0.723135184375 0.730976390625 0.7471390453125 0.6646117578124999 0.711868053125 0.6109344765625 0.6844350859375 0.5631129578125 0.6653299703125 0.5640888562499999