15 0.3324925296875 0.5745619234375 0.3628647375 0.5726100515625 0.35600644843749996 0.492582059375 0.38637873125 0.361804740625 0.3539004859375 0.3529296890625 0.3148570140625 0.5199087062500001 0.3324925296875 0.5745619234375
9 0.36874321718749997 0.5843214296875 0.398135690625 0.5999366234375 0.4079331828125 0.5472353515624999 0.4098926515625 0.355948978125 0.37839828125 0.3602539078125 0.3628647375 0.5355239 0.36874321718749997 0.5843214296875
11 0.44516367968750004 0.5472353515624999 0.4539813625 0.330574278125 0.41881964375 0.3407226578125 0.4069534484375 0.5921290640625 0.4353661875 0.5999366234375 0.44516367968750004 0.5472353515624999
11 0.48729284687499996 0.594080934375 0.48618857968749996 0.3822265640625 0.4588801078125 0.355948978125 0.4353661875 0.6077444078124999 0.48729284687499996 0.594080934375
15 0.2786587625 0.4117169703125 0.2624229109375 0.4797546515625 0.2803383484375 0.519908071875 0.31281000937500003 0.5210235125 0.32344729375000003 0.4897930171875 0.32120785937499996 0.3537176140625 0.27995215 0.3363281265625 0.2786587625 0.4117169703125
3 0.48946129843749997 0.5886135765625 0.5269716765625 0.5986519421875001 0.5286512640625001 0.540652584375 0.5219329593750001 0.3778082984375 0.49973237031249995 0.3851562515625 0.4945000171875 0.507191421875 0.48946129843749997 0.5886135765625
3 0.5410286531249999 0.39073660781249997 0.5213731109374999 0.38896201874999997 0.526411828125 0.511652928125 0.5308906984374999 0.5808059625 0.5544046609375 0.583036715625 0.5622426625 0.5484601984374999 0.55048568125 0.48934550625 0.5410286531249999 0.39073660781249997
1 0.583024875 0.362834821875 0.560003228125 0.361077715625 0.5560842484374999 0.53061421875 0.5622426625 0.55961391875 0.5835171906250001 0.5718829953125 0.5969537578125 0.532844971875 0.5835171906250001 0.463691915625 0.583024875 0.362834821875
7 0.6516187015625 0.35446428750000003 0.6260663296875 0.33319337031249996 0.6204677625 0.4748456359375 0.6215874593749999 0.53842183125 0.6344641796875 0.566306134375 0.6568584453125 0.5428833375 0.652939421875 0.43803834375 0.6516187015625 0.35446428750000003
7 0.6915151093749999 0.33772321562499996 0.6585379890625 0.3465778453125 0.656298553125 0.48711471250000005 0.66357675 0.5518063062499999 0.6960483671875 0.53842183125 0.7122842609375 0.509422175 0.6977279546874999 0.4268846234375 0.6915151093749999 0.33772321562499996
5 0.6971681484375 0.326501134375 0.7038864125 0.48153784999999993 0.7190025234374999 0.5161143906250001 0.7598720765625 0.47149950625 0.7408369 0.42576926718749997 0.73351133125 0.3265625015625 0.6971681484375 0.326501134375
10 0.453070615625 0.6173929859375 0.458109334375 0.704392 0.46090861875 0.7969679171874999 0.4810634484375 0.799198628125 0.48162329687499994 0.702161246875 0.4815340078125 0.6097656265625 0.453070615625 0.6173929859375
10 0.42059891406250005 0.834890628125 0.44691220156250006 0.8226214671875001 0.45251076875 0.71666111875 0.4547501609375 0.6173929859375 0.426238984375 0.6279017875 0.421718653125 0.7155457203125 0.42059891406250005 0.834890628125
8 0.3970849515625 0.8226214671875001 0.41388065156250003 0.8114677468749999 0.421718653125 0.73450705625 0.42731721875 0.621854490625 0.38774245 0.6292968765625 0.39428566875 0.73450705625 0.3970849515625 0.8226214671875001
12 0.2895924703125 0.7523529921875001 0.3315816984375 0.637469675 0.336620415625 0.5794703390625 0.2767157515625 0.5493553265625 0.271677053125 0.6274313515625 0.251254734375 0.6669642875 0.2895924703125 0.7523529921875001
2 0.4821831453125 0.6151622328124999 0.4827429921875 0.71666111875 0.4827429921875 0.7925064125 0.49505986562500004 0.7980832734375001 0.5028978671875 0.7635067125 0.50323205625 0.6181361625 0.4821831453125 0.6151622328124999
2 0.50737669375 0.6207390921875 0.5045774109375001 0.6820845578125 0.505137259375 0.7791219390624999 0.5213731109374999 0.77577583125 0.527531525 0.706622753125 0.5263299765625 0.6251116078125001 0.50737669375 0.6207390921875
0 0.52249285 0.614046878125 0.5320103953124999 0.6843153109375 0.536489265625 0.7925064125 0.5538448125000001 0.7902757453125 0.552725075 0.6932382796875001 0.55572733125 0.606975446875 0.52249285 0.614046878125
6 0.55888353125 0.7846987999999999 0.5807179062500001 0.7913910578125 0.58407708125 0.6932382796875001 0.5816250000000001 0.606975446875 0.5538448125000001 0.6151622328124999 0.55888353125 0.7846987999999999
6 0.581277796875 0.6452772875 0.5919150390625 0.6999305375 0.601432628125 0.8003140249999999 0.619907871875 0.818160046875 0.6176684796874999 0.7099688609375 0.6159219140625 0.620926340625 0.581277796875 0.6452772875
4 0.6171085890625 0.6620078687500001 0.6299853078125001 0.7266994421875 0.649580290625 0.71331496875 0.6362200875 0.5986049125 0.6154290437500001 0.614046878125 0.6171085890625 0.6620078687500001
4 0.6534992703125 0.7121996140625 0.677013275 0.7200072265624999 0.6949286703124999 0.6742769453124999 0.6733167484375 0.591629465625 0.6378233109375 0.61627763125 0.6534992703125 0.7121996140625
4 0.7066856953125 0.68319995625 0.74027709375 0.7512376359374999 0.7677100359375 0.6798538062499999 0.7314115203125 0.5567522328125001 0.673094296875 0.5995470703125 0.7066856953125 0.68319995625