11 0.49998901250000005 0.33404948125 0.46218675468750003 0.319513025 0.4563083 0.47436381875 0.45500193749999995 0.565452540625 0.466758946875 0.5732601749999999 0.5000704078125 0.558946203125 0.5000704078125 0.49128033593750003 0.49998901250000005 0.33404948125
11 0.4210373203125 0.463953690625 0.41254614062500006 0.5094980515625 0.4223436328125 0.5563437078125 0.45500193749999995 0.5550424109375001 0.45500193749999995 0.471761325 0.462839959375 0.32211556875 0.43057859218749994 0.325911459375 0.4210373203125 0.463953690625
9 0.41646512812500003 0.45094101562500005 0.40444761093750003 0.28033854375 0.37792836875 0.279173728125 0.37792836875 0.42621696406250004 0.3727030203125 0.530318359375 0.3838068234375 0.5550424109375001 0.4066676359375 0.552439915625 0.4229967890625 0.5042930109375 0.41646512812500003 0.45094101562500005
15 0.3465763765625 0.46004989687500003 0.338085196875 0.5160043875 0.3504953625 0.5511387171875 0.3700903453125 0.5264145671875 0.3831536671875 0.523812021875 0.38250051093750004 0.3117053890625 0.35055246093750003 0.29986979375 0.3465763765625 0.46004989687500003
15 0.313264915625 0.45614610468750005 0.29889523125 0.4990879203125 0.3060800984375 0.53812604375 0.3341662109375 0.536824696875 0.3472295328125 0.5042930109375 0.34200423281250003 0.2739686390625 0.3113559890625 0.291731771875 0.313264915625 0.45614610468750005
13 0.2544799671875 0.44703722343749996 0.24925461875 0.514703140625 0.27342179375 0.54463238125 0.3080395671875 0.5290170625 0.31065224062499996 0.44963976875 0.2969357640625 0.2843787921875 0.26889314375 0.29010416875 0.2544799671875 0.44703722343749996
13 0.255827653125 0.277083334375 0.2322723109375 0.2674623015625 0.21006465312499997 0.4040954078125 0.1943886578125 0.47566511718750004 0.23031279218749998 0.5212094781250001 0.2512141375 0.5055942578125 0.25382681093750004 0.4119029921875 0.255827653125 0.277083334375
13 0.17498492968749998 0.316145834375 0.1551986921875 0.3819738515625 0.14801387500000002 0.4275182125 0.17414051875 0.46265244218749996 0.19700133125 0.45484480937500005 0.21659631406250002 0.3819738515625 0.2316191546875 0.2960902453125 0.17675319375 0.30780159687499997 0.17498492968749998 0.316145834375
3 0.5438720984375001 0.45094101562500005 0.54326845 0.33404948125 0.54191263125 0.30780159687499997 0.502722665625 0.30650035 0.502069509375 0.46915877968749997 0.4974973171875 0.565452540625 0.514479625 0.571958878125 0.5451784609375 0.565452540625 0.5438720984375001 0.45094101562500005
3 0.54191263125 0.342935828125 0.54321894375 0.50689550625 0.5458316171875001 0.565452540625 0.582408909375 0.5550424109375001 0.5784899218749999 0.4483384703125 0.5726658046875001 0.325911459375 0.54191263125 0.342935828125
1 0.6098419140625 0.3910827328125 0.6134954625 0.301497396875 0.5876342578125 0.2973914671875 0.5850215828125 0.44703722343749996 0.5778367656250001 0.5055942578125 0.5882874124999999 0.54463238125 0.6189861999999999 0.54463238125 0.6235583921875001 0.4990879203125 0.6098419140625 0.3910827328125
7 0.6490318796875 0.43532579687500006 0.6461591906249999 0.311263021875 0.6176798875 0.298692740625 0.602657046875 0.48087015781250003 0.6176798875 0.5277158140625 0.6255178609375001 0.5173056859375 0.632049521875 0.5355234 0.6601356828125 0.522510725 0.6490318796875 0.43532579687500006
7 0.6810369781250001 0.463953690625 0.6788229171875 0.3177734390625 0.64576605 0.3182117265625 0.6522977109375 0.45614610468750005 0.6810369781250001 0.463953690625
5 0.7234927734375 0.4027941109375 0.7131198296875 0.3128906265625 0.679077509375 0.2999939875 0.683649653125 0.3741662671875 0.6810369781250001 0.471761325 0.6764648359375001 0.523812021875 0.7274118109375001 0.5329209046875001 0.7359029390625 0.49518412968750003 0.7234927734375 0.4027941109375
5 0.750683115625 0.29498698125 0.7163079578125 0.30650035 0.7293712796875 0.44703722343749996 0.734596628125 0.49518412968750003 0.757457440625 0.4990879203125 0.7907689015625 0.45094101562500005 0.7705207625 0.39889031875000003 0.750683115625 0.29498698125
5 0.7796650984375 0.44313343125 0.8031790671874999 0.45484480937500005 0.833877853125 0.3975890703125 0.8078446375 0.30963541875 0.7541916109375 0.3025965828125 0.7796650984375 0.44313343125
10 0.47855549062499997 0.757787334375 0.47712440312500004 0.5814453140625 0.4426313546875 0.5743085453125001 0.4491630171875 0.7603897796875 0.47855549062499997 0.757787334375
10 0.414246728125 0.5716796890625 0.403441390625 0.610744025 0.39364389843750003 0.7890176734375001 0.41454524375 0.82285070625 0.4315275515625 0.79812650625 0.44328456093749996 0.688820071875 0.44589718593749994 0.5834173796875 0.4308743953125 0.5638983671875 0.414246728125 0.5716796890625
8 0.3949502609375 0.5638983671875 0.3766834421875 0.5619140640625 0.36229193125000003 0.6042376875000001 0.36425145 0.7486783531250001 0.36751727968750003 0.78511383125 0.38515274375 0.7877163765625 0.3962565734375 0.7187493109374999 0.3969097296875 0.6302630359375 0.4093198953125 0.6042376875000001 0.3949502609375 0.5638983671875
14 0.3300968015625 0.6172503609375 0.3281373328125 0.7603897796875 0.3509981453125 0.761691028125 0.36210195 0.6797112875 0.36928676718750003 0.5834173796875 0.36798045468749996 0.5625971187500001 0.3342205984375 0.5537760421875 0.3300968015625 0.6172503609375
14 0.2745776828125 0.6523845921875 0.2530232328125 0.7564859890625 0.298091653125 0.805934140625 0.3255246578125 0.688820071875 0.323565140625 0.61334656875 0.3398942921875 0.561295871875 0.27787566875 0.555403646875 0.2745776828125 0.6523845921875
12 0.1909724296875 0.7369669765625 0.23277504375000002 0.7655948203125 0.272618215625 0.6380706218750001 0.2791498765625 0.548283196875 0.2236307328125 0.5170527593750001 0.2092818421875 0.6058593765625 0.1909724296875 0.7369669765625
12 0.21709907187500002 0.5847186765625 0.218405409375 0.5365717703125 0.1798686 0.45849572343749995 0.1129238484375 0.560286459375 0.1256558203125 0.656288384375 0.21709907187500002 0.5847186765625
2 0.47415275 0.6393719171875001 0.4780717359375 0.7564859890625 0.5061578984375 0.7551846906249999 0.5024387921875 0.5863281265625 0.47480590625 0.5808148828124999 0.47415275 0.6393719171875001
2 0.5009325484375 0.5873212203125 0.5068110546875 0.697928953125 0.510730040625 0.7603897796875 0.5322845421875 0.7551846906249999 0.532937696875 0.6940251109375 0.5318361453125 0.574934896875 0.5009325484375 0.5873212203125
0 0.5309781796874999 0.5704047046875 0.5342440093749999 0.6588909296875001 0.536856684375 0.7512809984375 0.5531858359374999 0.7551846906249999 0.564289640625 0.6940251109375 0.56041690625 0.5635416671875 0.5309781796874999 0.5704047046875
6 0.562983328125 0.5743085453125001 0.5649428453125 0.6823137328125 0.5688618328125 0.8033316953125 0.6021732937500001 0.8111391812500001 0.6002137750000001 0.675807396875 0.5996133796875001 0.560286459375 0.562983328125 0.5743085453125001
6 0.6315657671875 0.6771086453125 0.6339102921875 0.5619140640625 0.6315657671875 0.5456806515625 0.5949884765625 0.57560979375 0.6028264484375 0.6237567 0.59956061875 0.704435290625 0.6021732937500001 0.79162016875 0.6282999359375 0.7942227140625 0.6315657671875 0.6771086453125
6 0.665530384375 0.6640959703125 0.6747399515625 0.5863281265625 0.6681430578125 0.5417768609375 0.6322189234375 0.5560907828125 0.638750584375 0.6159490640625 0.6446290890624999 0.710941628125 0.6472417625 0.7968253578125 0.664224071875 0.777306346875 0.665530384375 0.6640959703125
4 0.7099456984375 0.6029363890625 0.740644484375 0.7057366359375 0.7687306453125 0.7590884828125 0.7883256281250001 0.7096403296875 0.7530546499999999 0.5287641859375001 0.7049538984375 0.5423828140625 0.7099456984375 0.6029363890625
4 0.8216370890625001 0.5469819 0.8111110109374999 0.46100260625 0.7530546499999999 0.5027388375 0.75109518125 0.5534882375 0.7687306453125 0.5743085453125001 0.7863661109375 0.6276604906250001 0.816411790625 0.6601922765625 0.8373130859375 0.6302630359375 0.8216370890625001 0.5469819