11 0.508428859375 0.3530203828125 0.468748990625 0.34618877656249997 0.4618907765625 0.48770159218750003 0.455032525 0.5813929078125 0.50401998125 0.5745611734375 0.5075016734375 0.3795410171875 0.508428859375 0.3530203828125
11 0.42172103906249997 0.4945332171875 0.4138830546875 0.5648016671875 0.44082615468749997 0.58920043125 0.46923889531249996 0.56675365 0.45307301874999995 0.4906294375 0.4618907765625 0.3374051890625 0.42482161406249996 0.3392578140625 0.42172103906249997 0.4945332171875
9 0.37665259375 0.5628497578125 0.415842559375 0.55699414375 0.421231171875 0.47891802187500004 0.40555520156249997 0.326669765625 0.3739886890625 0.3258300796875 0.37322345 0.44280784375 0.37665259375 0.5628497578125
15 0.3519406734375 0.3648925796875 0.323256259375 0.3588761078125 0.310519528125 0.46818258124999995 0.30023215 0.552114390625 0.3261954984375 0.5530902515625 0.34823985468749996 0.5296674609375 0.3462803484375 0.47501420625 0.3519406734375 0.3648925796875
15 0.2835764078125 0.44671166093750003 0.27477261875000003 0.3697753921875 0.27328905 0.3481406484375 0.235568703125 0.34618877656249997 0.24144720312499998 0.44475975312499993 0.23213957812500002 0.5189320203125 0.2727991828125 0.536499121875 0.29876253125 0.514052228125 0.2835764078125 0.44671166093750003
3 0.5496943640625 0.482087575 0.5564972640625 0.3502441421875 0.51393354375 0.34252666718749997 0.5090347984375 0.44597739687500004 0.504136053125 0.5543078953125 0.506585425 0.588466165625 0.551164003125 0.5874903046875 0.5516538703125 0.5543078953125 0.5496943640625 0.482087575
3 0.5956937359375 0.3465820328125 0.5609614953125 0.3522861546875 0.5521437375 0.5201496624999999 0.551164003125 0.588466165625 0.57957674375 0.588466165625 0.5883944999999999 0.5708990640625 0.5869248625 0.47525591250000004 0.5956937359375 0.3465820328125
1 0.625703534375 0.3209472671875 0.5981919921875 0.3239835734375 0.5854552234375 0.5250294156249999 0.593293246875 0.5748028796875 0.606029940625 0.5913940484375 0.6319933062499999 0.5582117875 0.6236654546875 0.43621789062499994 0.625703534375 0.3209472671875
7 0.6795986843749999 0.3709960953125 0.6584465046875 0.35911777968749997 0.6471794484375 0.48013566562500004 0.6461996390625 0.563091540625 0.6726529109375 0.5748028796875 0.6888187875 0.5416205453125 0.67755165625 0.467448315625 0.6795986843749999 0.3709960953125
7 0.7383933921875 0.3832031265625 0.6927377234375001 0.37766085625 0.6760820187500001 0.5211255984375 0.6800010296875 0.5601636203125 0.71429225 0.5601636203125 0.7333973281249999 0.51722178125 0.7245795703125 0.48013566562500004 0.7383933921875 0.3832031265625
5 0.770627825 0.47915973125000005 0.7956113828125 0.5152699109375 0.825983665625 0.4576888109375 0.79351343125 0.3636718765625 0.7574012265625 0.40303555625 0.770627825 0.47915973125000005
10 0.47376380781250005 0.5878910562499999 0.47817268593750006 0.6932936921875 0.48552080468750003 0.7664899859375 0.5114841718750001 0.7713697390625 0.504136053125 0.700125353125 0.506889228125 0.6017089859375 0.47376380781250005 0.5878910562499999
10 0.48356129843750006 0.783081153125 0.47376380781250005 0.6025302953125 0.44197007031249996 0.5931640640625 0.44290173125 0.689389875 0.44682070625000003 0.80064825625 0.48356129843750006 0.783081153125
8 0.394894009375 0.7908887515624999 0.4296750953125 0.80064825625 0.44290173125 0.689389875 0.44388146562499997 0.6054581390625 0.40706071250000003 0.6017089859375 0.405671234375 0.6737746812500001 0.394894009375 0.7908887515624999
14 0.36991041406249997 0.6249771515625 0.3532546703125 0.7723456750000001 0.394894009375 0.7869849343750001 0.402242128125 0.6825582140625001 0.4100801140625 0.6171695546875 0.389505396875 0.5976505609375 0.3831753625 0.6114746109375 0.36991041406249997 0.6249771515625
14 0.3354046609375 0.5919433609375 0.3326799546875 0.6932936921875 0.32533183593750004 0.80064825625 0.3263115703125 0.8162634515624999 0.3424774453125 0.7967444390625 0.35129516562499996 0.745019065625 0.36501166875 0.6571835140625 0.376768665625 0.6044821671875 0.3354046609375 0.5919433609375
12 0.3537445375 0.6074100484375 0.283346846875 0.5675292984375 0.26458738125000003 0.6396164093750001 0.232745515625 0.700125353125 0.23372526875 0.7479469109375 0.2469518859375 0.7713697390625 0.28222285937499997 0.7333076515625 0.3170039453125 0.674750615625 0.3488457921875 0.6474240078125 0.3537445375 0.6074100484375
12 0.188417890625 0.6187988296875 0.1925758171875 0.6874379671875 0.2224581578125 0.67963036875 0.2778139796875 0.595698615625 0.283692496875 0.5595884546875001 0.22147840468750002 0.5176225875 0.21364041875 0.5712998515625001 0.188417890625 0.6187988296875
2 0.5063740250000001 0.6054581390625 0.50980313125 0.773321646875 0.5171512500000001 0.779177409375 0.5396855109375001 0.7811292453124999 0.5401753765625 0.746970975 0.533836803125 0.5956054703125 0.5063740250000001 0.6054581390625
2 0.5333171250000001 0.6044821671875 0.5367462328125 0.6923177203125 0.5391956062500001 0.792840659375 0.573486825 0.8065039453124999 0.56466910625 0.7030531984375 0.5680982125 0.6005783859375 0.5333171250000001 0.6044821671875
0 0.5661387062500001 0.618145490625 0.565648840625 0.722572209375 0.5759361984375 0.7977204125 0.6043489375 0.7967444390625 0.6004299265624999 0.6630392015625 0.6012057390625001 0.6102539078125 0.5661387062500001 0.618145490625
1 0.6342777625 0.6261230484375 0.5984704578125 0.6249771515625 0.6058185765624999 0.6806063421874999 0.6087578171875 0.7772254281250001 0.6249236546875 0.8230951859375001 0.63521105 0.8162634515624999 0.634721146875 0.6971974734375 0.6342777625 0.6261230484375
5 0.6724415109375 0.684510121875 0.6728617906250001 0.6236816421875 0.6557857671875 0.595698615625 0.6298224 0.6152176453125 0.6440287703124999 0.690365846875 0.669012365625 0.8026001656249999 0.6841985078125 0.830902709375 0.6856681078125 0.7723456750000001 0.6724415109375 0.684510121875
5 0.7758050359374999 0.7440431296875001 0.7341656984375 0.62302524375 0.7212449359375 0.5785156265625 0.6969352390625 0.6064340765625 0.678319990625 0.6025302953125 0.6675427640625 0.643520190625 0.691056721875 0.690365846875 0.7375948046875 0.7752735562499999 0.7547404156249999 0.7782014 0.7758050359374999 0.7440431296875001
5 0.78310186875 0.5406738296875 0.7209391 0.5761796046875001 0.7297568203125 0.6142416734375 0.752780946875 0.6708468375 0.8066671124999999 0.7089088859375 0.8213633484375 0.6542556687500001 0.79001140625 0.5917948171875 0.78310186875 0.5406738296875