11 0.486798121875 0.34798074375 0.4823970734375 0.31541386562499996 0.47302177656250005 0.3367842359375 0.469193925 0.3868104796875 0.4685652046875 0.429397934375 0.4685652046875 0.451944234375 0.4647928765625 0.50079455 0.4654215984375 0.5245934203125 0.46982264687499997 0.543382003125 0.47736730312500003 0.5458871484375 0.4924566140625 0.5358665703125001 0.50000126875 0.52584599375 0.4993725484375 0.47824825000000004 0.4918278921875 0.4469339453125 0.486798121875 0.34798074375
11 0.45536205625 0.31416129375 0.4510128796875 0.3267574140625 0.4446737953125 0.388063053125 0.44341635156250003 0.42814536406250003 0.44215890937499996 0.451944234375 0.43964402500000005 0.488268828125 0.43964402500000005 0.515825415625 0.4446737953125 0.52584599375 0.45536205625 0.52584599375 0.4647928765625 0.513320271875 0.46730776250000006 0.43440822343749996 0.46730776250000006 0.32919216093750003 0.4654215984375 0.31541386562499996 0.45536205625 0.31416129375
9 0.42141110625 0.2715738390625 0.417638778125 0.285352134375 0.40380690937499997 0.4845111109375 0.40883668125000006 0.5183305609375 0.4201536640625 0.5208357046875001 0.435242975 0.5108151265624999 0.4440450734375 0.46071223906250003 0.44215890937499996 0.415619640625 0.43964402500000005 0.36426418125 0.437807540625 0.3092104765625 0.42141110625 0.2715738390625
15 0.38435736249999997 0.2853967765625 0.37677189375000003 0.3580013203125 0.37677189375000003 0.390568196875 0.36985595937500004 0.4669751 0.3755144515625 0.49327911562500004 0.38054422187500003 0.5058048375 0.394376090625 0.49578426093749994 0.40695051718749997 0.48701625625 0.4195249421875 0.4506916625 0.42329727031250003 0.31541386562499996 0.41449517187499996 0.265310978125 0.394376090625 0.265310978125 0.38435736249999997 0.2853967765625
13 0.37677189375000003 0.3066458609375 0.36922723749999997 0.2803418453125 0.3535092046875 0.262805834375 0.3371624515625 0.27533155625 0.3309071828125 0.2853967765625 0.3308752390625 0.33044473281250003 0.331503959375 0.36426418125 0.328360353125 0.400588775 0.328360353125 0.440671084375 0.33339012343749996 0.4669751 0.34533582812499997 0.4732379625 0.3641974671875 0.4707328171875 0.37677189375000003 0.4619648109375 0.38054422187500003 0.4331556515625 0.37677189375000003 0.40559906406249996 0.3755144515625 0.36050646406250003 0.37677189375000003 0.3066458609375
13 0.325216746875 0.3667693265625 0.3264741890625 0.335455021875 0.328989075 0.3053932890625 0.3239593046875 0.262805834375 0.308241271875 0.2565429734375 0.29129116875 0.27536995468750003 0.28686474687499997 0.31666643906249997 0.2856073046875 0.3554961765625 0.27680520625 0.415619640625 0.2793200921875 0.44317622968750003 0.2862360265625 0.4481865171875 0.2969242875 0.440671084375 0.3063551078125 0.45820709531250003 0.31515720625 0.45319680625 0.325216746875 0.43691336875 0.328989075 0.42564021875 0.328989075 0.40559906406249996 0.325216746875 0.3667693265625
13 0.2849785828125 0.31541386562499996 0.2849785828125 0.262805834375 0.277433928125 0.24025953437499997 0.26611694375 0.23650181875 0.2554481078125 0.24904955 0.2503989109375 0.2903624234375 0.24788402656250003 0.32167672812500003 0.242225534375 0.34046530937499997 0.23593832187500002 0.3692744703125 0.23593832187500002 0.3943259140625 0.24725530468749998 0.40685163593749996 0.25542868125 0.42438764687499997 0.2642307796875 0.426892790625 0.2736616 0.42062992968749996 0.2793200921875 0.40184134687500006 0.2856073046875 0.3692744703125 0.2849785828125 0.31541386562499996
14 0.4264408765625 0.5621705875 0.419571596875 0.5423340703124999 0.3987771390625 0.54212943125 0.3906037625 0.565928303125 0.3906037625 0.590979746875 0.3893463203125 0.6260517671875 0.3786580578125 0.7375306921875 0.386831434375 0.7600769921875 0.39500481249999997 0.7387832640625 0.4245547125 0.6172837624999999 0.4302132046875 0.59223231875 0.4302132046875 0.57594888125 0.4264408765625 0.5621705875
14 0.40443563125 0.5371191421875 0.3994058609375 0.51457284375 0.394418571875 0.5147603109375 0.3792867796875 0.507057409375 0.36608363125 0.5396242875 0.36482618906250003 0.5709385921875 0.359167696875 0.6110209015625 0.34596455000000004 0.6987009546875 0.3465932703125 0.756319275 0.35791025468750004 0.7475512703125 0.3855739921875 0.6210414796875 0.3956335328125 0.58095916875 0.4063217953125 0.552150009375 0.40443563125 0.5371191421875
12 0.3088699921875 0.7062163875 0.3239593046875 0.6961958109374999 0.33841989375 0.6636289328125 0.3509943203125 0.616031190625 0.3585389765625 0.5897271749999999 0.36922723749999997 0.567180875 0.377400615625 0.5358665703125001 0.37677189375000003 0.5120676984375 0.3654549109375 0.50079455 0.3522517625 0.5108151265624999 0.34596455000000004 0.4970368328125 0.3371624515625 0.4982894046875 0.31515720625 0.515825415625 0.313928890625 0.5348139546875 0.30949871406249996 0.567180875 0.297553009375 0.6060106125 0.291265796875 0.6335672015625 0.2856073046875 0.66738665 0.2862360265625 0.6874278046875 0.303840221875 0.6611237890624999 0.3157859265625 0.6197889078125 0.3227018609375 0.60350546875 0.3264741890625 0.6110209015625 0.3201869765625 0.6498506390625 0.31138487812500004 0.6824175171875 0.3088699921875 0.7062163875
12 0.2617158953125 0.51958313125 0.276176484375 0.488268828125 0.273032878125 0.46446995625 0.26360205937500003 0.44442880156250003 0.2485127484375 0.44442880156250003 0.2359545125 0.422012215625 0.2208490109375 0.440671084375 0.1950714359375 0.527098565625 0.1919278296875 0.5596654421875 0.197586321875 0.57594888125 0.21707668125000001 0.5571602984374999 0.22525005937499998 0.54212943125 0.21204691250000002 0.5709385921875 0.2070171421875 0.5847168859375 0.217705403125 0.595990034375 0.23342343593749998 0.5847168859375 0.24914146874999998 0.552150009375 0.2617158953125 0.51958313125
12 0.293887446875 0.5938126875 0.300258571875 0.5768888296875 0.31427504375000004 0.5498106578125 0.325318325 0.523578678125 0.327017290625 0.5083472062500001 0.32319461718750003 0.48634619062500006 0.31087711093750003 0.48803857656250005 0.303656503125 0.47449949062499996 0.29686063906250004 0.4609604046875 0.28666684062500003 0.461806596875 0.2777607421875 0.47374778125 0.26415553593749996 0.5125781703125 0.2539617390625 0.5498106578125 0.2335741421875 0.5980436515625 0.23782155781249997 0.621737053125 0.2569349296875 0.5980436515625 0.27095140156249997 0.5743502515625 0.2722256265625 0.5887355296875 0.25735967187500003 0.6191984734375 0.24886483906249998 0.6445842609375 0.26415553593749996 0.6411994890625 0.2819946828125 0.6175060875 0.293887446875 0.5938126875
3 0.50585458125 0.337222553125 0.5017787234375 0.407960934375 0.5017787234375 0.44017946406249997 0.4968693953125 0.4729733234375 0.49715817968750003 0.5143971484375001 0.4974469640625 0.5333830671875 0.512752515625 0.5414377 0.5231487390625 0.537410384375 0.5303683375 0.5333830671875 0.5292132031250001 0.4562887296875 0.5231487390625 0.3561811546875 0.5205496828125 0.330291265625 0.50585458125 0.337222553125
3 0.5453851046875 0.316483325 0.5330047812500001 0.328011521875 0.5292132031250001 0.417166228125 0.5292132031250001 0.44765876562500007 0.5274804984375 0.4729733234375 0.5318122578125 0.5201504578125 0.5370103703125 0.53108174375 0.5448075375 0.53108174375 0.5514495687500001 0.5218764499999999 0.5554925453124999 0.506917846875 0.5546261921875 0.4419054578125 0.55347105625 0.387249021875 0.5526047046875 0.36481111875 0.5453851046875 0.316483325
1 0.557802815625 0.41597685 0.5575140328125 0.4499213734375 0.554048625 0.476961925 0.5580916 0.5040024765625 0.5684878234374999 0.5218377328125 0.582060671875 0.531043028125 0.593323246875 0.501125821875 0.590724190625 0.4597019984375 0.585526078125 0.2819247546875 0.5731083671875 0.27674677812500004 0.5670869453125 0.28253206249999996 0.557802815625 0.41597685
7 0.62020464375 0.34233485625000004 0.6170280203125 0.280199121875 0.6025888203124999 0.27387048125 0.594525975 0.2831077515625 0.5904598937500001 0.3198969515625 0.5826627249999999 0.39066265 0.5794861015625 0.432086475 0.57861975 0.46200367968749995 0.5846842140625 0.4976741953125 0.597101925 0.49709886406250003 0.604032740625 0.5172354453125 0.6100972046875001 0.5224134234375 0.62020464375 0.510331475 0.6259803234375 0.4867429078125 0.6213597796875 0.40964856875000005 0.62020464375 0.34233485625000004
7 0.643888859375 0.2801829890625 0.634095946875 0.2923187828125 0.62569546875 0.376263246875 0.6184758687499999 0.4061804515625 0.6138553250000001 0.4430016296875 0.6155880296875 0.46946685 0.6268506046875 0.48730210781250005 0.6386907484375001 0.4959320703125 0.6568841390625 0.48500078437500005 0.6635261703124999 0.472918834375 0.66468130625 0.415385746875 0.66468130625 0.303196225 0.657172921875 0.27845699687500003 0.643888859375 0.2801829890625
5 0.7062662000000001 0.3963998265625 0.7028007921875 0.31297685 0.69962416875 0.2692517015625 0.6854737531249999 0.2617724 0.6747887453125 0.2744296796875 0.670488765625 0.28828895625 0.6684354984375 0.3216068125 0.6678579296875 0.3584279890625 0.6678579296875 0.376263246875 0.6655476578124999 0.40215313750000004 0.6629486015625 0.424591040625 0.6635261703124999 0.45048093125 0.671612121875 0.473494165625 0.6825859125 0.47924747500000003 0.696736328125 0.4677408578125 0.7045334953125 0.464288871875 0.7085764718750001 0.44587828281249997 0.7062662000000001 0.3963998265625
5 0.748139878125 0.3774139078125 0.7417866296875 0.3497980265625 0.7354333828125 0.29514159218749997 0.7279249984375 0.264073725 0.7137745828125001 0.2686763703125 0.7071704171875 0.27447241093749997 0.70366714375 0.2980182453125 0.70366714375 0.33196276875 0.7051110640625 0.36993460625 0.7059774156249999 0.3963998265625 0.7045334953125 0.4194130625 0.7120418796875 0.43724832031250005 0.72012783125 0.4481796078125 0.7261922937499999 0.45048093125 0.7328343265624999 0.45048093125 0.743519334375 0.43207034218749996 0.750161365625 0.41365975468749994 0.748139878125 0.3774139078125
4 0.6704569859375 0.678428109375 0.6632373859375 0.6519628890625 0.6583280593749999 0.6139910515625 0.657172921875 0.590977815625 0.6589056265625 0.5915531453125 0.687784025 0.687633403125 0.6958699765625 0.7002906828125 0.7028007921875 0.697989359375 0.6999129515625 0.6738254625 0.6837410484374999 0.5748685515624999 0.6825859125 0.5535813078125 0.6776765859375 0.5294174109374999 0.6704569859375 0.52654075625 0.6655476578124999 0.521362778125 0.6542850828125 0.5184861234375 0.6467766984375001 0.5225134390624999 0.6323629546875 0.5208674609374999 0.62569546875 0.5345953890625 0.62771695625 0.55588263125 0.6314711484375 0.5777452046875 0.6401346671875 0.608237740625 0.6407122359375 0.6231963453125 0.643888859375 0.660017521875 0.6490869703125 0.6818800953124999 0.6589056265625 0.708345315625 0.6681467140625 0.7135232921875 0.6727672578125 0.7002906828125 0.6704569859375 0.678428109375
4 0.7195502625 0.610539065625 0.7155072875 0.5932791390625 0.7143521515625 0.5823478515625 0.7238820234375 0.598457115625 0.7345670296875 0.6226210140624999 0.7466959578125001 0.6381549468750001 0.7573809640625 0.6381549468750001 0.750161365625 0.6030597640625001 0.7351445984375 0.5656632562499999 0.7238820234375 0.525965425 0.7181063437499999 0.5035275203125 0.713197015625 0.48511693281249996 0.7062662000000001 0.47763763125 0.6999129515625 0.47763763125 0.6941372718750001 0.48511693281249996 0.6938484890625001 0.49719888125 0.6915382171875 0.501226196875 0.6848961859375 0.500075534375 0.6773878015625 0.500075534375 0.6745324125 0.5082022953124999 0.6724784734375 0.521938109375 0.6730560421875 0.540348696875 0.678831721875 0.5599099468750001 0.6857625374999999 0.580046528125 0.695292409375 0.5955804625 0.7056886328124999 0.6335523000000001 0.7157960703125 0.6565655359375 0.724748375 0.6744007937500001 0.7337006781250001 0.6813047640625001 0.736299734375 0.6715241390625 0.72936891875 0.639305609375 0.7195502625 0.610539065625
4 0.7709538125 0.5765945421875001 0.7648893484375 0.5656632562499999 0.7637342125 0.5553073000000001 0.7709538125 0.565087925 0.7807724671875 0.5771698734374999 0.7874145 0.58522450625 0.796366803125 0.5794711968749999 0.79550045 0.5627866015625 0.7894359875 0.5380473734375 0.7767294921875 0.5052535140625001 0.76633326875 0.4644050203125 0.7573809640625 0.44829575625 0.75045015 0.4402411234375 0.7458296062499999 0.44829575625 0.7400972546875 0.46905541875 0.7299464859375 0.47015832968750004 0.7192614796875 0.480514284375 0.717817559375 0.500075534375 0.7256147265624999 0.530568071875 0.7322567578125 0.5466773375 0.74063149375 0.5656632562499999 0.74785109375 0.58637516875 0.76431178125 0.6070870796875 0.779906115625 0.6070870796875 0.77759584375 0.589251821875 0.7709538125 0.5765945421875001
6 0.64501840625 0.7123794421875 0.643285703125 0.6778595890625 0.6398202953125 0.6433397359375 0.6320231281249999 0.597313265625 0.628846503125 0.5547387796875001 0.622204471875 0.5415061703124999 0.6146960875 0.53402686875 0.60603256875 0.53402686875 0.5988584546875 0.5438950359375 0.5913045859375 0.55358811875 0.5910158015625 0.5748753609375 0.597080265625 0.5921352875 0.601700809375 0.6019159125 0.6092091921875 0.62320315625 0.6144073046875 0.656572346875 0.620182984375 0.6847635609375 0.629424071875 0.7187080828125 0.6372212390625001 0.7376940015625 0.6427081343750001 0.72963936875 0.64501840625 0.7123794421875
6 0.6118082484375 0.6997221625 0.608631625 0.657723009375 0.6074764890625 0.6093952140625001 0.6034335125 0.57314936875 0.5999681046875 0.5530127874999999 0.5910158015625 0.5438074937499999 0.581197146875 0.5466841484375 0.5786402203125001 0.5588629593750001 0.57426633125 0.5650947359375 0.57108970625 0.5754506921875 0.5736887625 0.5955872734375001 0.580619578125 0.6203265015625 0.5846625546875 0.6519697 0.5892830984375 0.6928181921875 0.5985241859375 0.7244613921874999 0.6080540562500001 0.75150194375 0.61729514375 0.7566799203125 0.6167175765625 0.735392678125 0.6118082484375 0.6997221625
0 0.5728224109375 0.5713277296875 0.5705121390625 0.5586704515625 0.54975703125 0.54850055 0.541633740625 0.569122053125 0.5381683328125 0.5863819796875 0.5399010375 0.6019159125 0.5439440125 0.6203265015625 0.56300375625 0.7273380453125 0.573977546875 0.7538032671875 0.5823522828125001 0.768666225 0.5889943140625 0.7491049734375 0.5820634984375 0.6898458921875 0.575999034375 0.62023085625 0.5736887625 0.5891629875 0.5728224109375 0.5713277296875
8 0.458463953125 0.5977929515625 0.46192936093750003 0.5839850109375 0.45759760156249996 0.5540678046874999 0.45153313749999996 0.5483144953125 0.43942324375 0.5448898265625 0.43276217812500006 0.5586704515625 0.4295855546875 0.5707524 0.42583136406250005 0.5937656359375 0.4223659546875 0.6225321796875 0.4203444671875 0.6610793484374999 0.41918933125 0.7260917375 0.4189005484375 0.7634882468749999 0.42612014687500005 0.7709675484375 0.4368051546875 0.7617622546875 0.44662381093750003 0.7163111140625 0.4547097625 0.635189459375 0.458463953125 0.5977929515625
10 0.475213425 0.5586704515625 0.47639372812499997 0.5673417125 0.4781012640625 0.614477546875 0.47925639999999997 0.6328881359375 0.481566671875 0.72666706875 0.48589843281249995 0.7709675484375 0.4899414078125 0.7744195328125001 0.49456195156250005 0.7617622546875 0.5009151984375 0.7203384296875 0.4986049265625 0.62886081875 0.49773857499999996 0.5540678046874999 0.49167411093749996 0.5540678046874999 0.48387694375 0.5534924734375 0.475213425 0.5586704515625
10 0.45442097812500004 0.566149753125 0.449800434375 0.5799576937500001 0.4483565140625 0.5983682828125 0.45442097812500004 0.6305868109375 0.46135179375 0.7082564812500001 0.46539476874999997 0.7502556359375 0.47232558437499994 0.768666225 0.47925639999999997 0.7600362609375 0.48387694375 0.7157357828124999 0.47781247968749996 0.5719030609375 0.4703282578125 0.5604334390625 0.45442097812500004 0.566149753125
2 0.5202637265625001 0.557519790625 0.5150656140625001 0.5529171421875 0.5052769171875 0.55007103125 0.49773857499999996 0.5586704515625 0.4986049265625 0.5845603406250001 0.5000488468750001 0.6582026937500001 0.5069796625 0.7496803046875 0.5124665578125 0.7905287984375 0.51881980625 0.7744195328125001 0.5205525093750001 0.7422010046875 0.52084129375 0.6530247171875 0.5205525093750001 0.6121762234375 0.5219964296875 0.575930378125 0.5202637265625001 0.557519790625
2 0.545676715625 0.614477546875 0.5450991484375 0.5816836859375 0.54134495625 0.5719030609375 0.529538796875 0.5621605078125 0.521130078125 0.5638484296875 0.5182422375 0.5776563718750001 0.518531021875 0.5977929515625 0.5205525093750001 0.644394753125 0.521130078125 0.6800652671875 0.5243067015625 0.7318450484375 0.5329702203125 0.7744195328125001 0.5407673890625 0.791104128125 0.544232796875 0.7778715187499999 0.5468318531249999 0.72781773125 0.545676715625 0.614477546875