11 0.48049582031250004 0.3422849421875 0.47608694218750003 0.44573568906250005 0.4844148328125 0.5023408515625001 0.5079287890625 0.514052228125 0.5113579328125 0.47794208749999995 0.5130136765625 0.3307128921875 0.48049582031250004 0.3422849421875
3 0.5480985265625 0.5160041375 0.5422200078125 0.44183190781250004 0.5466981453125 0.3539062515625 0.5466288875 0.3335013890625 0.5167465453125 0.336429271875 0.5142971734375 0.45354332187499996 0.5098882953125 0.5238117718749999 0.51919591875 0.5394269671874999 0.5431997796875 0.5433307453125 0.5480985265625 0.5160041375
3 0.577932834375 0.3355957046875 0.5559365484375001 0.336429271875 0.5461390203125001 0.5033167875 0.5495681265625 0.53161936875 0.574551721875 0.5257636437500001 0.574551721875 0.50038894375 0.57014288125 0.437928090625 0.577932834375 0.3355957046875
1 0.6059037390625 0.4613509203125 0.60671774375 0.3465820328125 0.5867985874999999 0.3344773265625 0.5760213609375 0.44378381562499997 0.5730821578125 0.5023408515625001 0.5779809046875 0.5296674609375 0.5985556203125 0.53747513125 0.6122721234374999 0.5121003578125001 0.6059037390625 0.4613509203125
5 0.7322913921875001 0.546258628125 0.7357205 0.5013648796875 0.74574273125 0.3954101578125 0.747477459375 0.3686356140625 0.7117166015625 0.3579001359375 0.7014292796875 0.41645717031249996 0.6877127765625 0.48867752812500004 0.68673304375 0.542354884375 0.711226771875 0.5638257296875 0.7322913921875001 0.546258628125
15 0.35459807187500003 0.44475975312499993 0.354390453125 0.3539062515625 0.33353345 0.3530203828125 0.3320638484375 0.42133692343750007 0.3188372140625 0.48086993125 0.31540810625 0.526739615625 0.3320638484375 0.5482104984375 0.35998668437500003 0.5189320203125 0.35459807187500003 0.44475975312499993
13 0.2753850640625 0.3600097671875 0.22625093125 0.3579001359375 0.232619296875 0.47794208749999995 0.2365382890625 0.5355231500000001 0.272788996875 0.55699414375 0.296302990625 0.53747513125 0.2874852328125 0.44085593593750005 0.2753850640625 0.3600097671875
10 0.4609558625 0.5113769546875 0.45845146562499994 0.5648016671875 0.456491959375 0.6663005421875 0.45845146562499994 0.7111942546875001 0.4721679671875 0.7180259515625 0.478046446875 0.6487334390624999 0.48588443281249993 0.58236876875 0.48637433750000003 0.536499121875 0.4609558625 0.5113769546875
10 0.5056643390625 0.5504394546875 0.49029331249999997 0.53747513125 0.48294519375 0.5628497578125 0.48588443281249993 0.644829696875 0.487354071875 0.7180259515625 0.501070575 0.7209537593750001 0.5015604421875001 0.6565410359375 0.5056643390625 0.5504394546875
8 0.42788383906250005 0.5064941421875 0.42856912343750003 0.584320678125 0.4251400171875 0.67801191875 0.4305286296875 0.7277854578125 0.4560020921875 0.7160740062500001 0.4604109703125 0.609695415625 0.4609008375 0.509172475 0.42788383906250005 0.5064941421875
14 0.3905247015625 0.5443359390625 0.3624360578125 0.5335712765625 0.352638565625 0.5804168984375 0.35900695 0.63994994375 0.35998668437500003 0.7346170828125 0.38056140156249996 0.7336411468749999 0.38497027968749997 0.625310684375 0.3905247015625 0.5443359390625
2 0.5025401765625 0.55113838125 0.500090803125 0.6223827656250001 0.5005806703125 0.6916752421875 0.520175653125 0.6994828765625 0.521155425 0.6594689546875 0.520363015625 0.5626464859375 0.5025401765625 0.55113838125
2 0.5431997796875 0.6057916734375 0.544248365625 0.5492187515625 0.5187060515625 0.561873896875 0.525564303125 0.61457516875 0.52997314375 0.687771425 0.532912421875 0.745352525 0.5549567390625 0.740472771875 0.5505478984375001 0.6770359828125 0.5431997796875 0.6057916734375
0 0.574551721875 0.653613190625 0.57670794375 0.5565429703125 0.5461390203125001 0.5433307453125 0.5451592859375001 0.5999359109375 0.5505478984375001 0.63994994375 0.5569162828125 0.7121701890625001 0.5578960171875 0.7629196640625 0.5823897453125 0.7473044703125 0.574551721875 0.653613190625
6 0.6128421921875 0.5418945328125 0.5897378640625 0.5433307453125 0.57553153125 0.5706573921875 0.58287965 0.6487334390624999 0.5887581296875 0.7277854578125 0.6098227515625 0.7248575765624999 0.6068834734374999 0.6262865453125 0.6128421921875 0.5418945328125
6 0.6483639953125 0.5443359390625 0.630887296875 0.50624463125 0.6152113265625 0.5169801109375001 0.6127619531249999 0.5901764046875 0.6132518578124999 0.6360460515625 0.6191303375 0.6604448171875 0.642154428125 0.647757465625 0.6483639953125 0.5443359390625