11 0.48363381875 0.314006696875 0.48020715625 0.2912568140625 0.44661575625000005 0.300179740625 0.44829534375 0.43848587656250004 0.45165447500000006 0.518792675 0.49196413593750005 0.5098697078125001 0.48972470156250003 0.4396012734375 0.48363381875 0.314006696875
11 0.417503228125 0.49425448125000004 0.44325662499999996 0.5143312124999999 0.44941504062500004 0.46079331718749994 0.44325662499999996 0.290141396875 0.410840371875 0.27912946562499996 0.41694333749999996 0.37156354999999996 0.417503228125 0.49425448125000004
9 0.36375695625 0.31021810625 0.3872709609375 0.499831340625 0.39734835468749996 0.5165619234375 0.42310179375 0.48310075937499997 0.4147039453125 0.4217552953125 0.39404188281249997 0.29587053750000003 0.36375695625 0.31021810625
15 0.36991541250000004 0.3113334625 0.34434635468749997 0.31958705468750004 0.347521146875 0.40614011093749997 0.35311971249999996 0.4440627359375 0.354239409375 0.4987159859375 0.357598540625 0.5221388250000001 0.3755139796875 0.5087543515624999 0.3872709609375 0.48644691093750003 0.385031525 0.4217552953125 0.36991541250000004 0.3113334625
15 0.32474811875 0.314006696875 0.32512688125 0.382717271875 0.3284860125 0.45187035 0.32344729375000003 0.5076389546875 0.3363240140625 0.528831040625 0.351999975 0.4987159859375 0.35703869374999997 0.436255165625 0.34304227656249997 0.3024105359375 0.32474811875 0.314006696875
13 0.28205196250000003 0.32795759062499996 0.2848171765625 0.4128323265625 0.2814580453125 0.5076389546875 0.289296046875 0.529946396875 0.3016128765625 0.52325418125 0.3189684234375 0.5176773203125 0.3290458609375 0.4719470390625 0.3195283140625 0.335871678125 0.28205196250000003 0.32795759062499996
13 0.28201789375 0.4228706921875 0.2806520875 0.30982142968750004 0.2540250609375 0.307987396875 0.23275053437499998 0.43179365937499997 0.23554981718749998 0.49760063125 0.254584909375 0.4909083734375 0.2697010640625 0.5098697078125001 0.2825777421875 0.48644691093750003 0.28201789375 0.4228706921875
3 0.4915671515625 0.5098697078125001 0.5335563999999999 0.5087543515624999 0.5268380953125 0.41952458437500006 0.514521265625 0.290141396875 0.48433375625 0.30145089375 0.49100730312499996 0.4117169703125 0.4915671515625 0.5098697078125001
3 0.5403287171875 0.29587053750000003 0.5150811140625 0.2990643859375 0.5307571171875 0.4418320265625 0.5341162484375 0.5076389546875 0.5615492328125 0.504292846875 0.5671477984375 0.47306243593749997 0.55371123125 0.3704481953125 0.5403287171875 0.29587053750000003
1 0.604022984375 0.29587053750000003 0.5503521 0.2990643859375 0.5654682125 0.44740888593749994 0.5755456484375 0.48867762031249995 0.5923413484375 0.49425448125000004 0.60353848125 0.445178134375 0.60017935 0.38829413125 0.604022984375 0.29587053750000003
7 0.634330596875 0.4340244125 0.6369200234375 0.30982142968750004 0.5917815 0.2890260203125 0.5901019125 0.44294738125000005 0.60017935 0.48644691093750003 0.6113764828125 0.47863929687500006 0.6248130078125 0.503177490625 0.637689728125 0.4797546515625 0.634330596875 0.4340244125
7 0.6670173140625 0.30145089375 0.627612290625 0.2745262328125 0.630971465625 0.39721714218750004 0.6365700328125 0.48310075937499997 0.6567248625000001 0.499831340625 0.6712811265624999 0.47417779062500004 0.662883278125 0.3927556375 0.6670173140625 0.30145089375
5 0.7099112437499999 0.3849480234375 0.7062137875000001 0.30145089375 0.666242409375 0.26894937343750003 0.6584044062500001 0.43290901562500006 0.67687969375 0.48310075937499997 0.6931155453125 0.48310075937499997 0.7138302234375 0.47863929687500006 0.71662950625 0.445178134375 0.7099112437499999 0.3849480234375
5 0.7545094406249999 0.26238839375 0.714390115625 0.2611417171875 0.7138302234375 0.4340244125 0.727826640625 0.48310075937499997 0.7647772125000001 0.457447209375 0.771495475 0.4117169703125 0.7435026437500001 0.32137182656249996 0.7545094406249999 0.26238839375
5 0.740703359375 0.339217784375 0.7664568 0.37602505625 0.803967178125 0.331410171875 0.798605471875 0.240066965625 0.7552596671875 0.23214205937500001 0.740703359375 0.339217784375
10 0.47153842343749997 0.5367295671875 0.46761944375000003 0.5880366671874999 0.47545744531249995 0.7118429515625 0.500091146875 0.7196505656250001 0.49449257968750004 0.627074690625 0.494132875 0.528850446875 0.47153842343749997 0.5367295671875
10 0.44298574375 0.6025364953125 0.4497040484375 0.7397272546875 0.473777859375 0.7252274265625 0.47321801093750004 0.6594204984375 0.46985887968749995 0.565729225 0.47433770624999994 0.5233450937499999 0.44023772499999997 0.5302455375 0.44298574375 0.6025364953125
8 0.41107393124999997 0.6359976578125 0.41667249687499996 0.7664962875 0.43962661093750005 0.8033034718750001 0.44802446093750004 0.7397272546875 0.44634487500000003 0.6125748609375 0.43962661093750005 0.5333834171875 0.40664074843750003 0.5400111625 0.41107393124999997 0.6359976578125
14 0.37794333125 0.552566965625 0.3808416640625 0.6817279390625 0.3875599265625 0.769842309375 0.40939434375 0.7720731468750001 0.41723234531250003 0.7308042859375 0.41163377968750003 0.57465219375 0.3925986453125 0.5367295671875 0.37794333125 0.552566965625
14 0.33664704843750004 0.5734933046874999 0.3500495484375 0.67503568125 0.3534086796875 0.795495859375 0.3702043796875 0.7966112562500001 0.38252125000000003 0.7575732328125 0.3797219671875 0.6571897453125 0.375243096875 0.55346015 0.3573277015625 0.5333834171875 0.33664704843750004 0.5734933046874999
12 0.243676784375 0.6036518937500001 0.22815681250000003 0.6864955375 0.21736351874999998 0.748650265625 0.24199721875 0.76315009375 0.2705499203125 0.7185352093749999 0.3024617328125 0.6025364953125 0.3108595828125 0.5512293968749999 0.2610323328125 0.513306728125 0.243676784375 0.6036518937500001
12 0.1848918359375 0.6281900453125 0.1787334 0.668343465625 0.2218423671875 0.7062660921874999 0.2610323328125 0.5188835890625 0.20448681875000002 0.4698072640625 0.1861605921875 0.630691965625 0.1848918359375 0.6281900453125
2 0.491693296875 0.5367295671875 0.49953125624999994 0.67057421875 0.49953125624999994 0.7497657046875 0.521925521875 0.753111728125 0.521925521875 0.6404591640625 0.5172307953125 0.5344308046874999 0.491693296875 0.5367295671875
2 0.5140875625 0.525575846875 0.5224854125 0.6293054437500001 0.5191262390625 0.73415039375 0.5515979421874999 0.7285735328125 0.543200090625 0.6359976578125 0.551527709375 0.528850446875 0.5140875625 0.525575846875
0 0.5837248109375001 0.53582589375 0.554397225 0.5177682328125 0.544879678125 0.5936135265625 0.556636659375 0.6638819609375 0.56727394375 0.7653808468750001 0.5947068859375 0.7598039859375 0.59078790625 0.646036025 0.5837248109375001 0.53582589375
6 0.6152219765625 0.5400111625 0.595826625 0.5177682328125 0.5795907734375 0.5668445796875 0.5947068859375 0.6939971 0.604224475 0.762034696875 0.628298328125 0.745304115625 0.6232595671875 0.5980750328125 0.6152219765625 0.5400111625
6 0.6502188265625 0.548381696875 0.6333370031250001 0.522229696875 0.609823040625 0.5623831171875 0.6171011953125001 0.6069980015625001 0.626618740625 0.7430734046875 0.6512523984375 0.753111728125 0.65069259375 0.6304207984375 0.6502188265625 0.548381696875
4 0.701314228125 0.513504465625 0.6490130062499999 0.5423064281250001 0.6450940265625 0.5813444515625 0.6652488156249999 0.6293054437500001 0.6954811249999999 0.769842309375 0.7357907875 0.753111728125 0.711157128125 0.5936135265625 0.701314228125 0.513504465625
4 0.7629086843749999 0.49676339374999995 0.7021993890625 0.5177682328125 0.7139564125 0.5880366671874999 0.734671090625 0.6739203265625 0.77218146875 0.73415039375 0.7856179953125 0.6672281109375 0.7688222953125 0.6047672484375 0.7629086843749999 0.49676339374999995
4 0.76710830625 0.47723214374999995 0.75930475 0.5121913734375 0.772741359375 0.6214978296875 0.789537059375 0.668343465625 0.8214488718749999 0.6560743484375 0.8242481546875 0.57465219375 0.818089696875 0.48207631875 0.76710830625 0.47723214374999995