11 0.482596703125 0.6264338828125 0.5038037328125 0.6276428484375 0.5165279625 0.6179714078125 0.5128924687499999 0.5817035796875001 0.5128924687499999 0.5478536234375 0.5098629078125 0.509167921875 0.5080451609375001 0.46443761875 0.5074392265625 0.43663226406250005 0.5019859859375 0.41245369375 0.48986769218750004 0.39552874375 0.47471978125 0.385857303125 0.465631046875 0.4088269109375 0.465631046875 0.44146795625 0.4644192328125 0.49707866406249995 0.4644192328125 0.53092861875 0.46502511249999995 0.5756589234375 0.46502511249999995 0.5962107109375 0.470478353125 0.6252249734374999 0.482596703125 0.6264338828125
11 0.4329116 0.6107178421875 0.44805951093749996 0.6167624984375 0.46138961875 0.6179714078125 0.470478353125 0.60588215 0.466842859375 0.5804946703125 0.465631046875 0.5514804078125 0.466842859375 0.509167921875 0.46744879375000004 0.47894475 0.46744879375000004 0.4475126140625 0.4662369796875 0.42454300624999997 0.4626014859375 0.3931108703125 0.45242774218750004 0.392282525 0.438364840625 0.40399121875 0.43351753437499996 0.4293786984375 0.431093853125 0.45355727031250004 0.43048791875000003 0.48861613437500007 0.427458359375 0.53092861875 0.426852425 0.561151790625 0.42321693125 0.5901660546875 0.4329116 0.6107178421875
3 0.5340994984375 0.6179714078125 0.5498533421875 0.6179714078125 0.560759825 0.601046403125 0.5553065828125 0.56236075625 0.5534888359375 0.52246614375 0.550459221875 0.4765268765625 0.5492474078125 0.43542335625 0.5437941671875001 0.40278230937500004 0.5347054328125 0.38948408749999996 0.5213752687500001 0.40399121875 0.5141042812500001 0.43300548125000005 0.5098629078125 0.47048222031250003 0.511074721875 0.517630396875 0.5104687875 0.5744500140625 0.5104687875 0.601046403125 0.5141042812500001 0.62885175625 0.5340994984375 0.6179714078125
3 0.5843905359375 0.598628584375 0.5928733359375 0.5804946703125 0.5928733359375 0.5587339734375 0.5892378421875 0.5345554015625 0.5892378421875 0.500705446875 0.5868141609374999 0.460810834375 0.5825727890625 0.41849835 0.5722721843749999 0.38948408749999996 0.5577302093750001 0.40278230937500004 0.5528829015625 0.426960825 0.554094715625 0.4596018703125 0.554094715625 0.5260929265625001 0.554094715625 0.5587339734375 0.5553065828125 0.5950018015625 0.56681894375 0.6046731859375 0.5843905359375 0.598628584375
9 0.40079808906250003 0.598628584375 0.41231044843750003 0.5937928375 0.42139918437499996 0.5829124875 0.429882040625 0.5647785734374999 0.43048791875000003 0.5345554015625 0.429882040625 0.50191435625 0.429882040625 0.4499304859375 0.429882040625 0.4209162234375 0.428670171875 0.388275178125 0.42564061249999996 0.3665144796875 0.4147341296875 0.3677233890625 0.4074631421875 0.3761858640625 0.402615834375 0.4136626578125 0.398980340625 0.45476617812500003 0.3935271 0.4958696984375 0.38686199062500004 0.538182184375 0.38504424375 0.5720321390625001 0.3947389125 0.592583928125 0.40079808906250003 0.598628584375
15 0.3735318828125 0.5889571453125 0.3862561125 0.5720321390625001 0.40019215468749997 0.5502714421875 0.4020099015625 0.5273018359375 0.4020099015625 0.47290009218750007 0.40079808906250003 0.42454300624999997 0.3915118265625 0.3795973328125 0.3771673765625 0.388275178125 0.3711082015625 0.4281697890625 0.36444314843750003 0.46201974375 0.35959578593749997 0.50191435625 0.35293073124999996 0.5357643109375 0.351112984375 0.55994288125 0.3577780390625 0.5804946703125 0.3735318828125 0.5889571453125
15 0.34687155625 0.5587339734375 0.3589899078125 0.53334649375 0.3614135328125 0.5055411390625 0.3620194671875 0.47894475 0.3662608953125 0.43905013750000005 0.3662608953125 0.4064090921875 0.3686845203125 0.3773948296875 0.36332685 0.3614756296875 0.347477490625 0.3713501734375 0.33960056875 0.4076180015625 0.33111776875 0.44872152187500003 0.32384677968750003 0.47773578437499997 0.3141521109375 0.517630396875 0.31960535156250003 0.5478536234375 0.330511834375 0.5647785734374999 0.34687155625 0.5587339734375
13 0.297186509375 0.5248839624999999 0.311728484375 0.5115857953125 0.31960535156250003 0.49466079062499996 0.3171817265625 0.4668554359375 0.31354623125000003 0.4148715671875 0.3099107375 0.3846483953125 0.30021606875 0.3302466515625 0.28331788593749996 0.3197957109375 0.27113211718749997 0.336291253125 0.26749662343749997 0.38948408749999996 0.2632551953125 0.43542335625 0.2584078875 0.47048222031250003 0.257801953125 0.49828757343749996 0.2687084359375 0.5127947046875 0.2814326640625 0.5212571796875001 0.297186509375 0.5248839624999999
13 0.2668906890625 0.471691184375 0.2699203046875 0.44630370468749997 0.2687084359375 0.39915552656250003 0.2723439296875 0.3326644703125 0.26810255625 0.3000234234375 0.25174280625 0.28793416562499996 0.2333122828125 0.2853644734375 0.22084110781250002 0.313321646875 0.2172056125 0.3604698234375 0.21357011875 0.3870662125 0.20993462499999999 0.41849835 0.21538786562499998 0.4668554359375 0.23417124218750002 0.486198315625 0.252954646875 0.49466079062499996 0.2668906890625 0.471691184375
1 0.6304400890624999 0.5502714421875 0.6280164640625 0.5127947046875 0.6231691015624999 0.48861613437500007 0.615292234375 0.44630370468749997 0.614080365625 0.39915552656250003 0.608021246875 0.3689322984375 0.595171009375 0.343353925 0.5880260296875 0.3761858640625 0.5856023484375 0.426960825 0.5874200953125001 0.487407225 0.5874200953125001 0.5285107453125 0.5940851484375 0.5732411046875 0.608627125 0.586539271875 0.6231691015624999 0.5732411046875 0.6304400890624999 0.5502714421875
7 0.6589181625 0.5563161 0.660129975 0.53334649375 0.660129975 0.509167921875 0.651041240625 0.480153659375 0.64316431875 0.431796571875 0.6358933312499999 0.39552874375 0.6324479125 0.3487904359375 0.6195336078125 0.35563413125 0.6171099812499999 0.3931108703125 0.6158981140625001 0.44025904687499995 0.6158981140625001 0.49103400781250006 0.617715859375 0.5357643109375 0.6286223421875 0.561151790625 0.64316431875 0.5708232296875 0.6589181625 0.5563161
7 0.6898198609375 0.50191435625 0.6795192578125 0.45839296249999995 0.6758837640625 0.42454300624999997 0.6704305234375 0.39190196093749996 0.665583215625 0.3616787328125 0.6551777328124999 0.33610524375 0.6461939343750001 0.3689322984375 0.647405746875 0.4293786984375 0.649829428125 0.500705446875 0.653464921875 0.53092861875 0.6686127765625 0.5442268421875001 0.6813370046875 0.5478536234375 0.686790246875 0.5285107453125 0.6898198609375 0.50191435625
5 0.732233921875 0.5079590125 0.7364754046875001 0.4825715328125 0.732233921875 0.4511393953125 0.7231451859375 0.42212513281249997 0.7201156265625 0.39190196093749996 0.7152683203125 0.3447537828125 0.699728178125 0.3288565625 0.6783074453125 0.3447537828125 0.6740660171874999 0.3931108703125 0.6770956328125 0.43421439062499995 0.6819429390625 0.4837804421875 0.6837606859375 0.5236750531250001 0.703755903125 0.5285107453125 0.7182978796875 0.517630396875 0.732233921875 0.5079590125
5 0.7704066078125 0.4559750875 0.7752539703125 0.4293786984375 0.7619238625 0.3943197796875 0.7540468859375 0.365305515625 0.74495815 0.32661986875000004 0.729731540625 0.298049665625 0.7176919453124999 0.3314555609375 0.7152683203125 0.365305515625 0.7201156265625 0.4088269109375 0.7249629343749999 0.4511393953125 0.728598428125 0.48498935000000004 0.74495815 0.49707866406249995 0.7595001265625 0.4825715328125 0.7704066078125 0.4559750875
5 0.8031260546875 0.40399121875 0.8061556703124999 0.3773948296875 0.79646105625 0.341127 0.7764658390625 0.3157395203125 0.7625297421874999 0.28551629218749996 0.7488245890624999 0.2744914515625 0.74374639375 0.2927698578125 0.74132265625 0.31453055625 0.745564140625 0.3544251671875 0.7576823796875 0.39190196093749996 0.7691948515625 0.43421439062499995 0.7831308375 0.4450947390625 0.8000965499999999 0.431796571875 0.8031260546875 0.40399121875
10 0.4601778046875 0.6300606656250001 0.4474535765625 0.6300606656250001 0.44260626875 0.6348964125000001 0.44260626875 0.6542392375 0.44381808281249996 0.6808356265625 0.4456358296875 0.7171034546875 0.45151855 0.771026134375 0.4644192328125 0.7860123296875 0.47350796875 0.7702963453125 0.478961209375 0.7497445015624999 0.47714346250000006 0.7219392015625 0.476537528125 0.6808356265625 0.4795670875 0.6457767609375 0.4722961 0.63126963125 0.4601778046875 0.6300606656250001
10 0.48017302187500005 0.6336874484374999 0.4710842875 0.6397321046875 0.46866060625 0.655448146875 0.472902034375 0.6977606859375001 0.48077895625 0.767878415625 0.48334029687499996 0.774650475 0.4971386796875 0.7872212937499999 0.5062274140625 0.7642516328125 0.5044096671875 0.719521384375 0.5019859859375 0.6929249390625001 0.4995623046875 0.6639106765625 0.5013800515625 0.6433588890624999 0.48986769218750004 0.6336874484374999 0.48017302187500005 0.6336874484374999
2 0.4971386796875 0.6397321046875 0.4977445578125 0.6663284953125 0.5019859859375 0.6953427578125 0.5062274140625 0.748535646875 0.5087976953125 0.774650475 0.52743444375 0.788430259375 0.5334936203125 0.7666695609375 0.5334936203125 0.7255659859375 0.528040378125 0.6868803375 0.5250107625 0.6433588890624999 0.521981203125 0.6264338828125 0.5056214796875 0.6348964125000001 0.4971386796875 0.6397321046875
2 0.5383409265625 0.621598190625 0.52743444375 0.6264338828125 0.520769390625 0.6336874484374999 0.525616696875 0.6699552765625 0.529858125 0.698969540625 0.5353113656249999 0.7473266828125 0.53971025 0.7674017937500001 0.5480355953125 0.7896391125 0.55712433125 0.7835945109375 0.560759825 0.75820703125 0.5589420781250001 0.7231481671875 0.55833614375 0.68929815625 0.5577302093750001 0.6530303281250001 0.5559124625 0.62885175625 0.5383409265625 0.621598190625
0 0.6013561375 0.7727141625 0.5965088296875 0.72919276875 0.5922674015625 0.6905071203125 0.5910555890625 0.6566571109375 0.5892378421875 0.6264338828125 0.5783313609375 0.613135715625 0.566076840625 0.6133673109375 0.55470065 0.636105321875 0.5553065828125 0.6578660203125 0.5577302093750001 0.684462409375 0.56318345 0.727983803125 0.5704544375 0.777549909375 0.5813609203125 0.808981990625 0.5946910828124999 0.8053552093749999 0.6013561375 0.7727141625
8 0.42624654531250006 0.6167624984375 0.41412819531249995 0.6179714078125 0.40928088906250004 0.6348964125000001 0.4074631421875 0.659074928125 0.4068572078125 0.7098498890625 0.4080690765625 0.7521624296875 0.4080690765625 0.782385546875 0.4117045703125 0.7872212937499999 0.4117045703125 0.7739231265625001 0.41412819531249995 0.7908480765625 0.43048791875000003 0.7956838234375 0.43897077500000004 0.7497445015624999 0.4413944015625 0.71226781875 0.44624176249999997 0.6723732078125 0.4474535765625 0.6457767609375 0.4413944015625 0.6252249734374999 0.42624654531250006 0.6167624984375
14 0.3959507265625 0.614344625 0.380802871875 0.6179714078125 0.3741377609375 0.638523196875 0.3735318828125 0.6808356265625 0.3705022671875 0.7062231062500001 0.3686845203125 0.7461177171875 0.36423604374999996 0.7837113265625 0.3680786421875 0.8053552093749999 0.38140874999999996 0.808981990625 0.3947389125 0.7690873796875 0.40322171406249996 0.734028515625 0.40928088906250004 0.6905071203125 0.4147341296875 0.6494035453125 0.41109863593749996 0.6276428484375 0.3959507265625 0.614344625
14 0.3656549609375 0.6034642765625 0.3553544125 0.6034642765625 0.34444793125 0.6046731859375 0.338994690625 0.632478540625 0.33838875625 0.6542392375 0.3347532625 0.6929249390625001 0.3286940875 0.7231481671875 0.325140753125 0.7565287703125 0.336571009375 0.777549909375 0.3553544125 0.75820703125 0.3650490265625 0.7038052875 0.37171413593749997 0.67720884375 0.380802871875 0.6494035453125 0.38504424375 0.6252249734374999 0.37474369531249996 0.6107178421875 0.3656549609375 0.6034642765625
12 0.357172159375 0.607091059375 0.34444793125 0.5829124875 0.3293000203125 0.5768678875 0.312940296875 0.5659875390625 0.30263975 0.56236075625 0.29355101562499997 0.5853303624999999 0.2832504125 0.6228071 0.27052618281249996 0.6663284953125 0.262649315625 0.6977606859375001 0.26331564531249996 0.7275340453125 0.27052618281249996 0.7424909359375 0.28688590625 0.7557892125000001 0.30506337499999997 0.76062485 0.3183935390625 0.734028515625 0.3299059546875 0.7001785046875 0.3408124375 0.6639106765625 0.35050705 0.6264338828125 0.357172159375 0.607091059375
12 0.2784031046875 0.536973275 0.2656788765625 0.52246614375 0.25416645937500004 0.5236750531250001 0.2481073125 0.555107190625 0.2402304171875 0.5817035796875001 0.2323534953125 0.6034642765625 0.2256884421875 0.63731423125 0.2220529484375 0.67720884375 0.2250825078125 0.707432071875 0.23785824687499998 0.716661021875 0.252954646875 0.7001785046875 0.266284809375 0.6759999890625 0.2777971703125 0.6518213625 0.28628002656249996 0.6336874484374999 0.300822003125 0.5889571453125 0.300822003125 0.5587339734375 0.2880977734375 0.5442268421875001 0.2784031046875 0.536973275
12 0.25174280625 0.5442268421875001 0.25477239375 0.5200482703125 0.24507772499999997 0.49949648281250003 0.2329594296875 0.49103400781250006 0.2202352 0.4765268765625 0.20932871875 0.4692733109375 0.20145179687499998 0.47894475 0.1905453140625 0.503123265625 0.18751575468749998 0.553898225 0.1760331375 0.60068211875 0.17539743125 0.6433588890624999 0.1863039140625 0.6542392375 0.197816303125 0.6663284953125 0.21235827812500002 0.655448146875 0.22326476093749997 0.6348964125000001 0.23417124218750002 0.607091059375 0.24507772499999997 0.5744500140625 0.25174280625 0.5442268421875001
6 0.59772064375 0.5962107109375 0.5916615234375 0.6119267515625 0.5813609203125 0.6300606656250001 0.5819668546875 0.6518213625 0.5892378421875 0.6759999890625 0.5989325125 0.705014253125 0.611656740625 0.7424909359375 0.618927728125 0.77513198125 0.6351754921875 0.7945843484374999 0.6425584390625 0.779967728125 0.6425584390625 0.7473266828125 0.6352874515625 0.7183124203125 0.6298342109374999 0.6868803375 0.6243809687499999 0.6506124546875001 0.6213513546875 0.6179714078125 0.61105080625 0.6034642765625 0.59772064375 0.5962107109375
6 0.65043530625 0.598628584375 0.6389229453125 0.5889571453125 0.6261987171875 0.5974196203125001 0.620745475 0.60829996875 0.617715859375 0.6336874484374999 0.6310460234375 0.674791025 0.6352874515625 0.6977606859375001 0.6461939343750001 0.7316105875 0.6579053109374999 0.7547166 0.6667950296875 0.7739231265625001 0.6764896984375001 0.7727141625 0.6825488734375 0.7473266828125 0.6783074453125 0.7146856359375 0.6704305234375 0.6880891921875001 0.66255365625 0.655448146875 0.657100415625 0.621598190625 0.65043530625 0.598628584375
4 0.699514475 0.5490625328125 0.6807311265625 0.5442268421875001 0.6740660171874999 0.55994288125 0.6637654703125 0.5720321390625001 0.6528589874999999 0.5720321390625001 0.647405746875 0.5901660546875 0.6467998125000001 0.615553534375 0.6540708000000001 0.636105321875 0.665583215625 0.6494035453125 0.6728542046875 0.6759999890625 0.6825488734375 0.7098498890625 0.6988189859375 0.7456557484374999 0.7152683203125 0.748535646875 0.7237511765625 0.7255659859375 0.73405166875 0.7110588531250001 0.7382931515625 0.679626771875 0.7249629343749999 0.6494035453125 0.7116328265625 0.615553534375 0.70557365 0.5756589234375 0.699514475 0.5490625328125
4 0.7213274390625 0.517630396875 0.706179584375 0.53334649375 0.69587898125 0.5490625328125 0.701332221875 0.5937928375 0.7176919453124999 0.621598190625 0.73405166875 0.655448146875 0.752461359375 0.6894784671874999 0.7685888609375 0.6953427578125 0.77707171875 0.6699552765625 0.782524959375 0.6457767609375 0.7710125984375 0.592583928125 0.7625297421874999 0.5696143218749999 0.7522291390625 0.5273018359375 0.743140403125 0.503123265625 0.7213274390625 0.517630396875
4 0.7788894640625 0.45476617812500003 0.7728303453125 0.47290009218750007 0.7607119953125 0.47773578437499997 0.74617001875 0.4898250984375 0.743140403125 0.515212578125 0.7498055124999999 0.5478536234375 0.7619238625 0.5708232296875 0.7685888609375 0.5998374937500001 0.77707171875 0.6300606656250001 0.7870106859375 0.6423620375 0.8013083078125 0.6457767609375 0.8128207796875 0.63126963125 0.8237272609374999 0.6119267515625 0.8170621515625 0.557525009375 0.80373204375 0.5079590125 0.8000965499999999 0.4753179671875 0.7946433093749999 0.45476617812500003 0.7788894640625 0.45476617812500003