4 0.7335041171875 0.5951446609375 0.728905215625 0.5667833328125 0.725142496875 0.5367537203125 0.7197074859375 0.513397365625 0.7117639203125 0.5100607546875 0.69838541875 0.514231509375 0.6854248968750001 0.5217389125 0.677063353125 0.5434269796875 0.6691197859375 0.5676175140625 0.6778994609375 0.5951446609375 0.6896057453125 0.62100351875 0.6979672890625 0.6610430046875 0.70716509375 0.6877359703125 0.72263401875 0.706087425 0.73475835625 0.6843993203125 0.7506453359374999 0.6610430046875 0.75231770625 0.6310133921875 0.7418656609375 0.6093252859375 0.7335041171875 0.5951446609375
5 0.6465434796875 0.4691870890625 0.6511423828125 0.5075582875 0.66535706875 0.5250755609375 0.6854248968750001 0.5225730937499999 0.7013119515625 0.512563221875 0.7067469625 0.4900410125 0.7054927234374999 0.46585047812499997 0.70173000625 0.4424941234375 0.69504075625 0.414966978125 0.6904418531250001 0.388273975 0.6862111468750001 0.34146153125 0.676645221875 0.3307172171875 0.662848590625 0.332385540625 0.652396621875 0.34990281562500003 0.6486339046875 0.3774299625 0.6498881437499999 0.4124645109375 0.6482158124999999 0.4424941234375 0.6465434796875 0.4691870890625
3 0.527390753125 0.5400903687499999 0.5411873859375 0.5392561875 0.5478766734375 0.515065690625 0.5462043421875 0.47168955625000003 0.5445320484375 0.40912786093750003 0.5395150921874999 0.3707567015625 0.5332438953125 0.331551359375 0.5261365140625001 0.30986333125 0.510249496875 0.314034084375 0.5049099109374999 0.3239560515625 0.4993794359375 0.3565760375 0.5002155828125 0.382434896875 0.5002155828125 0.4241426671875 0.5002155828125 0.46167968593750003 0.5027240609375 0.5025533515625 0.5031421546875 0.5267438484375 0.506904871875 0.5375879015625 0.527390753125 0.5400903687499999
11 0.50230596875 0.5025533515625 0.50230596875 0.464182153125 0.5010517296875 0.41580112187499996 0.49979749062499995 0.346566165625 0.49436247968749997 0.31820487656249996 0.4784754234375 0.3040242140625 0.46476015625 0.3139529203125 0.45631721093750005 0.388273975 0.45589911718750004 0.4241426671875 0.456735303125 0.46585047812499997 0.45966183593750004 0.513397365625 0.4646787921875 0.5292463171875 0.4805658484375 0.530914640625 0.4993794359375 0.5267438484375 0.50230596875 0.5025533515625
8 0.4245431375 0.5359195765625 0.4128369296875 0.55427099375 0.40949226562499996 0.580963996875 0.40949226562499996 0.615998584375 0.40572954843750003 0.6610430046875 0.4048934015625 0.7169314015625 0.4069837875 0.748629378125 0.41534540781249996 0.7703174078125 0.4211985125 0.7686491203125 0.42210104218750005 0.76534420625 0.431232425 0.7477951968750001 0.43499514375 0.7035849578125 0.4400121 0.6552038875 0.4400121 0.615998584375 0.4379217140625 0.5934763359375 0.437503621875 0.5601101109375 0.43499514375 0.5375879015625 0.4245431375 0.5359195765625
10 0.49436247968749997 0.5609442546875 0.4839104734375 0.5526027078125 0.4717861734375 0.5517685265625001 0.4676053640625 0.5667833328125 0.4646787921875 0.6018178828125 0.4604980203125 0.6602088234375 0.4604980203125 0.6994141265625 0.45974143749999996 0.7303332484375 0.46676921718750003 0.741121975 0.47304041249999995 0.7327803890625 0.47680313124999996 0.715263115625 0.48140199531250005 0.6827310328125 0.48641895156250003 0.6426915484375 0.49018166875 0.6101594671874999 0.4926901484375 0.582632321875 0.49436247968749997 0.5609442546875
10 0.46718727031249996 0.535085434375 0.45380873125 0.532582965625 0.444610965625 0.5400903687499999 0.44377481875 0.5592759296875001 0.442520578125 0.6009837390625 0.43875786093749997 0.6426915484375 0.43583129062500003 0.68940425625 0.437503621875 0.7294437406250001 0.44468527968749993 0.744087553125 0.45589911718750004 0.7419560796875 0.460916075 0.7085898937499999 0.463424553125 0.6685504078125 0.46593303124999996 0.6301792093749999 0.4684415109375 0.6001495953125 0.47304041249999995 0.5676175140625 0.475548890625 0.5392561875 0.46718727031249996 0.535085434375
2 0.5002155828125 0.55427099375 0.49059976250000004 0.5567734625 0.49101781562499996 0.579295671875 0.48892742968749997 0.63685243125 0.48892742968749997 0.6727211625 0.4880912828125 0.70525324375 0.48985375312499996 0.72908285625 0.49645286562499996 0.741121975 0.5031421546875 0.7352828578125 0.506904871875 0.7044190625 0.50941335 0.6593746421875 0.513594121875 0.6118277546875001 0.514012215625 0.57262245 0.5115037359375 0.5492660593750001 0.5002155828125 0.55427099375
2 0.5177749328125001 0.550100240625 0.5144303078125 0.5676175140625 0.5115037359375 0.5868030765625 0.50941335 0.63685243125 0.5056506328125 0.7027507765625 0.5089952578125 0.733614571875 0.5161026 0.7444585484374999 0.5282269390625001 0.7327803890625 0.5315715640625001 0.6960775531250001 0.53867890625 0.6451940171875 0.542441625 0.6026520640624999 0.5462043421875 0.5667833328125 0.5428597171875 0.5484319156249999 0.5324077109375 0.5417586546875001 0.5177749328125001 0.550100240625
0 0.5721253125 0.58930554375 0.5679445015625 0.5626125796875 0.5612552125 0.5400903687499999 0.5470405265625 0.5417586546875001 0.5432778093749999 0.5684516578125 0.5411873859375 0.62100351875 0.5399331453125 0.7010824890625 0.539097 0.737785325 0.5436958640625 0.7578050671875001 0.5579105875 0.760307534375 0.565854115625 0.7444585484374999 0.569198740625 0.7044190625 0.5721253125 0.6527014203125 0.5737976046875 0.615998584375 0.5721253125 0.58930554375
6 0.605571678125 0.579295671875 0.5993004828124999 0.5592759296875001 0.5875942359375 0.550100240625 0.5783965078125 0.550100240625 0.572543365625 0.5609442546875 0.5696168328125 0.580129853125 0.5700348875000001 0.6059886750000001 0.5696168328125 0.6501989515625 0.5671083546875 0.6919067234375 0.565854115625 0.726941271875 0.567643903125 0.7715961625000001 0.5729614578125 0.7861663937500001 0.5863399968749999 0.7853322140625 0.5901027156249999 0.7578050671875001 0.5909389 0.7252729859375 0.5930292859375 0.6927409046874999 0.600554721875 0.6602088234375 0.6059897703125 0.6235059875 0.605571678125 0.579295671875