3 0.48956291875 0.69809465 0.4923202171875 0.7123983218750001 0.506106815625 0.7178997578125 0.5176875453124999 0.7123983218750001 0.5248565328125 0.695894065625 0.5254080140624999 0.6672866703125 0.52044484375 0.6364787421875 0.516584584375 0.6067710796875 0.514378765625 0.5759631515625 0.5121728953125 0.54405490625 0.5100993390624999 0.5201705953125 0.4989377765625 0.5033444234375 0.4972833875 0.5396537875 0.4972833875 0.5693614484375 0.4945260875 0.6056708140625 0.4923202171875 0.6331778906250001 0.4917687375 0.66398581875 0.48956291875 0.69809465
11 0.46143829218750004 0.7123983218750001 0.466952890625 0.7190000249999999 0.47687922968749996 0.7068968859375 0.48459974843750003 0.692593215625 0.48680556875000003 0.662885553125 0.4912173078125 0.6287767718749999 0.4967319078125 0.60126964375 0.5000406859375001 0.566060596875 0.5000406859375001 0.5396537875 0.4918946578125 0.521819909375 0.48404826874999995 0.5451551734375 0.47632779999999997 0.5726623015625 0.46860728125 0.6034702296875001 0.4608868109375 0.635378475 0.46033533125000003 0.654083265625 0.454269253125 0.670587521875 0.45206338281249997 0.692593215625 0.46143829218750004 0.7123983218750001
9 0.4118065984375 0.6452810296875 0.4134609875 0.6617852859375 0.41732119687499997 0.68159039375 0.42118145625 0.6969943328125 0.43110779531250004 0.6947937984375 0.44048265468750003 0.6859915109375 0.4482031734375 0.6661864046875 0.44930608281250006 0.6441807125000001 0.446548784375 0.6199744859375 0.44599730312499997 0.5902668249999999 0.4454458234375 0.5693614484375 0.4415856140625 0.541854321875 0.44048265468750003 0.5187483625 0.43717387499999993 0.4967427203125 0.42900576093750004 0.48883362343750003 0.42779901562499995 0.49344186875 0.4250417171875 0.504444690625 0.4250417171875 0.5396537875 0.4250417171875 0.5693614484375 0.42228436562500005 0.6056708140625 0.415115378125 0.621074753125 0.4118065984375 0.6452810296875
15 0.378167321875 0.649682146875 0.3770644125 0.66398581875 0.3803731921875 0.6804900765624999 0.38754218125 0.6859915109375 0.39415974062500003 0.6859915109375 0.40353464843750003 0.6782895421874999 0.4107036375 0.6782895421874999 0.4195270671875 0.658484434375 0.42228436562500005 0.6276764546875 0.4195270671875 0.6122725171875001 0.4195270671875 0.57706341875 0.4195270671875 0.537453203125 0.41576599375 0.5069760796875 0.4112551171875 0.49344186875 0.396917090625 0.4923415515625 0.38478488125 0.5121466609375 0.3842334015625 0.541854321875 0.3831304921875 0.5715619828125 0.3825790109375 0.59796879375 0.3825790109375 0.6276764546875 0.378167321875 0.649682146875
13 0.33019001875 0.608971665625 0.328535628125 0.6408798609375 0.34066783749999996 0.6573841171875 0.353351475 0.658484434375 0.3643807234375 0.670587521875 0.3754100234375 0.671687840625 0.3842334015625 0.6463812953125 0.3842334015625 0.61447305 0.37982171249999996 0.5781636859375 0.3803731921875 0.54405490625 0.3787188015625 0.5110463921874999 0.371081778125 0.48553499375 0.356108775 0.47583729531249996 0.347285396875 0.474737028125 0.34563100625 0.500043571875 0.34563100625 0.5341523515625 0.3434251359375 0.566060596875 0.336256096875 0.586965971875 0.33019001875 0.608971665625
13 0.3175063796875 0.6133727828125 0.331292928125 0.6111722 0.33791048749999997 0.60126964375 0.34838830625 0.5924674078125001 0.34838830625 0.5572583109375 0.3478368265625 0.5176480953125 0.34838830625 0.49344186875 0.3500426953125 0.474737028125 0.34011635625 0.4571325046875 0.32743271875 0.46043335625 0.32143264843749997 0.46904185 0.315851990625 0.49454213593749996 0.305374171875 0.5154475109375001 0.294896353125 0.53525261875 0.2926905328125 0.558358578125 0.29379344375 0.579264003125 0.3048226921875 0.5935676765625 0.3108888203125 0.6067710796875 0.3175063796875 0.6133727828125
13 0.3197122 0.47143617656250003 0.307580040625 0.44392909999999997 0.2993080921875 0.42412399218749997 0.2904846625 0.4175222890625 0.2784034046875 0.4245103640625 0.277801 0.462633890625 0.28552149375 0.48463958125 0.2959993125 0.5121466609375 0.302616871875 0.51434724375 0.3059256515625 0.507745540625 0.3175063796875 0.4890407 0.3197122 0.47143617656250003
1 0.5645618890625 0.716799440625 0.573936796875 0.7134985890625 0.5838631359375 0.6947937984375 0.5855175265625 0.6661864046875 0.581657265625 0.6331778906250001 0.57779700625 0.61007193125 0.57779700625 0.5693614484375 0.5755911874999999 0.52755065 0.5755911874999999 0.5033444234375 0.5622309234375 0.5086253953125001 0.5562899390625 0.5319517671875 0.5540841203125 0.558358578125 0.550775340625 0.5946679421875001 0.550775340625 0.6276764546875 0.5463636015625 0.662885553125 0.5496723796875 0.683790928125 0.5562899390625 0.7068968859375 0.5645618890625 0.716799440625
7 0.5800028765625 0.695894065625 0.5877233453125 0.700295184375 0.6009584640625001 0.6969943328125 0.613642153125 0.7035960359375 0.6175023625 0.6859915109375 0.6169509328125 0.649682146875 0.6125391921875 0.6155733671875 0.613090671875 0.58586570625 0.6147450625 0.5495563421874999 0.6147450625 0.516547828125 0.6103333734375 0.49344186875 0.5969853140625 0.49213225156249996 0.5855175265625 0.5099461265625 0.582208746875 0.52755065 0.5766940968750001 0.5737625671875 0.573936796875 0.6034702296875001 0.5722824078125 0.6342781578125 0.5722824078125 0.6606849687499999 0.5750397078125 0.6804900765624999 0.5800028765625 0.695894065625
5 0.6246714015625 0.683790928125 0.6373550390625 0.6848912453125 0.6483843390625 0.67278810625 0.663825275 0.6683869890625 0.663273846875 0.6408798609375 0.6572077171874999 0.61007193125 0.6527960265625 0.591367090625 0.6483843390625 0.5528571921875 0.6533475078125 0.5033444234375 0.6489357671875 0.474737028125 0.6292572484375001 0.48553499375 0.61970823125 0.49344186875 0.6175023625 0.5187483625 0.6175023625 0.5616594296875 0.613090671875 0.6023699625 0.6086789828125 0.6265761890625 0.6097818921875 0.65628385 0.615847971875 0.6760889578125 0.6246714015625 0.683790928125
5 0.6538989374999999 0.6177739015625 0.66713405625 0.61887421875 0.6781633546875 0.608971665625 0.6886411234375001 0.608971665625 0.699670421875 0.600169378125 0.699670421875 0.567160865625 0.691398471875 0.5385534703125 0.6831265234375 0.500043571875 0.6722864921875 0.48388567968749996 0.6610679765625 0.47143617656250003 0.650038728125 0.474737028125 0.6467299484375 0.48133873125 0.6478328578125 0.5110463921874999 0.64617846875 0.5396537875 0.6428696890625 0.5715619828125 0.6478328578125 0.60126964375 0.6538989374999999 0.6177739015625
5 0.68257504375 0.465934740625 0.6726487046875 0.47253644375 0.670442834375 0.48573985000000003 0.6781633546875 0.51434724375 0.6921461437499999 0.521819909375 0.7002218515624999 0.5033444234375 0.7079423703125001 0.4890407 0.715111359375 0.47143617656250003 0.710148190625 0.45273133593750003 0.70077333125 0.43512681249999996 0.6908469921875 0.43512681249999996 0.6875382125 0.4549319203125 0.68257504375 0.465934740625
14 0.42118145625 0.7013955015625 0.4156668078125 0.68159039375 0.40243168906250004 0.67278810625 0.39250535000000003 0.67278810625 0.38754218125 0.6859915109375 0.385976515625 0.8219951156249999 0.3853363609375 0.8422317906250001 0.3908509609375 0.867538384375 0.404086078125 0.8598363640625 0.40849781875 0.8268278499999999 0.4112551171875 0.783916784375 0.4156668078125 0.7575099734374999 0.4189755875 0.7300028453125 0.42118145625 0.7013955015625
8 0.448754603125 0.69809465 0.44599730312499997 0.6782895421874999 0.43717387499999993 0.6661864046875 0.4283504953125 0.6650861359375 0.42118145625 0.6804900765624999 0.41732119687499997 0.70249576875 0.4134609875 0.7685128453125001 0.4134609875 0.7927190203125 0.4140124171875 0.8257275328125001 0.4134609875 0.8609366812499999 0.415115378125 0.8884437078125 0.42228436562500005 0.896145728125 0.43110779531250004 0.8807417890625 0.43386509531249995 0.849933809375 0.438276834375 0.8070227437499999 0.4432400046875 0.7619111421875 0.4471002140625 0.7278023109375 0.448754603125 0.69809465
10 0.4730190203125 0.691492946875 0.464195590625 0.674988690625 0.454269253125 0.670587521875 0.44930608281250006 0.677189225 0.4482031734375 0.69369348125 0.446548784375 0.7101977374999999 0.443791434375 0.733303696875 0.44213704375 0.783916784375 0.43882826406250003 0.81912583125 0.43728061562500004 0.84838414375 0.4432400046875 0.8631372140625 0.451511953125 0.867538384375 0.45868094218750005 0.8598363640625 0.46198972187500004 0.8367304046875 0.4652985015625 0.78171625 0.46750437187499994 0.7476074203125 0.4730190203125 0.7190000249999999 0.4730190203125 0.691492946875
10 0.49066582812500004 0.7035960359375 0.49066582812500004 0.6881920953125 0.48459974843750003 0.679389809375 0.4757763203125 0.679389809375 0.4680558515625 0.6859915109375 0.4680558515625 0.70249576875 0.46750437187499994 0.725601728125 0.46750437187499994 0.75640965625 0.4652985015625 0.7806159328125 0.4625412015625 0.8092232765625 0.46198972187500004 0.8345298718749999 0.46210518125 0.8401375734375 0.45978390156250004 0.8576358296875 0.4664014609375 0.8697389171875001 0.47522483906249996 0.8653377484375 0.48184239843750004 0.83122901875 0.48404826874999995 0.7971201890625 0.48680556875000003 0.76521199375 0.4884599578125 0.7278023109375 0.49066582812500004 0.7035960359375
2 0.511621415625 0.7079972046874999 0.4989377765625 0.6859915109375 0.4928716984375 0.6859915109375 0.48735704843749994 0.692593215625 0.48625413906250003 0.7068968859375 0.4884599578125 0.7366045484375 0.4890114375 0.766312209375 0.490114346875 0.7993207234375 0.490114346875 0.8246273171875 0.48858471562499994 0.8533320874999999 0.4939746078125 0.8620368968750001 0.5027980359375 0.8829423234375 0.50776120625 0.8697389171875001 0.511621415625 0.8345298718749999 0.5110699859375 0.7971201890625 0.5083126359375 0.7575099734374999 0.509967025 0.7278023109375 0.511621415625 0.7079972046874999
2 0.5287167937499999 0.6892923625 0.5220992343749999 0.6892923625 0.5121728953125 0.69809465 0.508864115625 0.7068968859375 0.5083126359375 0.7432062515625 0.509967025 0.7553094390624999 0.509967025 0.7861173171875 0.5110699859375 0.8224266828125 0.5150642515625 0.8549814031249999 0.521547753125 0.8686386 0.5254080140624999 0.8565355125 0.5287167937499999 0.8378307218750001 0.529819703125 0.812524128125 0.532025571875 0.7707133796875001 0.5342314421875 0.7289025796875 0.5386431328125 0.700295184375 0.5287167937499999 0.6892923625
0 0.56511336875 0.7178997578125 0.5607016796875001 0.6969943328125 0.5535326406250001 0.6826906609375001 0.54415778125 0.6804900765624999 0.537540221875 0.69369348125 0.5331284828125 0.7156991734375 0.5314740921875 0.7399053999999999 0.5314740921875 0.771813696875 0.5314740921875 0.8092232765625 0.5349239031249999 0.861578659375 0.537540221875 0.8774409375 0.5447092109375 0.8851428578125 0.55187825 0.8774409375 0.5551870296875 0.8565355125 0.5607016796875001 0.8213264656250001 0.5618045890625 0.7784153984375 0.5629074984375 0.7476074203125 0.56511336875 0.7178997578125
6 0.594892384375 0.7156991734375 0.5926865140625 0.6991949171875 0.5838631359375 0.691492946875 0.5766940968750001 0.683790928125 0.568973628125 0.691492946875 0.563458978125 0.7101977374999999 0.55959871875 0.7366045484375 0.5656648484375 0.7685128453125001 0.5656648484375 0.7883179515625 0.5700765375 0.829028384375 0.572988234375 0.8467348296875 0.5772455765625 0.8653377484375 0.58606895625 0.8653377484375 0.589929215625 0.8521343437500001 0.5926865140625 0.8268278499999999 0.5926865140625 0.7982205062500001 0.5926865140625 0.771813696875 0.594892384375 0.7410057171875 0.594892384375 0.7156991734375
4 0.6307374796875 0.674988690625 0.6180538421875 0.6782895421874999 0.6114362828125001 0.6892923625 0.595443865625 0.69369348125 0.5882748265625 0.69369348125 0.5838631359375 0.70579661875 0.5855175265625 0.733303696875 0.5893777359375 0.746507103125 0.595443865625 0.7861173171875 0.5969853140625 0.8219951156249999 0.6086789828125 0.8345298718749999 0.6235684906250001 0.8224266828125 0.63294335 0.8081230609375 0.6417667781249999 0.7982205062500001 0.64342116875 0.7685128453125001 0.6362521296875 0.7278023109375 0.634046259375 0.69369348125 0.6307374796875 0.674988690625
4 0.6869867328125 0.6848912453125 0.68257504375 0.65628385 0.6660311453125 0.6529829984375 0.6544504171875001 0.6661864046875 0.6417667781249999 0.6661864046875 0.63018605 0.671687840625 0.6191567515624999 0.6881920953125 0.63018605 0.7355043328125 0.6373550390625 0.76521199375 0.6428696890625 0.8092232765625 0.6532543265624999 0.8500334593750001 0.6599650671874999 0.867538384375 0.677611875 0.8598363640625 0.691398471875 0.8477332765625001 0.7024277203125 0.8268278499999999 0.6974645515625 0.7938193375 0.6925013828125001 0.754209121875 0.686435303125 0.7123983218750001 0.6869867328125 0.6848912453125
4 0.7366184265625 0.6826906609375001 0.7316552578125 0.6573841171875 0.7173172796875 0.649682146875 0.7051850203125001 0.6529829984375 0.6991189421875 0.66398581875 0.6936042921875 0.6738883734375001 0.6858838234375 0.6826906609375001 0.677611875 0.700295184375 0.6765089640624999 0.7278023109375 0.6869867328125 0.7531088046875001 0.6985674609375 0.7806159328125 0.7084938000000001 0.812524128125 0.7153157375 0.8153978578125001 0.7250376984375 0.8268278499999999 0.733309646875 0.8202261484375001 0.7459933359375001 0.8103235953124999 0.758677025 0.7850171015625 0.7526108953125 0.7575099734374999 0.7459933359375001 0.7487077375 0.73992720625 0.7190000249999999 0.7366184265625 0.6826906609375001
4 0.7305523984375 0.679389809375 0.7322067875 0.70579661875 0.7443389453125 0.7410057171875 0.762482409375 0.7395294 0.7768753125 0.7245014609375 0.7845957296875 0.68159039375 0.78183848125 0.649682146875 0.7652945843750001 0.6265761890625 0.753162325 0.6221750703125 0.7432359859375001 0.6386793265625 0.736066996875 0.6529829984375 0.7305523984375 0.679389809375
12 0.378167321875 0.677189225 0.3687924640625 0.6672866703125 0.3572117359375 0.662885553125 0.347285396875 0.6650861359375 0.3450795265625 0.695894065625 0.3450795265625 0.7156991734375 0.334050278125 0.7696130609375 0.328535628125 0.796019871875 0.3439766171875 0.829028384375 0.36942680625 0.8203458015624999 0.3743070625 0.7982205062500001 0.38202758124999997 0.771813696875 0.386439271875 0.742106034375 0.3952627 0.7201002921875 0.40077729843750004 0.6969943328125 0.39415974062500003 0.6826906609375001 0.38478488125 0.677189225 0.378167321875 0.677189225
12 0.3450795265625 0.6474815640625 0.3307414984375 0.6364787421875 0.323572459375 0.6221750703125 0.3097858609375 0.6243756046875 0.2993080921875 0.637579009375 0.297653703125 0.677189225 0.2982051328125 0.700295184375 0.2926905328125 0.7344040140625 0.28221271406250004 0.767412528125 0.2811097796875 0.7982205062500001 0.2838671046875 0.829028384375 0.2943449234375 0.849933809375 0.3106753375 0.84838414375 0.3230209796875 0.8301287015625001 0.3290871078125 0.805922425 0.3334987984375 0.78171625 0.3412192671875 0.7476074203125 0.350594175 0.7156991734375 0.358866125 0.6848912453125 0.3566602546875 0.65628385 0.3450795265625 0.6474815640625
12 0.2833156234375 0.65188273125 0.273940765625 0.6430804453125 0.2590512578125 0.6364787421875 0.2524336984375 0.654083265625 0.2485734375 0.6826906609375001 0.24361026875 0.71459890625 0.234786865625 0.737704865625 0.22706637187499998 0.7531088046875001 0.22816930625 0.7861173171875 0.242507359375 0.8092232765625 0.26185369375 0.8088006015625 0.273940765625 0.7850171015625 0.28000684374999996 0.7553094390624999 0.28827879375 0.7344040140625 0.29875661249999996 0.7190000249999999 0.3048226921875 0.69369348125 0.3004110015625 0.674988690625 0.2915875734375 0.6595847015625 0.2833156234375 0.65188273125
12 0.203353459375 0.6287767718749999 0.20227473906250001 0.6537650546875 0.20886808281250002 0.687091778125 0.2171400328125 0.704696353125 0.2336839296875 0.7123983218750001 0.2524336984375 0.6947937984375 0.2596027125 0.6452810296875 0.24691904843749998 0.604570496875 0.21934590156249997 0.5935676765625 0.203353459375 0.6287767718749999