3 0.524151965625 0.674219640625 0.5439438984375 0.6785629296875 0.55833803125 0.6709621625 0.5667346453125 0.6611897250000001 0.5679341375 0.6383873734375001 0.5679341375 0.6058125828125001 0.5691336312499999 0.572151934375 0.5721324453125 0.5276330890625001 0.5721324453125 0.4863716734375 0.5751312046875 0.45922603124999994 0.5733319375 0.4418527765625 0.5595375781249999 0.42665124218750006 0.5468066078125 0.43844358437500003 0.539145871875 0.46356932031250003 0.5301495390625 0.50700235625 0.5229524734375001 0.546092103125 0.5169549 0.5895251890625001 0.512756646875 0.6134133515625 0.51095738125 0.6405589921875 0.5145559140625 0.6633613453125 0.524151965625 0.674219640625
3 0.5949231375 0.65901805625 0.6009207109375 0.6297007453125001 0.6009207109375 0.5906109984375 0.6015204296875 0.5536929203125001 0.6015204296875 0.5113456937499999 0.597322178125 0.48962915156250003 0.586404378125 0.4758793671875 0.5775302453125 0.4863716734375 0.5781299640625 0.5004873984375 0.575730978125 0.531976378125 0.5739317109375001 0.567808646875 0.566134871875 0.6047267234375 0.564935378125 0.6373015140625 0.5775302453125 0.6568463859375 0.5949231375 0.65901805625
1 0.5985216703125 0.5167747921875 0.6135155765625 0.52111813125 0.627909709375 0.50700235625 0.6387053093749999 0.47008427812500003 0.6357064953125 0.446196115625 0.6357064953125 0.420136284375 0.6429035609375 0.3734457203125 0.637701490625 0.36357201875 0.6375057609375 0.3484717484375 0.622511909375 0.34304260000000003 0.6117163109375 0.3506433671875 0.6057187359375 0.39299059375 0.5931238703124999 0.436423678125 0.5853270296875001 0.4711700875 0.591924378125 0.49722991875 0.5985216703125 0.5167747921875
7 0.64650209375 0.5949542875 0.6584972421875 0.59278266875 0.6656943078124999 0.5656369765625 0.6644947609375 0.5384913359375 0.659696734375 0.509174025 0.655498428125 0.46899846875 0.6431011875 0.46123058281249996 0.6327077359375 0.453796884375 0.623111628125 0.4711700875 0.6165143359374999 0.5037448765625 0.6123160296875 0.5232897515625 0.6123160296875 0.555864540625 0.6201128687499999 0.5797527515625001 0.629109203125 0.5819243703125 0.64650209375 0.5949542875
7 0.6644947609375 0.546092103125 0.6824874265624999 0.5504354421875 0.6950822921875 0.5417488140625 0.6998803734375 0.5124315046875 0.6998803734375 0.4863716734375 0.6950822921875 0.45596855312500006 0.6830872 0.42773705156249997 0.6710921078125 0.42773705156249997 0.6584972421875 0.434252009375 0.6542989343750001 0.44511025625 0.651300175 0.467912609375 0.649500909375 0.493972440625 0.649500909375 0.5265472296875 0.6644947609375 0.546092103125
5 0.696281840625 0.5232897515625 0.696281840625 0.5547787296875 0.696281840625 0.5808385609375 0.7052781734375 0.6058125828125001 0.71967230625 0.6058125828125001 0.7328668921875 0.5982117671875 0.749060290625 0.5830102312500001 0.758656453125 0.5667228359375 0.7574569046875 0.5374055265625 0.7496601187499999 0.50700235625 0.741863225 0.49288663125000004 0.732267171875 0.46248351093749995 0.7292683578125 0.4429386375 0.7232708390625 0.42122209374999997 0.70887670625 0.415792946875 0.69808110625 0.415792946875 0.6932830265625001 0.43208034062499995 0.6932830265625001 0.4505394046875 0.6938828 0.493972440625 0.696281840625 0.5232897515625
5 0.7352659859374999 0.3669307625 0.720272025 0.3832181578125 0.7136747875 0.396248071875 0.7166734921875 0.4223079046875 0.72507010625 0.44728192499999997 0.73586570625 0.4711700875 0.7454617578125 0.49180082187499996 0.7573947515625 0.490528153125 0.7718510375000001 0.4765992359375 0.7784483843750001 0.4570543625 0.7850456218749999 0.4288228625 0.7862451703125 0.40276302968750005 0.7748498515625 0.37235990937499996 0.7574569046875 0.3517292265625 0.7442623203125 0.3517292265625 0.7352659859374999 0.3669307625
11 0.45278107500000003 0.6003834359375 0.45158158281249994 0.6286149359375 0.4545803421875 0.6546747671875 0.471373515625 0.6666188234375 0.492364940625 0.669876303125 0.5067590734375 0.6633613453125 0.5145559140625 0.64707395 0.512756646875 0.622099978125 0.5115571 0.58735351875 0.5097578328125 0.558036209375 0.5091581140625 0.5232897515625 0.5079585671875 0.493972440625 0.502709090625 0.46123058281249996 0.48936618125000003 0.4407669671875 0.4779708078125 0.4429386375 0.47317278125 0.46899846875 0.463576675 0.5189464625 0.46057791562499995 0.54500629375 0.46057791562499995 0.569980315625 0.45278107500000003 0.6003834359375
11 0.41259743593750003 0.631872415625 0.4233930359375 0.6416448515625001 0.4359879015625 0.64924561875 0.44498423593750003 0.64924561875 0.4497823171875 0.6351298937500001 0.45697938281250006 0.59712595625 0.463576675 0.5645511671875 0.463576675 0.5374055265625 0.46837470156250005 0.5048307359375 0.47197323437499994 0.4776850453125 0.46491121875 0.448209440625 0.450981809375 0.45488269375 0.44258525000000004 0.47334175624999997 0.434788409375 0.49614410937500003 0.42519230312499995 0.529804709375 0.4173955171875 0.555864540625 0.4107981703125 0.5906109984375 0.408399184375 0.612327540625 0.41259743593750003 0.631872415625
9 0.4257920765625 0.5287188984375 0.43418863593749996 0.5124315046875 0.44198547499999996 0.49071496249999996 0.4467835015625 0.4765992359375 0.4467835015625 0.4603118421875 0.445584009375 0.444024446875 0.4359879015625 0.4255653828125 0.4311898765625 0.41144965781250004 0.42939060937500007 0.3853898265625 0.42279331718749996 0.3604158046875 0.41619597031250005 0.344128409375 0.40120211718750004 0.3365276421875 0.392805503125 0.3365276421875 0.3844089453125 0.3506433671875 0.385715678125 0.389614303125 0.38800747812499997 0.434252009375 0.3898067453125 0.46248351093749995 0.39100623749999996 0.48962915156250003 0.3946047703125 0.5113456937499999 0.40480065156249995 0.5189464625 0.41679574375 0.5276330890625001 0.4257920765625 0.5287188984375
15 0.3628177453125 0.58518185 0.3844089453125 0.5786668921875 0.39580431875 0.5743236031250001 0.404200878125 0.54934958125 0.40120211718750004 0.5135173140625 0.3970038109375 0.4744275671875 0.39100623749999996 0.4385952984375 0.38031598125 0.41402894375 0.37421311875 0.42665124218750006 0.362217971875 0.45922603124999994 0.356220453125 0.48202838437500006 0.3490233859375 0.5048307359375 0.3436255875 0.5439204828124999 0.350822653125 0.567808646875 0.3628177453125 0.58518185
15 0.3424260390625 0.5395771453125 0.356220453125 0.5276330890625001 0.36881531875 0.5004873984375 0.373013571875 0.472255946875 0.3694150390625 0.42990872187500007 0.358717196875 0.40589072968749995 0.3436255875 0.3995055515625 0.3316304390625 0.4049347 0.323833653125 0.4244795734375 0.3160368140625 0.4516252140625 0.3130380546875 0.4765992359375 0.3184358546875 0.5037448765625 0.3316304390625 0.5254614203125 0.3424260390625 0.5395771453125
13 0.27705272187499996 0.5830102312500001 0.2914468546875 0.5906109984375 0.30284217343750003 0.5743236031250001 0.3082399734375 0.5515212515625 0.3130380546875 0.5341480468750001 0.3166365875 0.5124315046875 0.3166365875 0.48420000312499994 0.3208348390625 0.446196115625 0.32923145468750004 0.41470713750000004 0.330430946875 0.39733393125 0.3232338796875 0.377789059375 0.3038202890625 0.37171023281250004 0.29264634843750004 0.3897331140625 0.2818507484375 0.419050425 0.267456615625 0.45488269375 0.24946395 0.47985671406249997 0.2428666296875 0.505916546875 0.2452656421875 0.5504354421875 0.257860509375 0.56889445625 0.27705272187499996 0.5830102312500001
13 0.2146781109375 0.4233937640625 0.22547370937500003 0.4407669671875 0.236869084375 0.47008427812500003 0.24826445625 0.4744275671875 0.26445785625 0.467912609375 0.28065125625 0.44511025625 0.293020896875 0.3863590171875 0.29624488125 0.3636732828125 0.286648775 0.34304260000000003 0.2740539078125 0.32892685 0.251862990625 0.31698276875000003 0.23267077656250001 0.33327016249999997 0.21587763125 0.3658449515625 0.21287884375 0.396248071875 0.2146781109375 0.4233937640625
10 0.5175546734375 0.7665149109375 0.5205534328125 0.736111740625 0.5205534328125 0.71113771875 0.5193539390625 0.6905070359375001 0.5085583406249999 0.6785629296875 0.497762740625 0.6785629296875 0.48396838124999997 0.6785629296875 0.48096956718749995 0.689421175 0.48096956718749995 0.7154810078125 0.4803698484375 0.7415408390625 0.48291020625 0.7672274171875 0.482768834375 0.8034329390625 0.48576764843750003 0.8294927703124999 0.48876640781249997 0.8544668421875 0.50016178125 0.8674967562499999 0.5175546734375 0.859895940625 0.5175546734375 0.8316644890625 0.5175546734375 0.7980038406250001 0.5175546734375 0.7665149109375
2 0.5469427125 0.686163696875 0.5355473390625 0.6807345984375 0.52115320625 0.6807345984375 0.51575540625 0.689421175 0.5163551796875 0.7187384859375 0.5169549 0.7545707546875 0.5169549 0.7665149109375 0.52115320625 0.7936605015625 0.524307875 0.8290778421875 0.534347846875 0.8577243203125 0.5487419796874999 0.8642392781250001 0.55294023125 0.8403510656250001 0.5511409656249999 0.807776278125 0.5511409656249999 0.7686865296875001 0.5511409656249999 0.7295967828125 0.5511409656249999 0.7046227609375 0.5469427125 0.686163696875
2 0.586526578125 0.695936134375 0.5745314296874999 0.686163696875 0.5577383124999999 0.6807345984375 0.5493416984375 0.6872495562500001 0.549941471875 0.7024510921875 0.549941471875 0.7306825921875 0.549941471875 0.7676006703125 0.5517407390625 0.8197203328124999 0.557606 0.8453542687500001 0.566134871875 0.8555526015625 0.5745314296874999 0.8512093625 0.5799292312500001 0.836007728125 0.5799292312500001 0.807776278125 0.581128778125 0.7686865296875001 0.586526578125 0.7393692203125 0.5895253375 0.7154810078125 0.586526578125 0.695936134375
0 0.6255106687499999 0.77302986875 0.6255106687499999 0.750227465625 0.6189133765625 0.7328542609375 0.6087174953125001 0.7198243453125001 0.5955229109375 0.7143951984375 0.5877260703125 0.723081825 0.5787297375 0.7523991359375 0.5787297375 0.77302986875 0.5829280453125001 0.80126131875 0.5883258437500001 0.8392652078125 0.5936039734375 0.8648859812499999 0.597921896875 0.888127390625 0.6087174953125001 0.8924707296875001 0.623111628125 0.8859557718750001 0.6303086953125 0.8794408140625001 0.633907228125 0.862067559375 0.628509428125 0.8305786296875001 0.6255106687499999 0.8056046578125 0.6255106687499999 0.77302986875
6 0.6530994421874999 0.7437125078125 0.640504575 0.7437125078125 0.633307509375 0.7578282328125 0.6273099359375001 0.7784589671875 0.6249108953125 0.800175459375 0.6395013890625 0.8469819125000001 0.6459023765625 0.8740117156249999 0.660296509375 0.8642392781250001 0.6716918265625 0.8566384609375 0.6776894 0.8370935875000001 0.6722916015625 0.8142912359375 0.670492334375 0.7828023046875 0.6668938 0.7589140921875 0.6530994421874999 0.7437125078125
4 0.6938828 0.6394731828125 0.675290359375 0.6438164703125 0.6548987078125 0.660103865625 0.6477016421874999 0.686163696875 0.6530994421874999 0.7154810078125 0.659696734375 0.73502588125 0.6662940265625 0.7686865296875001 0.675290359375 0.81103375625 0.688098653125 0.82582255625 0.7124752390625 0.8066904171875 0.725669825 0.786059784375 0.7328668921875 0.7599999515625 0.720871853125 0.7317684015625 0.714874225 0.7035369515625 0.7124752390625 0.674219640625 0.7052781734375 0.64924561875 0.6938828 0.6394731828125
4 0.7682525046875 0.6611897250000001 0.7676527859375 0.6264432671875 0.7610554375 0.596040146875 0.7526588234375 0.5884393296875 0.7406637859375 0.58518185 0.7220712921875 0.6014692453125 0.706477721875 0.607984203125 0.69808110625 0.619928309375 0.6992806 0.6438164703125 0.7052781734375 0.6753054515625 0.7160737734375 0.7013652828125 0.7232708390625 0.7306825921875 0.726869371875 0.7610857125 0.7346661578125 0.7914888828125 0.7492952078124999 0.8095461296875 0.7604557187500001 0.8142912359375 0.7748498515625 0.8066904171875 0.7808473703125001 0.7936605015625 0.789243984375 0.774115628125 0.79404195625 0.7556566140625 0.7862451703125 0.7306825921875 0.7754495703125001 0.7035369515625 0.7682525046875 0.6611897250000001
4 0.7718510375000001 0.6427306609375 0.7676527859375 0.67313378125 0.77245075625 0.707880240625 0.7856454515625 0.724167634375 0.8077919140625 0.7281639921874999 0.8204312359375001 0.7133093875000001 0.8276283031249999 0.6937645140625001 0.8312268359375 0.669876303125 0.8318265546875001 0.6383873734375001 0.8180322500000001 0.6144991609375 0.8000395843750001 0.6058125828125001 0.7784483843750001 0.6144991609375 0.7718510375000001 0.6427306609375
10 0.48516787343749995 0.7426266984375001 0.48516787343749995 0.71113771875 0.482768834375 0.688335365625 0.47497204843749996 0.6709621625 0.4599781421875 0.66879049375 0.4473832765625 0.6709621625 0.4407859828125 0.686163696875 0.4395864359375 0.70896605 0.4407859828125 0.7285109234375 0.44438451562500003 0.751313275 0.453211878125 0.78675913125 0.4563796078125 0.8229778124999999 0.46057791562499995 0.8425226859375 0.470773740625 0.8642392781250001 0.481569340625 0.8577243203125 0.48636736718750007 0.8370935875000001 0.48636736718750007 0.7980038406250001 0.48516787343749995 0.7654290515625 0.48516787343749995 0.7426266984375001
8 0.44498423593750003 0.7980038406250001 0.450382034375 0.7817164453125 0.450382034375 0.7556566140625 0.445584009375 0.733940071875 0.434788409375 0.70679443125 0.41859501093749996 0.705708571875 0.4065999171875 0.7176526765625 0.40060234375 0.7469699875 0.3946047703125 0.7936605015625 0.3965150703125 0.8128014140625 0.3946047703125 0.84903764375 0.39520454374999997 0.8642392781250001 0.403601103125 0.8783549546874999 0.41679574375 0.8837841531249999 0.42699156875 0.8685825171875001 0.43298914374999997 0.8533809828125 0.4395864359375 0.8240636718750001 0.44498423593750003 0.7980038406250001
14 0.3784113703125 0.736111740625 0.366416278125 0.7328542609375 0.350822653125 0.7426266984375001 0.34422530625 0.76325743125 0.340027053125 0.78714554375 0.33223021406250003 0.8327502484375 0.3298311734375 0.859895940625 0.3502228796875 0.8740117156249999 0.3542174515625 0.8779071234375 0.36581650468750004 0.8816124328124999 0.37781165156249996 0.86315341875 0.3862082109375 0.836007728125 0.3940050515625 0.8121196156250001 0.40120211718750004 0.7893172625 0.3970038109375 0.764343190625 0.3886072515625 0.7426266984375001 0.3784113703125 0.736111740625
12 0.330430946875 0.6264432671875 0.31723630625 0.624271596875 0.30164268125000004 0.6351298937500001 0.293246121875 0.6644472046875001 0.293845840625 0.6818204078125001 0.2872485484375 0.70896605 0.2764529484375 0.7317684015625 0.272854415625 0.751313275 0.27525345625000003 0.7719440093750001 0.2914468546875 0.786059784375 0.3136377734375 0.8045187984375 0.326319021875 0.8030355578125 0.341226546875 0.783888065625 0.346624346875 0.7393692203125 0.3526219203125 0.7133093875000001 0.3628177453125 0.695936134375 0.36881531875 0.662275534375 0.361618253125 0.6373015140625 0.34302581249999997 0.634044034375 0.330430946875 0.6264432671875
12 0.3058409875 0.59712595625 0.29444561406249997 0.5949542875 0.27705272187499996 0.5808385609375 0.262058815625 0.57323779375 0.2500637234375 0.571066125 0.24406615 0.5819243703125 0.2398678421875 0.6036409140625 0.236869084375 0.6264432671875 0.23327055 0.6546747671875 0.22487396406250001 0.689421175 0.20928031093750002 0.712223528125 0.20268301718749998 0.7382833609375 0.206881296875 0.7610857125 0.22007591093749998 0.776287346875 0.24622353125 0.7932697015625 0.257860509375 0.786059784375 0.267456615625 0.7599999515625 0.275853175 0.7328542609375 0.28365001562500003 0.70679443125 0.29624488125 0.6872495562500001 0.3160368140625 0.636215703125 0.3130380546875 0.6134133515625 0.3058409875 0.59712595625
12 0.1666976859375 0.6134133515625 0.165498165625 0.660103865625 0.17689351250000002 0.6948503234375 0.20122606406250002 0.710259921875 0.223074696875 0.6915928453125 0.2320710296875 0.6611897250000001 0.2320710296875 0.622099978125 0.22247495156250002 0.6090700625000001 0.2146781109375 0.58735351875 0.19608569843749998 0.5775810828125 0.1822913109375 0.5819243703125 0.1666976859375 0.6134133515625