3 0.5048406390625 0.5881478687499999 0.521434103125 0.5975932609375 0.530916121875 0.5957041750000001 0.5394499109375 0.5919260421875 0.5451391046875 0.5843697375 0.5456131734375 0.5664235578125 0.5451391046875 0.538087465625 0.542768578125 0.5163631125 0.5422945078125 0.48802701875 0.5422945078125 0.454968228125 0.5422945078125 0.42663213593749993 0.5413462796874999 0.4039632609375 0.5300896390625 0.39393178125 0.523330515625 0.40207421718749997 0.5219082171875 0.417186784375 0.5176413234374999 0.45780183750000003 0.5147967265625 0.48613793125000004 0.509581646875 0.514474025 0.5048406390625 0.539976509375 0.5048406390625 0.5645344718749999 0.5048406390625 0.5881478687499999
3 0.546561403125 0.5834252140625 0.5569915609375 0.585314259375 0.566473578125 0.585314259375 0.574533253125 0.58059160625 0.5825929296875 0.5673680812499999 0.5806965609375 0.54469920625 0.57737785 0.5210858093749999 0.5750073671875 0.4842488875 0.5740591390625001 0.450245575 0.5697922453125 0.4209649171875 0.564577165625 0.3964069984375 0.5542772031250001 0.39251593125 0.5475095859375 0.39829604218750003 0.5441908765625 0.4209649171875 0.5441908765625 0.44646740156250003 0.546561403125 0.48235979999999995 0.546561403125 0.511640415625 0.5441908765625 0.534309290625 0.5432426921875 0.5645344718749999 0.546561403125 0.5834252140625
1 0.5982382109375 0.57870251875 0.609616596875 0.57681343125 0.6167280875000001 0.5579227296875 0.6205209125 0.539976509375 0.6190986140625 0.514474025 0.615779903125 0.50125054375 0.61246119375 0.441744746875 0.609616596875 0.4105750453125 0.6039274031249999 0.3897952140625 0.5934041453125001 0.38260497656250003 0.5878080515625 0.3888506921875 0.5825929296875 0.4011296515625 0.5825929296875 0.4408001828125 0.5825929296875 0.469136275 0.5816447453125 0.5050286749999999 0.5788001484375 0.528642071875 0.586385753125 0.55603364375 0.5982382109375 0.57870251875
7 0.6247878078125 0.5588672531250001 0.6337956671875 0.5711462125 0.645174053125 0.5645344718749999 0.650863246875 0.5513109468749999 0.6541819578125 0.53147568125 0.6518114749999999 0.50125054375 0.6456481671875001 0.48330432187500005 0.639958975 0.447411965625 0.6366402640625 0.4096304796875 0.63426978125 0.3907397796875 0.62431369375 0.37090451406249997 0.61435760625 0.3737381234375 0.6115130093750001 0.3926288234375 0.6115130093750001 0.4181313078125 0.6115130093750001 0.44930101093749997 0.6115130093750001 0.48613793125000004 0.6115130093750001 0.522974853125 0.61435760625 0.54658829375 0.6247878078125 0.5588672531250001
5 0.686420703125 0.5428101187500001 0.7006436859375 0.5484773374999999 0.7148666687499999 0.532420246875 0.7229263875 0.5182521999999999 0.7229263875 0.4842488875 0.7219781609375 0.454968228125 0.7219781609375 0.4096304796875 0.7243486859375 0.3746826453125 0.7134443703125 0.35201377031250003 0.6996955453125 0.33501211406250003 0.6916358265625 0.3425684203125 0.688317159375 0.3699599484375 0.6854725625 0.40868595625 0.6802574390625 0.4540237078125 0.6778869140625 0.49180514999999997 0.6740941328125001 0.52203033125 0.686420703125 0.5428101187500001
13 0.344595046875 0.50125054375 0.34317275 0.4738589734375 0.3389058546875 0.44552287812499997 0.33558714375 0.4162422640625 0.328475653125 0.3888506921875 0.3199418625 0.3624036859375 0.307141178125 0.3491801609375 0.2929181953125 0.3463465515625 0.28106569531250003 0.35390285781249997 0.2839456 0.3684464703125 0.2867548890625 0.3935733890625 0.2867548890625 0.4370220515625 0.28296210781250003 0.477637103125 0.2820139015625 0.5210858093749999 0.29765918281250003 0.53147568125 0.3170972671875 0.534309290625 0.33369073125000004 0.530531159375 0.344595046875 0.50125054375
15 0.41523584687500004 0.53336476875 0.41476173281250006 0.507862284375 0.41428766250000004 0.46724723125 0.41428766250000004 0.43324392031250003 0.413339434375 0.4077414359375 0.40243516250000005 0.3907397796875 0.39105677656250004 0.3945179109375 0.383541453125 0.40384273593750003 0.3782560921875 0.4370220515625 0.3697223015625 0.48235979999999995 0.3664035921875 0.50880680625 0.36687770625 0.536198378125 0.377781978125 0.555089121875 0.3929531890625 0.5579227296875 0.40243516250000005 0.547532815625 0.41523584687500004 0.53336476875
11 0.4645421734375 0.5730353 0.47117959374999996 0.5919260421875 0.4844543484375 0.589092434375 0.49820326093749995 0.5881478687499999 0.50673705 0.58059160625 0.5081593484375 0.550366425 0.504366525 0.513529503125 0.504366525 0.46630266562499995 0.504366525 0.417186784375 0.5053147515624999 0.38601708125 0.4952310890625 0.3811891265625 0.4825579796875 0.3850725609375 0.47639467343749997 0.40868595625 0.47639467343749997 0.4294657453125 0.47639467343749997 0.460635446875 0.47260189218750004 0.49652784843750003 0.46975729531250005 0.5258084625 0.46643858437499996 0.5513109468749999 0.4645421734375 0.5730353
11 0.4560083828125 0.5843697375 0.46406810312499996 0.58059160625 0.470231365625 0.5664235578125 0.47260189218750004 0.524863940625 0.4735500765625 0.48141527812499996 0.47402419062499995 0.447411965625 0.470231365625 0.4105750453125 0.45894974218750006 0.378357425 0.44557822500000005 0.38601708125 0.44273362812499995 0.43229935468749997 0.43988903125 0.47480349374999997 0.4370444359375 0.511640415625 0.4332516109375 0.5456437281250001 0.4370444359375 0.568312603125 0.44842282187500004 0.58248065 0.4560083828125 0.5843697375
12 0.32752746875 0.570201690625 0.31946774843750003 0.5607563390625 0.3066670640625 0.5645344718749999 0.2933922875 0.585314259375 0.2867548890625 0.606094090625 0.28391029218749997 0.624984790625 0.2749024109375 0.64859823125 0.26304993125 0.6627662765625 0.2521456375 0.6863796734375 0.2464564453125 0.7279392921875 0.2616276328125 0.7534417765625 0.29177098749999997 0.7606371015625 0.31188216562500004 0.7288838578125 0.3204159765625 0.7014922421875001 0.336535328125 0.6655998859375 0.34649141562499997 0.6315965734375 0.3588180296875 0.598537784375 0.35265472343750004 0.581536128125 0.34032815312500003 0.575868909375 0.32752746875 0.570201690625
14 0.41476173281250006 0.6353747046875 0.42092504062499997 0.61837305 0.42092504062499997 0.5975932609375 0.4119171375 0.5862588234375 0.40053875000000005 0.577757996875 0.3882121796875 0.57870251875 0.3782560921875 0.590981478125 0.3754114953125 0.61270583125 0.3763596796875 0.6268738765624999 0.3763596796875 0.647653665625 0.3773079078125 0.6844905875 0.3754114953125 0.7184938984375 0.3778502625 0.7393993421875 0.3763596796875 0.7713879984374999 0.383471171875 0.7874450890625 0.3976941546875 0.7846114796875 0.40290927656250003 0.7647762140625 0.4057538734375 0.7364401203125001 0.40812435625 0.6977141109375 0.410968953125 0.6655998859375 0.41476173281250006 0.6353747046875
8 0.44842282187500004 0.6419864468750001 0.44557822500000005 0.6004268703125 0.43419983906250004 0.58059160625 0.41997685625000003 0.5749243875000001 0.409072540625 0.59003695625 0.40859847031249996 0.61837305 0.40859847031249996 0.6419864468750001 0.40954665468749996 0.6637107984374999 0.41381354843749996 0.6958250234375 0.41840000312500003 0.7181615828125001 0.42376963749999996 0.7572199515625 0.43135524218750004 0.7761106515625 0.44557822500000005 0.7846114796875 0.45316378593750006 0.7732770421875 0.4560083828125 0.7430519046875 0.45221560156249996 0.7166048546875 0.4507933046875 0.67126710625 0.44842282187500004 0.6419864468750001
10 0.478291084375 0.6202621359375 0.47639467343749997 0.5947596515625 0.46691269843749994 0.5919260421875 0.45506019843749995 0.5843697375 0.446526409375 0.5862588234375 0.44225951406249997 0.6051495250000001 0.44368181250000005 0.63348561875 0.4488968921875 0.69015780625 0.452547153125 0.735151790625 0.45695661093749995 0.7572199515625 0.46975729531250005 0.7657207796875001 0.480187453125 0.7628871703125 0.4825579796875 0.7354955546874999 0.4825579796875 0.7071594609375 0.4825579796875 0.6769343234375 0.480187453125 0.6457646203125 0.478291084375 0.6202621359375
10 0.50247015625 0.6230957453125 0.50057374375 0.602315915625 0.4901435421875 0.5947596515625 0.47971338281250003 0.5975932609375 0.47639467343749997 0.602315915625 0.4754464890625 0.6164839625 0.475920559375 0.6382083140625 0.47971338281250003 0.6674889312500001 0.48208386562500005 0.6958250234375 0.4825579796875 0.7269947265625001 0.48313730781249997 0.747894446875 0.4891953578125 0.7628871703125 0.50057374375 0.7657207796875001 0.50673705 0.7477745578125 0.5081593484375 0.7317174671875 0.507211121875 0.7062149828125001 0.5048406390625 0.6826015421875 0.50247015625 0.6570990578125 0.50247015625 0.6230957453125
2 0.5261751125 0.6202621359375 0.5238046296875 0.6042050031249999 0.513374428125 0.60326048125 0.497729146875 0.59948230625 0.49488455 0.609872221875 0.4991514453125 0.6297074859375 0.50247015625 0.6523763609375 0.5048406390625 0.681656978125 0.50863341875 0.7232166390625 0.50945906875 0.7578054 0.516219025 0.7808333046875 0.5271232968749999 0.7808333046875 0.5294938234375001 0.7628871703125 0.5304420078125001 0.7251056828125 0.528071525 0.6977141109375 0.525226928125 0.6693780171875 0.525226928125 0.64859823125 0.5261751125 0.6202621359375
2 0.5579397890625 0.62215118125 0.5536728937500001 0.602315915625 0.5441908765625 0.598537784375 0.5304420078125001 0.60326048125 0.5242787 0.6089277 0.5247528140625 0.6230957453125 0.5257009984375001 0.6419864468750001 0.5261751125 0.6674889312500001 0.5261751125 0.7071594609375 0.5261751125 0.7411627734375 0.5308010375000001 0.7719639078125 0.535183015625 0.7865005234375 0.54371680625 0.7865005234375 0.5503541828125 0.7704434328125 0.5513023671874999 0.7449409484375 0.5513023671874999 0.7222720734375 0.5513023671874999 0.6892132828124999 0.5513023671874999 0.6457646203125 0.5579397890625 0.62215118125
0 0.5897044203124999 0.640097403125 0.59112671875 0.6212066593750001 0.5844893421874999 0.60137139375 0.5769037359375 0.590981478125 0.56362898125 0.5881478687499999 0.5555692624999999 0.592870565625 0.5536728937500001 0.607983134375 0.5531987796875 0.6278184 0.5531987796875 0.664655321875 0.5531987796875 0.6977141109375 0.5531987796875 0.7326619453125 0.5585455968749999 0.7719639078125 0.56173256875 0.79689048125 0.5702663593749999 0.80444674375 0.5806965609375 0.7921677421875 0.5816447453125 0.7581644296875 0.584015228125 0.7109376359375 0.5854375265625 0.6835460640625 0.5854375265625 0.6599326671875 0.5897044203124999 0.640097403125
6 0.625261878125 0.6268738765624999 0.627158290625 0.60137139375 0.6162540171875001 0.5834252140625 0.605823815625 0.5881478687499999 0.5934972453125 0.5975932609375 0.5882821234375 0.6174285265624999 0.58923035 0.636319228125 0.5930231312500001 0.653320884375 0.5963418421875 0.6826015421875 0.5977641390625 0.7269947265625001 0.6019409328124999 0.7606371015625 0.6039274031249999 0.777055215625 0.6119871234375001 0.7865005234375 0.6190986140625 0.7761106515625 0.6190986140625 0.7562753859375 0.6200467984375 0.7213275078125 0.6200467984375 0.6939359796875 0.6214690968750001 0.6655998859375 0.625261878125 0.6268738765624999
4 0.7096516328125 0.65426545 0.70491058125 0.6259293546875 0.7015919140625 0.5919260421875 0.6906875984374999 0.56925716875 0.6788351421875001 0.575868909375 0.6660344578124999 0.575868909375 0.6556042546875 0.579647040625 0.6513373609374999 0.6051495250000001 0.6532337734375 0.64482005625 0.6612934484374999 0.6580435796875 0.6679308265625 0.67882336875 0.67165803125 0.7124981796875 0.6788351421875001 0.7439963828125 0.6906875984374999 0.7581644296875 0.7030142125000001 0.7657207796875001 0.715814896875 0.7609980390625 0.7267192125 0.7430519046875 0.733356546875 0.7099930703124999 0.719607721875 0.6778788453125 0.7096516328125 0.65426545