13 0.28092178749999996 0.5644391953125 0.27911577187500003 0.5374140703125 0.274600771875 0.50408305625 0.2678282625 0.45723951874999996 0.2569922484375 0.43652024375 0.2443502390625 0.43291690781250003 0.2299022125 0.43291690781250003 0.22494458125 0.4580053765625 0.2289992046875 0.4914713578125 0.22945071874999998 0.52840566875 0.23035370624999998 0.5617366828125 0.23261121562499998 0.5833567828125 0.2479622296875 0.5986709921875 0.26511925937499997 0.6031751937500001 0.27505226562499996 0.5887618078125 0.28092178749999996 0.5644391953125
9 0.41592045468750005 0.5752492453125 0.41592045468750005 0.5455216078125 0.41592045468750005 0.5239015078125 0.41592045468750005 0.4824629546875 0.414565953125 0.4428261328125 0.410502446875 0.4085942953125 0.40147244843749996 0.3860733703125 0.38889687500000003 0.40264117656250004 0.3816064359375 0.4851654671875 0.3757369140625 0.53831489375 0.3739308984375 0.58155509375 0.3752854 0.61128273125 0.389733446875 0.6130844203125 0.404181453125 0.6103819078125 0.41140547656250004 0.59236514375 0.41592045468750005 0.5752492453125
11 0.4552010078125 0.5689433546875 0.452492003125 0.5157939703125 0.4502345140625 0.44823115781249995 0.44481650625 0.4103959828125 0.429014 0.4049909578125 0.4173514046875 0.4093929078125 0.4177264703125 0.46714874531249995 0.41637196875000004 0.49777720781249996 0.412759978125 0.5392157171874999 0.412759978125 0.5797534046874999 0.41592045468750005 0.59777016875 0.437141009375 0.6022743703125 0.45068602812499997 0.5995718578125 0.4552010078125 0.5689433546875
11 0.4953845875 0.5932659671875 0.4998995671875 0.5662408421875 0.49448155937499993 0.5157939703125 0.49086956875 0.47615710624999996 0.48500004687500003 0.43381773125 0.47958203906249997 0.40048675625 0.46784303749999995 0.39328004375000003 0.4525808234375 0.40129082968749996 0.4520405296875 0.45543783125 0.45068602812499997 0.5266040203125 0.45068602812499997 0.55993499375 0.4511375015625 0.59236514375 0.4552010078125 0.6040760171875 0.46964905312500005 0.6067785296875 0.4868060625 0.6031751937500001 0.4953845875 0.5932659671875
3 0.5387286453125 0.5374140703125 0.5373741437499999 0.49687638281249996 0.5319561375 0.4428261328125 0.5260866156249999 0.41490014375 0.5089296062499999 0.4103959828125 0.5027149953125 0.4363998359375 0.49899657968750005 0.47885961874999994 0.49673909062500005 0.5374140703125 0.49222407031250004 0.5824559171875 0.5089296062499999 0.6004726812500001 0.522926096875 0.60587770625 0.5369226296875 0.6130844203125 0.5405346203125 0.58696011875 0.5387286453125 0.5374140703125
3 0.574397165625 0.6103819078125 0.577557684375 0.58966263125 0.57484868125 0.5347115578125 0.5694306734375 0.46624788125 0.5617551765625 0.4239085453125 0.5477586453125001 0.41580100781249996 0.5372669250000001 0.429648103125 0.5337621125 0.44913198125 0.534665140625 0.50678556875 0.536471115625 0.5527282796875 0.5373741437499999 0.59506765625 0.54143765 0.60587770625 0.553628165625 0.60858021875 0.5658186828125 0.61128273125 0.574397165625 0.6103819078125
1 0.61277473125 0.5995718578125 0.6150322203125 0.5662408421875 0.61277473125 0.49957889531250005 0.6064537359375 0.43652024375 0.6010357296875 0.39328004375000003 0.592005690625 0.37346163125 0.577238765625 0.39048805937500003 0.57484868125 0.43652024375 0.5730426640624999 0.51489310625 0.5712366890625 0.55452996875 0.5712366890625 0.5833567828125 0.57575166875 0.6040760171875 0.5897482000000001 0.6130844203125 0.6037447328125001 0.6094810421875 0.61277473125 0.5995718578125
5 0.7288103734375 0.53831489375 0.725649896875 0.49957889531250005 0.71661985625 0.47795879531249996 0.7026233656249999 0.47615710624999996 0.693089353125 0.49041369062499995 0.68636934375 0.5392157171874999 0.681402809375 0.5833567828125 0.687272371875 0.62119195625 0.7039778671875 0.6374070328125 0.7211349171875 0.6338036546875 0.7315193765625 0.6256961171875 0.733325434375 0.6004726812500001 0.7288103734375 0.53831489375
5 0.7735089328125 0.5968693453125 0.7775724375 0.5716458671875 0.7744119609375 0.5365132046875 0.7694454281249999 0.48066130781250005 0.7640274203125 0.44823115781249995 0.7473219249999999 0.45003280625000003 0.7425460375 0.464757109375 0.7360344375000001 0.50408305625 0.7319709328124999 0.5500257671875 0.72610136875 0.5959684796875 0.726552925 0.61398524375 0.729261928125 0.62749780625 0.7464188968750001 0.6320020078125 0.7676394531249999 0.6256961171875 0.7735089328125 0.5968693453125
6 0.6114202296875 0.63020031875 0.606905209375 0.6103819078125 0.5929087187500001 0.6121835546875001 0.577557684375 0.6130844203125 0.5712366890625 0.63290283125 0.5780091984375 0.68154805625 0.5907885421875 0.7469794984375 0.5987781984375 0.7824418421875 0.606905209375 0.79685526875 0.6168382375 0.7932518921875 0.6209017421875 0.7743343046875 0.616386721875 0.7446066671875 0.61187174375 0.7058706671875 0.6114202296875 0.6698371828125 0.6114202296875 0.63020031875
0 0.5798151734375 0.64371288125 0.5780091984375 0.6229936046875 0.5635611515625001 0.6103819078125 0.5504676484375 0.60767939375 0.5418891234375 0.6184894453124999 0.543243625 0.6608287796875 0.5474292578125 0.7469794984375 0.5599491609375 0.7914502437500001 0.5753001953125 0.805863671875 0.5856846953125 0.784243571875 0.5829756921875 0.7500116921875 0.5793637 0.72388743125 0.576654696875 0.7031681562500001 0.576654696875 0.67253969375 0.5798151734375 0.64371288125
2 0.5468556578125 0.6202910921875 0.5360196421875 0.6067785296875 0.522926096875 0.6067785296875 0.5161535875000001 0.6121835546875001 0.5152506015625 0.6581262671875 0.518974728125 0.7159215328124999 0.5206686078125 0.759920959375 0.5274411171875 0.777036815625 0.536471115625 0.7797393296874999 0.5409861359375 0.7635242546875001 0.5423406375 0.72388743125 0.5427921515625 0.6914572828125001 0.5468556578125 0.64911790625 0.5468556578125 0.6202910921875
2 0.5089296062499999 0.6040760171875 0.49448155937499993 0.6121835546875001 0.4904180546875 0.6229936046875 0.49222407031250004 0.6527212421875 0.49222407031250004 0.7031681562500001 0.49448155937499993 0.7473091796875 0.497642078125 0.7581192296875 0.506672075 0.7635242546875001 0.513444584375 0.7509125562500001 0.515702115625 0.71577989375 0.51931410625 0.6779447203125 0.51931410625 0.61128273125 0.5089296062499999 0.6040760171875
10 0.4980935921875 0.6238944703125 0.4953845875 0.6094810421875 0.483194071875 0.6130844203125 0.471455028125 0.6157869328125 0.468746025 0.6311011421875 0.46558554843750005 0.6887547703125 0.46206566718750003 0.72537395625 0.45836152500000005 0.754515934375 0.4646825203125 0.765325984375 0.47461554687499996 0.7581192296875 0.48183957031249997 0.7292924578125 0.48770905000000003 0.69956481875 0.4913210828125 0.67524220625 0.49403008593750003 0.64821708125 0.4980935921875 0.6238944703125
10 0.473712559375 0.6202910921875 0.4691975390625 0.6094810421875 0.45565252031250003 0.61398524375 0.44391351874999996 0.6202910921875 0.44030148750000003 0.6292994953125 0.44030148750000003 0.6635312921875001 0.4363210921875 0.7226732640625 0.43443200624999995 0.7554167171875 0.44030148750000003 0.7725326578125 0.4493315265625 0.773433521875 0.45610403593750004 0.7527142046875 0.46061901406250005 0.7211849203125 0.4646825203125 0.68154805625 0.4691975390625 0.6455145703125 0.473712559375 0.6202910921875