3 0.51332801875 0.5977876484375 0.52362958125 0.595830178125 0.5354027953125 0.5860426453125 0.5358933171875 0.5645101515625 0.533440578125 0.5341689046875 0.5329500125 0.49893389218750006 0.5319689265624999 0.46272009843750006 0.530987840625 0.41574008124999995 0.5290256234374999 0.3844201 0.5226484499999999 0.3638663421875 0.5117336703124999 0.3539736890625 0.502045325 0.3687600640625 0.5010642390625 0.3991013546875 0.4995925875 0.45097509375 0.49664928281250004 0.482295121875 0.498120934375 0.5126363671874999 0.4995925875 0.559616384375 0.4995925875 0.581148921875 0.51332801875 0.5977876484375
3 0.536874446875 0.5742976390625001 0.5442327062500001 0.5860426453125 0.555024790625 0.5821276578125001 0.558949225 0.5654888875 0.558949225 0.5429776578125 0.56238305 0.49306138906249997 0.56336418125 0.4548901265625 0.565326353125 0.40791010781250003 0.5594397453125 0.37463256562499997 0.551482228125 0.3466380046875 0.543742140625 0.3560363234375 0.5393271859375 0.37659008125 0.5393271859375 0.3971438390625 0.5363838828125 0.42944260156249997 0.530987840625 0.4617413640625 0.530006709375 0.492082609375 0.530497275 0.533190125 0.536874446875 0.5742976390625001
1 0.5643452671875 0.587021425 0.5756279156249999 0.591915146875 0.58642004375 0.5821276578125001 0.5932877375000001 0.560595165625 0.59672160625 0.5429776578125 0.59672160625 0.5194876500000001 0.59426886875 0.47250763124999995 0.5947593890625 0.4196551125 0.5981932578125 0.385398834375 0.5981932578125 0.3531000734375 0.5952499546875 0.3286313296875 0.5854389578125 0.31590754374999996 0.5779812671875 0.333433771875 0.572194090625 0.38050506875 0.565326353125 0.4274850859375 0.56336418125 0.460762628125 0.56238305 0.494040125 0.556005921875 0.5243813703125 0.5545342703125 0.5449351296875 0.5569870078125 0.570382653125 0.5643452671875 0.587021425
7 0.5874011296874999 0.5449351296875 0.59770269375 0.560595165625 0.6138908625 0.5664676671875 0.625664078125 0.5517864109375 0.62615464375 0.5224238999999999 0.6232113390625 0.49306138906249997 0.624192425 0.4539113453125 0.6246829921875 0.4255276140625 0.6246829921875 0.3863775703125 0.624192425 0.35212133749999996 0.6207586015625 0.325695078125 0.614049403125 0.32463095000000003 0.6040798656249999 0.33450383125 0.6026082140625 0.3560363234375 0.600645996875 0.3775688171875 0.59672160625 0.4118250953125 0.5932877375000001 0.4480388421875 0.589363346875 0.48621010781249996 0.58396730625 0.51557261875 0.5874011296874999 0.5449351296875
7 0.642833378125 0.563531415625 0.6536254625 0.5576589125 0.660002634375 0.53710515625 0.6590215484375 0.50480639375 0.65460659375 0.474465103125 0.654116028125 0.432378853125 0.649701071875 0.3814838484375 0.6447955515625 0.343312584375 0.63392368125 0.32756522499999996 0.6237019046875 0.3276525484375 0.6217396875000001 0.357015059375 0.6237019046875 0.3863775703125 0.6237019046875 0.4304213375 0.6197774703125 0.48327385625 0.616834165625 0.5302538734375 0.6281168609375001 0.55080763125 0.642833378125 0.563531415625
5 0.6850207609375001 0.5547226625 0.6977750171875 0.5429776578125 0.702189971875 0.5145938828125 0.6972844953124999 0.4901251390625 0.6923790203125 0.44999635781249997 0.6869829328125 0.4030163421875 0.6815868468749999 0.36973884375 0.6747191984375001 0.33744008281250004 0.664103140625 0.3216966765625 0.6536254625 0.34722757031249996 0.64921050625 0.3795263328125 0.652153809375 0.4470601078125 0.649701071875 0.48621010781249996 0.6457766828125 0.51850886875 0.652153809375 0.5517864109375 0.6663798078125 0.55863765 0.6850207609375001 0.5547226625
5 0.7326041390625 0.5077426453125 0.7399623984375 0.485231371875 0.7365285734375 0.45782637656249997 0.7306419671875 0.4255276140625 0.7257364015625 0.38931382187499997 0.7203404046874999 0.3364613015625 0.7178876203125 0.30514129843750004 0.7129821453125 0.2836087828125 0.7031156140625 0.2791497046875 0.693850671875 0.28067253124999997 0.6904167578125 0.32373756249999996 0.6923790203125 0.37659008125 0.6928695406250001 0.4128038296875 0.691888409375 0.456847596875 0.6948317125 0.5038276140625 0.7154348374999999 0.527317621875 0.7326041390625 0.5077426453125
5 0.7684143031249999 0.4754438828125 0.773810390625 0.44412385624999995 0.765471 0.3991013546875 0.760075003125 0.35505758906249996 0.7546789171875 0.3119925578125 0.7458490062500001 0.2904600421875 0.74065591875 0.2923539375 0.7330946609375 0.3119925578125 0.7286797046875 0.342333803125 0.7286797046875 0.3912713375 0.727208053125 0.439230090625 0.7321136187499999 0.47935887031249996 0.7458490062500001 0.48914635781250004 0.758112740625 0.48327385625 0.7684143031249999 0.4754438828125
11 0.464763509375 0.5429776578125 0.4642729421875 0.563531415625 0.46868789843750003 0.585063909375 0.475065071875 0.5928939265625 0.48732880625 0.5938726625 0.502535890625 0.58310639375 0.4995925875 0.5380838921875 0.498120934375 0.49795511093749995 0.494687065625 0.4617413640625 0.4888004578125 0.4128038296875 0.48155421093750006 0.3671779234375 0.46672568124999997 0.3491850875 0.4578957703125 0.36093009062500003 0.4578957703125 0.38735635 0.4578957703125 0.42259136249999996 0.45985798750000006 0.467613865625 0.46280129062500003 0.50480639375 0.464763509375 0.5429776578125
11 0.44514147031249995 0.5977876484375 0.4554430328125 0.5938726625 0.4657445953125 0.5860426453125 0.4657445953125 0.556680134375 0.46623516093750006 0.5175301343750001 0.46280129062500003 0.47152885156249996 0.46231072656250005 0.44118760625000003 0.459367421875 0.3912713375 0.45004699062500003 0.36093009062500003 0.43370872499999996 0.3598422375 0.42600999531249995 0.3902926015625 0.4279722140625 0.4490176234375 0.43238716874999994 0.48621010781249996 0.4333682546875 0.513615146875 0.4333682546875 0.5517864109375 0.43483990625 0.585063909375 0.44514147031249995 0.5977876484375
9 0.3995202640625 0.4617413640625 0.3995202640625 0.4871888875 0.3995202640625 0.5194876500000001 0.40148247968749995 0.5517864109375 0.4054068703125 0.58310639375 0.419142303125 0.5938726625 0.43533047187499996 0.58310639375 0.44317925156250004 0.5625526359374999 0.44317925156250004 0.5449351296875 0.4402359484375 0.51850886875 0.43533047187499996 0.49110387343750006 0.43238716874999994 0.4470601078125 0.42846273437500004 0.41574008124999995 0.4225761265625 0.37561134687500003 0.413834446875 0.334900909375 0.41374621562499997 0.30612005625 0.3975580453125 0.282630046875 0.3916714375 0.302205046875 0.39461474218750003 0.33744008281250004 0.39461474218750003 0.36778132812500003 0.3980486109375 0.40791010781250003 0.3995202640625 0.4617413640625
15 0.3995202640625 0.587021425 0.40687852187500007 0.5664676671875 0.40933126093750005 0.53710515625 0.40933126093750005 0.494040125 0.40148247968749995 0.44118760625000003 0.39853917656250004 0.40791010781250003 0.39461474218750003 0.3628875609375 0.3916714375 0.3286313296875 0.38333209375 0.302205046875 0.37450218125 0.317865059375 0.3740858890625 0.3304994984375 0.371558878125 0.35505758906249996 0.36910614062499997 0.40105882656249997 0.36910614062499997 0.44216634062500004 0.36910614062499997 0.48914635781250004 0.3666533578125 0.527317621875 0.3666533578125 0.5684251375 0.3798982234375 0.591915146875 0.3995202640625 0.587021425
15 0.337220321875 0.5361263765625 0.3396731046875 0.5615739 0.3450691453125 0.57919140625 0.3627289671875 0.5742976390625001 0.37450218125 0.5742976390625001 0.37646440000000003 0.5517864109375 0.375973834375 0.494040125 0.37008722656250004 0.44216634062500004 0.365672271875 0.39518632343750004 0.3627289671875 0.3540788078125 0.3534755265625 0.32463095000000003 0.3445785796875 0.307098790625 0.3377108859375 0.317865059375 0.338201453125 0.34820630625 0.340654190625 0.40105882656249997 0.340654190625 0.44314512187500005 0.340654190625 0.4842526359375 0.337220321875 0.5361263765625
13 0.2979762875 0.467613865625 0.29454241875 0.4950188609375 0.2901274625 0.5234026359375 0.2965046359375 0.5449351296875 0.308768415625 0.55374388125 0.32348493437500003 0.556680134375 0.336239234375 0.55374388125 0.34605023125 0.5400414078125 0.34555971093750004 0.5145938828125 0.34359749375000004 0.48621010781249996 0.3396731046875 0.45782637656249997 0.3377108859375 0.41476134531250003 0.33476758281249996 0.3736538296875 0.329184740625 0.333433771875 0.31465502343749996 0.321780046875 0.302881809375 0.32667381406249996 0.2989573734375 0.3531000734375 0.2989573734375 0.3736538296875 0.2999385046875 0.40791010781250003 0.2999385046875 0.44314512187500005 0.2979762875 0.467613865625
13 0.291108571875 0.527317621875 0.297485721875 0.5018701421875 0.297485721875 0.47838013437500004 0.297485721875 0.432378853125 0.297485721875 0.3863775703125 0.29699520156250003 0.3452700546875 0.291599115625 0.3110138 0.27344875 0.30122628906250004 0.26510938125 0.30905630624999997 0.2666175671875 0.3290323609375 0.2655999484375 0.3687600640625 0.2582416890625 0.4039950765625 0.2543172765625 0.4470601078125 0.24843066875000003 0.47740135468749995 0.255788928125 0.502848878125 0.266581034375 0.5263388859375 0.28129755156249997 0.5302538734375 0.291108571875 0.527317621875
10 0.45446194531249995 0.60904231875 0.44955642500000004 0.62274479375 0.44955642500000004 0.6609160593750001 0.4510280765625 0.6844060671875 0.4510280765625 0.7274711421875 0.4480847734375 0.7656424078125 0.44857533906249997 0.7871748546874999 0.46241601718750003 0.78971336875 0.47015955 0.7822811328125 0.47457450625 0.749982371875 0.4765367234375 0.7235561109375 0.4804611125 0.6795123453125 0.4804611125 0.6472135828125001 0.4804611125 0.61589355625 0.4691784640625 0.607084803125 0.45446194531249995 0.60904231875
10 0.504988628125 0.6452560671875001 0.505969759375 0.6119785703125 0.4986115 0.6012123 0.48732880625 0.5982760500000001 0.4765367234375 0.600233565625 0.47457450625 0.6217660578124999 0.47702724375 0.68342733125 0.4786098734375 0.7251593421875 0.4755555921875 0.7538974031250001 0.479970546875 0.7783661015625001 0.49174376249999996 0.77542985 0.49763036875 0.7607485953124999 0.5000831515625 0.7362798953125 0.5015548046875 0.7098536359375001 0.504988628125 0.6755973140625 0.504988628125 0.6452560671875001
2 0.5280445375 0.6188298078125001 0.519705146875 0.6021910359375 0.5064602796875 0.6031698171875 0.5015548046875 0.624702309375 0.5015548046875 0.646234803125 0.5040075421875 0.6844060671875 0.5073171656250001 0.704619425 0.5108752359375 0.749003590625 0.5138185390625 0.7705361296875 0.5270634046875 0.771514909375 0.530497275 0.74508865 0.52608231875 0.70887485625 0.5251012328125 0.6795123453125 0.5285350578125 0.6452560671875001 0.5280445375 0.6188298078125001
2 0.5525720515625 0.624702309375 0.5471760109375 0.61295730625 0.5398177515625 0.60904231875 0.527553971875 0.61295730625 0.52362958125 0.6188298078125001 0.5216673640625 0.6286172953125 0.5221579296875001 0.663852309375 0.5246106671875 0.6844060671875 0.527553971875 0.7127898874999999 0.527553971875 0.7362798953125 0.532344034375 0.7721077249999999 0.5398177515625 0.79794116875 0.5486476625 0.7920686671875 0.5501193140625 0.7734723796874999 0.5501193140625 0.7460673390625 0.5501193140625 0.7098536359375001 0.550609834375 0.6775548296875 0.5530626171875 0.6452560671875001 0.5525720515625 0.624702309375
0 0.582986175 0.68342733125 0.5805334375 0.6579798078125 0.5770995671875 0.62274479375 0.5751373953125001 0.5972973140625 0.5677791359375 0.5865310453125 0.556005921875 0.5865310453125 0.544723228125 0.5972973140625 0.5403082718750001 0.607084803125 0.5403082718750001 0.6286172953125 0.5466854453125001 0.6687460765625 0.551590965625 0.7098536359375001 0.560911396875 0.7587911234375 0.5691482546875 0.7926476421875 0.5726846125 0.8165373656250001 0.5844578265625 0.838069903125 0.59672160625 0.824367428125 0.5991743453125 0.802834890625 0.5957405203125 0.7783661015625001 0.590835 0.7529186218749999 0.5874011296874999 0.7196410796875 0.582986175 0.68342733125
6 0.6138908625 0.596318534375 0.611438125 0.5835947953125 0.5952499546875 0.579679809375 0.582495653125 0.579679809375 0.5741562640625 0.5953397984375 0.572194090625 0.6198085437499999 0.576609046875 0.65504355625 0.5810240015625 0.6716823265625 0.5913255656249999 0.7196410796875 0.599664909375 0.7597699046875 0.606532603125 0.79011110625 0.6104570390624999 0.7930473578125 0.614381428125 0.8008774203125 0.6246829921875 0.798919859375 0.6276262953125 0.7803236625000001 0.6232113390625 0.7509611515625 0.6197774703125 0.7186623890625 0.617815296875 0.700066103125 0.6104570390624999 0.6295960765624999 0.6138908625 0.596318534375
6 0.642833378125 0.6276385609374999 0.639399509375 0.596318534375 0.62615464375 0.5767435562500001 0.6134003421875 0.571849790625 0.6040798656249999 0.579679809375 0.601627128125 0.5865310453125 0.6011365625 0.607084803125 0.606532603125 0.6315535484375 0.6158530796874999 0.663852309375 0.6197774703125 0.704959825 0.6266452078125 0.7401948375 0.634659765625 0.7750419984375 0.642833378125 0.7998986390625 0.6506821578124999 0.8047923609375 0.6614742859375 0.7910898875 0.663927025 0.763684846875 0.652153809375 0.7333436453125 0.6482294203125 0.703002353125 0.6438144640625 0.665809825 0.642833378125 0.6276385609374999
4 0.6305695984375 0.5757647765625 0.6271357296875 0.6021910359375 0.635965640625 0.6472135828125001 0.6501175375 0.670875275 0.6624553734374999 0.6785335640625 0.6727569359375 0.6648310890625 0.6766813703125 0.6481923187499999 0.67520971875 0.623723575 0.667851459375 0.5835947953125 0.657549896875 0.5698922750000001 0.6423428125 0.5698922750000001 0.6305695984375 0.5757647765625
4 0.7262270109375 0.614914821875 0.71641596875 0.578701028125 0.70611440625 0.5454235296875 0.691888409375 0.539551028125 0.6776625015625 0.5493385171875 0.6619648515625001 0.5601047859375 0.6590215484375 0.596318534375 0.6663798078125 0.6217660578124999 0.68453015 0.6609160593750001 0.7090042890625 0.694349465625 0.720830925 0.7118111078125 0.7380002265625001 0.731386084375 0.754188396875 0.7294286140625 0.764489959375 0.7078960765625 0.7595843921875 0.6824485953125 0.7512450921875 0.6599373234375 0.7409435296875 0.6403623015625 0.7262270109375 0.614914821875
4 0.7576222203125 0.524869771875 0.7492828296875 0.49942224843750005 0.7399623984375 0.49354974531250007 0.724755359375 0.5033372796875 0.7159254484375001 0.5121460328125 0.7070955375 0.5307422749999999 0.7016994515625 0.5434660140625 0.70611440625 0.578701028125 0.7252458796875 0.6080635390625 0.753169353125 0.6327297140625 0.7689049140625001 0.649171053125 0.7875457765625 0.6452560671875001 0.8066772515625 0.6286172953125 0.8061867296875 0.6012123 0.7895080390625 0.5855523109375 0.774791521875 0.567934803125 0.7649804796875 0.5473810453125 0.7576222203125 0.524869771875
8 0.44955642500000004 0.6021910359375 0.43827377656250005 0.600233565625 0.427481646875 0.6061060687500001 0.424047778125 0.6315535484375 0.42159504062500003 0.6609160593750001 0.41178404375 0.73040739375 0.40785960781249997 0.7695573484375 0.3995202640625 0.79794116875 0.39412422187499996 0.82534611875 0.39363365625 0.8488361281250001 0.4049163046875 0.8644961625 0.42110447500000003 0.86058113125 0.424139628125 0.833727478125 0.43140603750000006 0.7950049171875 0.43827377656250005 0.7705361296875 0.44612255625 0.735301115625 0.4515186421875 0.7059386046875 0.45740525 0.674618578125 0.46034855312499995 0.64134108125 0.4588769015625 0.614914821875 0.44955642500000004 0.6021910359375
14 0.4225761265625 0.614914821875 0.40982182656250005 0.600233565625 0.39363365625 0.6080635390625 0.38725648281249997 0.6256810453125 0.386275396875 0.65504355625 0.3808793546875 0.700066103125 0.37450218125 0.763684846875 0.36125731562499996 0.8038136703125 0.35488014218749997 0.8155586749999999 0.35929509843749996 0.8449211859375 0.3748219734375 0.8307932046875001 0.38725648281249997 0.8047923609375 0.39461474218750003 0.77934488125 0.4024635671875 0.7617273765625 0.4083501734375 0.7284498328125 0.41178404375 0.6971298515625 0.41668951875 0.6726610625 0.42551942968749995 0.6423198171875 0.4225761265625 0.614914821875
14 0.4019730015625 0.6168722921875001 0.39657695937500004 0.6021910359375 0.3867659625 0.5933822828124999 0.3789171375 0.5884885609375 0.36518170625 0.5972973140625 0.3583140125 0.610999790625 0.354389621875 0.65112856875 0.3465407984375 0.699087321875 0.336239234375 0.7372585875000001 0.32544710625 0.7783661015625001 0.31710776093750004 0.7871748546874999 0.31612667499999997 0.8008774203125 0.3195605 0.8145798953125001 0.3264282375 0.8155586749999999 0.33801775312500004 0.8058518765624999 0.3494841015625 0.7950049171875 0.36518170625 0.7627061546875 0.3735210953125 0.7372585875000001 0.379407703125 0.706917384375 0.3852943109375 0.6824485953125 0.3906903515625 0.6589585875 0.400010828125 0.6384048296875 0.4019730015625 0.6168722921875001
12 0.37204944375000004 0.5953397984375 0.3661628375 0.5757647765625 0.355370709375 0.571849790625 0.336239234375 0.571849790625 0.3166171953125 0.57380730625 0.3043534609375 0.58065854375 0.30239124375 0.6188298078125001 0.2965046359375 0.649171053125 0.284731421875 0.6902785687499999 0.27639205312500004 0.7176836093750001 0.2759015109375 0.749982371875 0.28816526875 0.7695573484375 0.304157871875 0.779443409375 0.3205416296875 0.7734723796874999 0.33329593125 0.7529186218749999 0.34555971093750004 0.7196410796875 0.350955753125 0.6883210984375 0.353408490625 0.6687460765625 0.358804578125 0.6521073046875 0.3661628375 0.6276385609374999 0.37204944375000004 0.5953397984375
12 0.2930707671875 0.5503172968750001 0.284731421875 0.55227476875 0.274429859375 0.54150854375 0.2636377296875 0.5532535484375 0.2562794703125 0.5855523109375 0.2425440625 0.6266598250000001 0.2292991953125 0.6609160593750001 0.2150732203125 0.6814698156250001 0.21114883125 0.706917384375 0.22292204531249998 0.72551358125 0.2376385625 0.7284498328125 0.2489515421875 0.72222506875 0.266581034375 0.7078960765625 0.2852219640625 0.6716823265625 0.300429025 0.6315535484375 0.3092589359375 0.617851071875 0.3166171953125 0.5845735296875 0.31514554375000003 0.561083521875 0.305334546875 0.5503172968750001 0.2930707671875 0.5503172968750001
12 0.24941177812499998 0.50627353125 0.23812910625 0.4945285265625 0.22194093593750003 0.4974647765625 0.21409213437500002 0.525848509375 0.2091866125 0.5571685359375 0.2018283546875 0.600233565625 0.1905457046875 0.6168722921875001 0.178772490625 0.623723575 0.1723953171875 0.650149834375 0.18564018437500002 0.6824485953125 0.20257822499999997 0.6884809187500001 0.226846434375 0.6765760937499999 0.2376385625 0.653086084375 0.2489212125 0.6295960765624999 0.2567700375 0.6012123 0.26510938125 0.567934803125 0.2680526859375 0.5268272890625 0.259222775 0.5092097828125 0.24941177812499998 0.50627353125