3 0.5364857359374999 0.619481965625 0.5364857359374999 0.58981751875 0.5364857359374999 0.5416127921875 0.5352467671875 0.47981184218750006 0.5352467671875 0.4414952828125 0.5259543625 0.40194266875 0.5137274484375001 0.3955499078125 0.5017941078125 0.4093587796875 0.49931611406250004 0.46992367343749997 0.4937406703125 0.52925256875 0.49250170156250006 0.5774572953125 0.4943601828125 0.618245909375 0.506130525 0.6404942453125 0.51913989375 0.6330781328125 0.5364857359374999 0.619481965625
3 0.561265503125 0.6108297984375 0.5662214343749999 0.59105351875 0.564982465625 0.5601530718750001 0.563123984375 0.5107122890625 0.559407021875 0.46745167500000007 0.555070546875 0.42789905937499995 0.5513535843749999 0.4130668359375 0.5453327265625 0.3992554671875 0.5383442171875 0.421718946875 0.5358662234375 0.4625075625 0.5358662234375 0.5094762890625 0.5358662234375 0.558917015625 0.5340077421875 0.6021776859375 0.5377247046875 0.617009909375 0.547017109375 0.618245909375 0.561265503125 0.6108297984375
1 0.6027715437500001 0.5663331265625 0.5971961 0.487227953125 0.59657664375 0.42295500312499995 0.59162065625 0.3908185 0.5769380046875 0.3770221125 0.5693188828125 0.4180108921875 0.5656019203125 0.4859919546875 0.5656019203125 0.52925256875 0.5656019203125 0.5762212953125 0.570557909375 0.607121740625 0.5817087953125 0.6120658531250001 0.6009130625 0.6021776859375 0.6027715437500001 0.5663331265625
7 0.635604746875 0.57992935 0.6275513109374999 0.5329606234375001 0.6287902796875 0.47115973125000005 0.6287902796875 0.41553889218749995 0.6213563546875001 0.374750278125 0.61226155 0.3807276703125 0.59967409375 0.40317866718750006 0.59905458125 0.46992367343749997 0.59285968125 0.5403767359375 0.59224016875 0.5712772390625 0.5934791374999999 0.59105351875 0.6095860125 0.5984696296875 0.6225953796875 0.6046497421875 0.635604746875 0.57992935
7 0.6634819640625 0.5354326796875 0.6554285265625001 0.5045322328124999 0.654189559375 0.4427312828125 0.650472596875 0.40070666875 0.643658128125 0.3796943328125 0.635500725 0.3770221125 0.6250733171875 0.4118308359375 0.6269317984375 0.47857584218750004 0.6269317984375 0.5255445109375 0.6238343484375 0.562625071875 0.6306487609375 0.57992935 0.649853084375 0.5873454625 0.6597650015625 0.567569184375 0.6634819640625 0.5354326796875
5 0.7074660546875 0.49093600937500004 0.70003213125 0.425427003125 0.6932176625 0.38711044375000003 0.6801199390625 0.3547887578125 0.6628624515625 0.3784583328125 0.6585259765625 0.421718946875 0.6554285265625001 0.484755896875 0.6529505328125 0.5391407359375 0.6690574078125 0.561389071875 0.6987931046875 0.5638611265625 0.7111830171875 0.5379047359375 0.7074660546875 0.49093600937500004
5 0.729767828125 0.34755782968750004 0.7167584609375 0.341377775 0.7033591140625 0.34737763906249997 0.7018906109375 0.421718946875 0.70003213125 0.46868767343749995 0.7037490921875 0.52183645625 0.728528803125 0.5317246234375 0.7508305765625 0.5094762890625 0.7477330703125 0.4723957296875 0.739060234375 0.4143028359375 0.729767828125 0.34755782968750004
5 0.77622985625 0.5107122890625 0.7935756421875 0.484755896875 0.7923366171875 0.44396728281250003 0.7768493125 0.4105947796875 0.7650789687499999 0.3549739421875 0.7405417937500001 0.332555403125 0.731006740625 0.3426137734375 0.732865221875 0.367334165625 0.739060234375 0.41553889218749995 0.7433966515625 0.44891139375 0.744635678125 0.489700009375 0.7520696015625 0.5193644578125001 0.77622985625 0.5107122890625
15 0.34072570625 0.58981751875 0.3549741 0.5824014078124999 0.3574520359375 0.5688051828125 0.3580715484375 0.5317246234375 0.3568325796875 0.5045322328124999 0.3568325796875 0.47115973125000005 0.3568325796875 0.43902322656250004 0.3568325796875 0.4105947796875 0.3555935546875 0.39452655625 0.34454625625 0.393697128125 0.3326723265625 0.39452655625 0.3308138453125 0.425427003125 0.3264773703125 0.4736317296875 0.3246188890625 0.5107122890625 0.32276040781250004 0.550264903125 0.3239993765625 0.5749852953125 0.3332917828125 0.5861094625 0.34072570625 0.58981751875
15 0.3611689984375 0.6034136859375 0.3791343546875 0.6108297984375 0.38904621562499997 0.58981751875 0.39090469687499996 0.552736959375 0.39090469687499996 0.5193644578125001 0.39090469687499996 0.47115973125000005 0.389665728125 0.43407917031250004 0.389665728125 0.40194266875 0.382658503125 0.3770221125 0.37355891093750004 0.3784583328125 0.3679834671875 0.39205450000000003 0.3661249859375 0.421718946875 0.36364699218749996 0.45879950625 0.3580715484375 0.5107122890625 0.3549741 0.551500903125 0.3543545875 0.58116535 0.3611689984375 0.6034136859375
9 0.41878191249999996 0.6009416859375001 0.4212599078125 0.57869335 0.4212599078125 0.5403767359375 0.41878191249999996 0.5156564 0.41878191249999996 0.46745167500000007 0.4175429453125 0.41553889218749995 0.41010902031249996 0.3821663890625 0.3966020078125 0.3788748921875 0.39338269062500003 0.41677489218749997 0.39090469687499996 0.4736317296875 0.389665728125 0.52183645625 0.385329253125 0.558917015625 0.386568278125 0.6083577984375 0.4001971015625 0.624426021875 0.41320647031249996 0.6231900218749999 0.41878191249999996 0.6009416859375001
11 0.45595153593750004 0.5824014078124999 0.45595153593750004 0.5230725125 0.4509956046875 0.4414952828125 0.44665912968750004 0.4143028359375 0.4347142546875 0.4159304828125 0.4262158375 0.45385545 0.42497686874999996 0.5070042328125 0.42373790156249996 0.555208959375 0.42249887499999994 0.5997056296875 0.4231183875 0.625662021875 0.43922520625 0.6355501890624999 0.4540930546875 0.624426021875 0.45595153593750004 0.5824014078124999
11 0.45223457343750006 0.6083577984375 0.45719056093750005 0.6343141890624999 0.47267786562499997 0.6343141890624999 0.49807714531249997 0.625662021875 0.5017941078125 0.59105351875 0.4937406703125 0.5477928484375 0.4906432203125 0.5119483453125 0.481970271875 0.4625075625 0.478403903125 0.4159304828125 0.46710242187500006 0.40194266875 0.45719056093750005 0.40317866718750006 0.4509956046875 0.43778722812500004 0.4509956046875 0.47115973125000005 0.4509956046875 0.5230725125 0.45223457343750006 0.567569184375 0.45223457343750006 0.6083577984375
13 0.3283358515625 0.556445015625 0.3283358515625 0.52678056875 0.3283358515625 0.489700009375 0.3289553640625 0.43655117031249996 0.3289553640625 0.39452655625 0.3252384015625 0.3772222765625 0.31532648281250003 0.362390053125 0.304175596875 0.362390053125 0.29249050468750004 0.36219987656249997 0.2911662296875 0.40688672343750004 0.2849712734375 0.4736317296875 0.2756788671875 0.5181283999999999 0.2756788671875 0.558917015625 0.2893077484375 0.5737492390625001 0.301078146875 0.5774572953125 0.3171849640625 0.5688051828125 0.3283358515625 0.556445015625
13 0.2849712734375 0.47857584218750004 0.29364422343749996 0.4118308359375 0.29364422343749996 0.367334165625 0.2911662296875 0.3450858296875 0.2781568609375 0.34014171718749997 0.2646034953125 0.34737763906249997 0.26019156250000003 0.39576255625 0.255235575 0.43655117031249996 0.2440846890625 0.46621561875 0.23479228281250003 0.4995881203125 0.24842116406249998 0.5453208468749999 0.27134245 0.555208959375 0.2806348546875 0.52678056875 0.2849712734375 0.47857584218750004
13 0.25089915625 0.43655117031249996 0.26143053125 0.363626109375 0.263908525 0.3141853265625 0.2527576375 0.29935310312499996 0.24229388749999997 0.3140276078125 0.228597384375 0.35373794062499997 0.216826984375 0.3809303328125 0.20072013906250002 0.4192469484375 0.1970031765625 0.4476753390625 0.20505658593749998 0.487227953125 0.226119390625 0.5131843453125 0.2391287578125 0.48104784218749996 0.25089915625 0.43655117031249996
14 0.3555935546875 0.6602705796875 0.3562130671875 0.6961150828125 0.35249610625 0.746791921875 0.3469206625 0.8024127609375 0.34196473125 0.8357852640625 0.35311561875 0.85679754375 0.359419328125 0.8513336671875 0.3717004296875 0.8221889828125001 0.3785148421875 0.7752203125 0.384090284375 0.7294875859375 0.389665728125 0.6751028031249999 0.387807246875 0.6466743562499999 0.37355891093750004 0.6380222453125 0.36364699218749996 0.6503824125000001 0.3555935546875 0.6602705796875
8 0.39028524062500003 0.6367861890625 0.384709796875 0.6924070265625 0.380373321875 0.7381397546875 0.37541739218750003 0.7912885921874999 0.37355891093750004 0.8357852640625 0.383470771875 0.862977596875 0.389165471875 0.8531864484374999 0.4001971015625 0.8221889828125001 0.4057725453125 0.7875805375 0.4119675015625 0.7504999781249999 0.4200209390625 0.7047672515625 0.4200209390625 0.659034525 0.4156844640625 0.6392582453125 0.40391406406249997 0.6367861890625 0.39028524062500003 0.6367861890625
10 0.43241079375 0.6343141890624999 0.42187942031250003 0.6404942453125 0.4194014265625 0.6664506359375 0.4156844640625 0.7171274750000001 0.4119675015625 0.7628600890625 0.4094895078125 0.7851084234375 0.41333421406250004 0.7957502828125 0.41506495 0.8246610953125 0.43303030624999994 0.817244984375 0.43674726875000003 0.7851084234375 0.4448006484375 0.7356677546875 0.4485176109375 0.6936430828125 0.4503760921875 0.6602705796875 0.4472786421875 0.6367861890625 0.43241079375 0.6343141890624999
10 0.46834144687499996 0.6380222453125 0.4553320796875 0.64543835625 0.4472786421875 0.6429663 0.4460396734375 0.7010591953125 0.44308035781250005 0.7586946921875 0.43860574999999996 0.7900525359375 0.44418119218749996 0.809828871875 0.4609075234375 0.799940646875 0.46834144687499996 0.7542080343750001 0.47267786562499997 0.6961150828125 0.475775371875 0.6676866921875 0.475775371875 0.6466743562499999 0.46834144687499996 0.6380222453125
2 0.4906432203125 0.6380222453125 0.475775371875 0.6429663 0.473297378125 0.6911710281250001 0.468960903125 0.7319596984375 0.47282650156250006 0.7679585890625 0.47267786562499997 0.8036487046874999 0.479492334375 0.812300871875 0.4906432203125 0.8110648156250001 0.49559915156249995 0.7542080343750001 0.4999356265625 0.70847530625 0.50427204375 0.6676866921875 0.50427204375 0.64543835625 0.4906432203125 0.6380222453125
2 0.51542293125 0.64543835625 0.50427204375 0.6466743562499999 0.4999356265625 0.6553264671875 0.49807714531249997 0.6751028031249999 0.4999356265625 0.6948790828125 0.49869660156249995 0.7443198093750001 0.4988543765625 0.7679585890625 0.49931611406250004 0.799940646875 0.5092280312499999 0.8147728703125001 0.52285685625 0.804884759375 0.52409588125 0.7603880890625 0.52781284375 0.70847530625 0.5315298046875 0.6751028031249999 0.52781284375 0.6516184125 0.51542293125 0.64543835625
0 0.554451034375 0.6491464125 0.5402026984375 0.6466743562499999 0.5309102921875 0.6602705796875 0.5290518109375 0.686226971875 0.5327687734375 0.7393758109374999 0.5389637296875 0.782636425 0.5416144578125001 0.780928046875 0.5513535843749999 0.8221889828125001 0.5637434406249999 0.8258970390625 0.5717968765625 0.8184809281250001 0.5730358453125 0.78387248125 0.568079915625 0.7381397546875 0.568079915625 0.6936430828125 0.564982465625 0.6627425796875 0.554451034375 0.6491464125
6 0.5755138390625001 0.6417303000000001 0.560645990625 0.6602705796875 0.5656019203125 0.71589141875 0.5750788703125 0.788339165625 0.5829477640625 0.8221889828125001 0.5971961 0.8197169828125 0.6052495375 0.8085928171875001 0.5978156125 0.7653322015625 0.5978156125 0.7393758109374999 0.60029360625 0.6899350281250001 0.5959571312499999 0.64543835625 0.5755138390625001 0.6417303000000001
6 0.6182589046875 0.621953965625 0.604630025 0.621953965625 0.5940986500000001 0.6268980765625 0.5872842390625 0.6466743562499999 0.58790369375 0.6726307484375 0.59533761875 0.6998231390625 0.60586905 0.7517359203125 0.623416353125 0.793897503125 0.643658128125 0.804884759375 0.656048040625 0.78881648125 0.647994603125 0.757916090625 0.639321709375 0.7344316984375 0.633126753125 0.7022952515625 0.6312682734374999 0.6664506359375 0.6294097921875 0.6343141890624999 0.6182589046875 0.621953965625
4 0.6628624515625 0.5861094625 0.646755634375 0.6083577984375 0.6201173859375 0.6083577984375 0.6164004234375 0.6392582453125 0.6287902796875 0.6676866921875 0.638082684375 0.6998231390625 0.6424191593749999 0.7331956421875 0.650472596875 0.7628600890625 0.6597650015625 0.78140036875 0.6726834046875 0.7920447234375 0.6925981484375 0.7962325921875 0.7111830171875 0.7690402578125 0.7148999796875 0.7393758109374999 0.7043685484375 0.7010591953125 0.6919786359375 0.6676866921875 0.6895007 0.620717965625 0.6814472625 0.5873454625 0.6628624515625 0.5861094625
4 0.7012710421875 0.5737492390625001 0.68392525625 0.58363740625 0.68082775 0.618245909375 0.6895007 0.6602705796875 0.7068464859375 0.6924070265625 0.7265982890625 0.7160807640625 0.739060234375 0.7344316984375 0.76260091875 0.7257795296875 0.7681763625 0.7010591953125 0.7564060203125 0.6602705796875 0.7440161078124999 0.607121740625 0.7353432718749999 0.561389071875 0.7173779171875 0.553972959375 0.7012710421875 0.5737492390625001
4 0.7588839562499999 0.5317246234375 0.7471136140625 0.5428487921875 0.733484790625 0.5490289046875 0.732865221875 0.5774572953125 0.7421576265625001 0.620717965625 0.77003484375 0.6973511390625 0.7823723078125 0.706816865625 0.8041070734375 0.6911710281250001 0.8109214281250001 0.65409046875 0.807824034375 0.6108297984375 0.796053578125 0.57869335 0.7880001984375 0.5416127921875 0.7867611734375 0.5230725125 0.7706544125 0.5168923999999999 0.7588839562499999 0.5317246234375
14 0.32771633906250003 0.6367861890625 0.3258578578125 0.670158690625 0.32276040781250004 0.7146553625000001 0.3134680015625 0.7616241453125 0.304175596875 0.782636425 0.303556084375 0.8036487046874999 0.3246188890625 0.809828871875 0.32595491718749997 0.806866959375 0.34134521875 0.77645636875 0.347540175 0.7307236421875001 0.35249610625 0.6948790828125 0.36302747968750004 0.6652146359375 0.3686029234375 0.6466743562499999 0.3605495421875 0.619481965625 0.3432037 0.619481965625 0.32771633906250003 0.6367861890625
12 0.310370553125 0.607121740625 0.296741671875 0.5885814625 0.2862102984375 0.5959975734375 0.2793958296875 0.620717965625 0.2787763734375 0.656562525 0.26762548750000004 0.6985871390625 0.25337709375 0.7331956421875 0.2564746 0.7702762015625 0.26762548750000004 0.7937605921875 0.29620877343749996 0.793897503125 0.30975104062500003 0.7715122562500001 0.32276040781250004 0.7245435875 0.3246188890625 0.6973511390625 0.3301943328125 0.6689226921875 0.3425841875 0.6380222453125 0.3425841875 0.6157739109375 0.3283358515625 0.5997056296875 0.310370553125 0.607121740625
12 0.24966013281250002 0.552736959375 0.23045586562499998 0.562625071875 0.22488042187500001 0.6058857421875 0.214348990625 0.6404942453125 0.2001006546875 0.683754915625 0.19638369218750001 0.7035311937500001 0.206915065625 0.7270155875000001 0.22927995 0.74387245625 0.2422262078125 0.7257795296875 0.25709405625000004 0.7047672515625 0.2682449421875 0.6639786375 0.28311279218749996 0.6417303000000001 0.2917857421875 0.5972336312500001 0.2843518171875 0.5762212953125 0.2663864625 0.5712772390625 0.24966013281250002 0.552736959375
12 0.21372950624999998 0.5576810156249999 0.2062955828125 0.5416127921875 0.1994811421875 0.5255445109375 0.1827548125 0.53419668125 0.17903785 0.553972959375 0.1623115203125 0.620717965625 0.1480631828125 0.6664506359375 0.1647895125 0.6998231390625 0.1800129 0.6994057484375 0.1926667296875 0.6973511390625 0.2025786203125 0.688698971875 0.21558798750000002 0.6639786375 0.22549987656249998 0.6293700765625 0.231694834375 0.6083577984375 0.23231434687500002 0.5824014078124999 0.226119390625 0.558917015625 0.21372950624999998 0.5576810156249999