3 0.5275721734375 0.574413659375 0.542302784375 0.56657614375 0.548195028125 0.5391449078125 0.5457399406250001 0.4872214515625 0.5457399406250001 0.45685115156249995 0.5457399406250001 0.41080582187500003 0.5442668796875 0.3804355234375 0.539847696875 0.36769955468750004 0.5321184828125001 0.360188296875 0.5148056609375 0.362801146875 0.508913415625 0.37945580625 0.505476259375 0.4225620734375 0.5049852687499999 0.4823229984375 0.5025301375 0.5322870640625 0.5025301375 0.5646167531249999 0.5123505734375 0.5753933328125 0.5275721734375 0.574413659375
3 0.5702909421875 0.5518808296875 0.5806023687499999 0.5391449078125 0.5806023687499999 0.5146526890625001 0.57716525625 0.477424590625 0.57716525625 0.426480809375 0.574710125 0.38239486875 0.5737281000000001 0.348105834375 0.5609615859375 0.34026831875 0.5549589484374999 0.3425657953125 0.5501591234375 0.34908550625 0.54524890625 0.38141519687500003 0.544757915625 0.40786675937499994 0.54524890625 0.46860740312500004 0.5432848546875 0.4989777015625 0.5432848546875 0.5332667828125001 0.5506501593750001 0.5567792828125 0.5702909421875 0.5518808296875
1 0.58894974375 0.5479620953125 0.597297075 0.552860503125 0.6100635890625 0.544043315625 0.61742889375 0.5254292671874999 0.6189019546875001 0.5038761546875 0.61399178125 0.4695870765625 0.61399178125 0.4303995890625 0.61399178125 0.37357768125 0.614482771875 0.34320738125 0.605060615625 0.332286003125 0.5928778921875 0.33536986562500004 0.58894974375 0.362801146875 0.5820754296875 0.4088464328125 0.5791293078125 0.44019645 0.5766742218750001 0.49309957656250003 0.5761831859375001 0.5205308140625 0.5830575015624999 0.5322870640625 0.58894974375 0.5479620953125
7 0.6262672593749999 0.544043315625 0.63903381875 0.5489417671875 0.648363175 0.5283683296875 0.6488542093749999 0.501916765625 0.645417053125 0.44901363749999995 0.6444350265625001 0.384354259375 0.6444350265625001 0.342227709375 0.635105625 0.3275323953125 0.62790108125 0.3308174609375 0.619392990625 0.342227709375 0.61742889375 0.371618334375 0.6130097109375 0.4176636203125 0.6100635890625 0.4558714359375 0.6066264765625 0.4852620609375 0.605153415625 0.5117136265625 0.6130097109375 0.5342464546875 0.6262672593749999 0.544043315625
7 0.681261596875 0.5097542796875 0.67782439375 0.47448552812499994 0.67782439375 0.42060268437500004 0.67782439375 0.365740209375 0.67438728125 0.3363495828125 0.658109440625 0.32494329375 0.6488542093749999 0.33536986562500004 0.6439439921875 0.3725980078125 0.6434530015625 0.426480809375 0.6434530015625 0.4793839359375 0.6434530015625 0.5175917515624999 0.65425541875 0.5332667828125001 0.6699680984375 0.5381651890625 0.681261596875 0.5097542796875
5 0.7288905375 0.5097542796875 0.7269264875 0.46860740312500004 0.7254534265625 0.42844019843750003 0.7239803640625 0.37847613281250003 0.7205431625000001 0.32851206718750003 0.7102317359375 0.3226339421875 0.6942121125 0.3146635015625 0.6827346578125 0.35496363125 0.6822435765625 0.41374488437499995 0.6763513328124999 0.4539120890625 0.67684236875 0.4911401875 0.681261596875 0.513673015625 0.6955011265625 0.5234698765625 0.7156329890625 0.51857146875 0.7288905375 0.5097542796875
5 0.7789746109375 0.4196230109375 0.7671901234375 0.384354259375 0.756878696875 0.341247990625 0.7495133921875 0.3157761453125 0.7317883625 0.31172641875 0.7205431625000001 0.32949174062500003 0.7215252328124999 0.3725980078125 0.7249623453125 0.45489176249999996 0.7303635984375 0.49211990468750005 0.7406750265625 0.504855828125 0.7657170625 0.4970183125 0.7799566828125 0.47056674843749996 0.7789746109375 0.4196230109375
13 0.27076855 0.4127652125 0.27666079374999997 0.37847613281250003 0.27666079374999997 0.34418705312500003 0.274205684375 0.3157761453125 0.2570199875 0.30304017656250004 0.23934325625000002 0.3069589578125 0.234455634375 0.3161320421875 0.2206844765625 0.3588823671875 0.205462853125 0.40590737031249996 0.20300774375000002 0.44999330937500004 0.21970242812500002 0.4833027171875 0.24032528125 0.4989777015625 0.259966109375 0.4891808421875 0.26684037968749996 0.44999330937500004 0.27076855 0.4127652125
13 0.31397833125 0.52444959375 0.32478079375 0.5068152171875 0.3291999765625 0.45685115156249995 0.32330773281249997 0.41570427499999996 0.31937958437499997 0.356923021875 0.31937958437499997 0.3216542703125 0.3120142796875 0.2942229890625 0.2963016 0.291283925 0.2889780375 0.30438370937500003 0.2756787453125 0.341247990625 0.2727326234375 0.37651674375 0.2658583546875 0.4362777140625 0.2609481359375 0.47644487343749997 0.26193018437500004 0.5068152171875 0.27715180625 0.5205308140625 0.302684878125 0.5273886562500001 0.31397833125 0.52444959375
15 0.350313865625 0.5224902046875 0.3606252921875 0.504855828125 0.36258934374999996 0.4823229984375 0.36258934374999996 0.45097302812500006 0.3616073171875 0.41080582187500003 0.36013425625 0.374557396875 0.36013425625 0.3304714578125 0.359643221875 0.3001011140625 0.345403646875 0.291283925 0.3405532828125 0.30732079218749997 0.3291999765625 0.362801146875 0.321834671875 0.4127652125 0.315942428125 0.44901363749999995 0.311032209375 0.4989777015625 0.3164334625 0.5264089390625 0.3272358796875 0.5352261265625 0.3390203671875 0.5352261265625 0.350313865625 0.5224902046875
15 0.37142770937499997 0.5391449078125 0.383212196875 0.5273886562500001 0.390577503125 0.5332667828125001 0.39696078125 0.504855828125 0.3994158671875 0.471546465625 0.396469746875 0.43725738593749996 0.393032634375 0.4088464328125 0.390577503125 0.3725980078125 0.39155957343750003 0.34026831875 0.39155957343750003 0.3216542703125 0.3803399015625 0.30732079218749997 0.37093671875 0.332430803125 0.362098353125 0.37063861875000004 0.3557150734375 0.40786675937499994 0.3498228296875 0.44313551249999994 0.345403646875 0.4882011234375 0.3458946828125 0.5175917515624999 0.356206109375 0.544043315625 0.37142770937499997 0.5391449078125
9 0.4008889296875 0.5567792828125 0.41561953906250004 0.5509011578125 0.4234758796875 0.5283683296875 0.425439975 0.4950589671875 0.42789506250000003 0.4617495609375 0.42789506250000003 0.41374488437499995 0.42789506250000003 0.36378082031250003 0.42200281874999995 0.33145113125000003 0.40907468125 0.31906912656249997 0.398924878125 0.33439019375 0.3945056953125 0.37651674375 0.3910685375 0.4225620734375 0.38223017187499997 0.46468862343749995 0.376337928125 0.5028964375 0.37977508437499996 0.5264089390625 0.3866493546875 0.546982378125 0.4008889296875 0.5567792828125
11 0.44655381875 0.558738628125 0.4588293421875 0.549921440625 0.4617754640625 0.516612078125 0.46717667343749997 0.46370895 0.47257792656250003 0.40982614999999994 0.473559953125 0.348105834375 0.473559953125 0.3157761453125 0.46324852656250004 0.3108776921875 0.4540188234375 0.3234747515625 0.4431167078125 0.33439019375 0.4362423921875 0.36769955468750004 0.43280528125 0.4088464328125 0.42691303593749996 0.44901363749999995 0.42249385312500004 0.49211990468750005 0.4205297578125 0.5322870640625 0.425930965625 0.558738628125 0.44655381875 0.558738628125
11 0.453428134375 0.5273886562500001 0.4583383078125 0.55775895625 0.47061383125 0.574413659375 0.4838713796875 0.5763730046875 0.5030211718750001 0.574413659375 0.5064583296875 0.549921440625 0.505476259375 0.513673015625 0.5015481109375 0.46370895 0.5015481109375 0.4166839484375 0.501173334375 0.3543141296875 0.4936917703125 0.3275323953125 0.48043422187499996 0.32949174062500003 0.468649734375 0.34908550625 0.4661946484375 0.38141519687500003 0.46275749062499993 0.4392167765625 0.4588293421875 0.49211990468750005 0.453428134375 0.5273886562500001
2 0.5260991125000001 0.589108971875 0.514314625 0.5851901921875 0.5035122078125001 0.58127145625 0.4966378921875 0.5861699109375 0.5010570765625 0.6390730375 0.5040031984375 0.698834009375 0.50485728125 0.6876731203124999 0.5069493203125 0.725285571875 0.514314625 0.7458590125 0.523152990625 0.74781835625 0.5334644171875 0.7213667921875 0.5305182953124999 0.673362071875 0.53199135625 0.6400527546875 0.53100933125 0.6067433484375 0.5260991125000001 0.589108971875
2 0.5491770984375 0.574413659375 0.5364105390625 0.5763730046875 0.5260991125000001 0.5851901921875 0.5251170875 0.5998855062499999 0.5300273062499999 0.6273167875000001 0.53100933125 0.6811996328125 0.53432885 0.731729375 0.54377584375 0.7458590125 0.556542403125 0.7409605140625 0.5609615859375 0.7164683843749999 0.5609615859375 0.673362071875 0.559979515625 0.6439714453125001 0.5614525765625 0.610662128125 0.5614525765625 0.5842105203125 0.5491770984375 0.574413659375
0 0.597297075 0.57833239375 0.5855125875 0.5724542703125 0.5727460734375 0.577352721875 0.559488525 0.583230846875 0.55457830625 0.60870269375 0.5589974890625 0.661605821875 0.5693089171875 0.7448792937500001 0.5702909421875 0.7644730140625 0.5815844390625 0.7772089828125 0.5879676734375 0.7654527328125 0.5933689281250001 0.7350823890625 0.5933689281250001 0.703732415625 0.594350953125 0.6596464765625 0.5987701359375001 0.6184996 0.597297075 0.57833239375
6 0.6316685125 0.6322151953125 0.6316685125 0.6047839578125 0.619392990625 0.5822511296874999 0.6056444062499999 0.5802917843750001 0.5997521625 0.5959667703125 0.5918958671875 0.6136011921875 0.5953329796875 0.6518090062499999 0.5982791015625 0.6880573859375 0.6041713453125 0.74194023125 0.610218140625 0.7640372953125001 0.619392990625 0.7928840140625 0.6336325640625 0.7909245796875 0.6375607578125 0.7772089828125 0.6346146359375 0.74781835625 0.6316685125 0.7243058546875 0.6316685125 0.6929558828125 0.6316685125 0.6645448843749999 0.6316685125 0.6322151953125
6 0.6665309421875001 0.5910683171875 0.6586746015625 0.57833239375 0.6478721843749999 0.573433940625 0.633141575 0.5802917843750001 0.6267582953125 0.6038042859375 0.6346146359375 0.655727696875 0.6536887046875 0.7376035421875 0.663093784375 0.7625136703125001 0.6729142203125 0.7830871078125 0.6837166375 0.7693715125 0.6837166375 0.7399808859375 0.67684236875 0.700793353125 0.671441159375 0.66356525625 0.668004003125 0.6253574421875 0.6665309421875001 0.5910683171875
4 0.7146509187500001 0.552860503125 0.6974652671875 0.549921440625 0.6827346578125 0.558738628125 0.66358481875 0.570494878125 0.659656671875 0.5998855062499999 0.671441159375 0.64593088125 0.679788490625 0.66650431875 0.6891178921875001 0.7292042624999999 0.698632846875 0.7493518765625 0.7102317359375 0.7634933875 0.72643540625 0.7546762 0.736746834375 0.7360621046875 0.7441121390625 0.710590259375 0.7347827828125 0.66944338125 0.7244713546875 0.6273167875000001 0.7190701015625 0.577352721875 0.7146509187500001 0.552860503125
4 0.7588427484375 0.513673015625 0.7421480875 0.5234698765625 0.729381528125 0.5352261265625 0.7161239796875 0.55775895625 0.7175970406250001 0.5851901921875 0.7249623453125 0.622418378125 0.73232765 0.66650431875 0.7472609359375 0.6979529140625 0.756878696875 0.7027527 0.7770105609375 0.6998136359375 0.790268109375 0.6684636640625 0.7843758656250001 0.6322151953125 0.7770105609375 0.5930277078125 0.7755375 0.5567792828125 0.768663184375 0.5224902046875 0.7588427484375 0.513673015625
10 0.49811095468750005 0.5822511296874999 0.4868175015625 0.5802917843750001 0.47257792656250003 0.5802917843750001 0.46815874375 0.5979261609375001 0.47012279531249995 0.6537683515625 0.47612250156249997 0.6876731203124999 0.4750330140625 0.725285571875 0.48288935468750005 0.7634933875 0.505476259375 0.7380214515625 0.5035122078125001 0.7027527 0.5005660859375001 0.6567074140625 0.5010570765625 0.6253574421875 0.5040031984375 0.5949870984375 0.49811095468750005 0.5822511296874999
10 0.4529370984375 0.5753933328125 0.4411526109375 0.5851901921875 0.4362423921875 0.6018448953125 0.4391885140625 0.64299181875 0.4411526109375 0.6851183234375 0.4459141421875 0.7287922921875001 0.4558832203125 0.7487980750000001 0.468649734375 0.7576152609375 0.47945219687499996 0.7350823890625 0.4750330140625 0.6929558828125 0.474541978125 0.655727696875 0.473559953125 0.6165402531249999 0.4696318046875 0.58127145625 0.4529370984375 0.5753933328125
8 0.44066157656250005 0.5989058328125 0.4332962703125 0.5881292546875 0.41758363593750003 0.5822511296874999 0.404817121875 0.5851901921875 0.398924878125 0.6047839578125 0.4008889296875 0.6410323828125 0.40285302500000003 0.7056917625 0.40907468125 0.7522889609375001 0.41267341718750006 0.7987621390624999 0.4244579046875 0.7909245796875 0.43526036718750005 0.7654527328125 0.4401705859375 0.73900116875 0.442625671875 0.695894946875 0.44508075937499997 0.66356525625 0.44458976874999995 0.6341746296874999 0.44066157656250005 0.5989058328125
14 0.41267341718750006 0.6165402531249999 0.405799146875 0.6018448953125 0.3945056953125 0.5920480343750001 0.37928405 0.5842105203125 0.36504447500000003 0.5949870984375 0.3616073171875 0.6322151953125 0.365535465625 0.67532150625 0.3700248515625 0.7596316703125 0.37093671875 0.7879855171875 0.3807571109375 0.8017012015624999 0.39155957343750003 0.7840668265625 0.39696078125 0.7556558265625 0.399906903125 0.7272449187500001 0.40285302500000003 0.686098040625 0.408254234375 0.647890225 0.41267341718750006 0.6165402531249999
14 0.36504447500000003 0.5709243765625 0.3522779171875 0.5709243765625 0.339511403125 0.5836603 0.3321460984375 0.5954165515625001 0.327726915625 0.6424415531250001 0.31888855 0.7139587749999999 0.3154513921875 0.7453087468749999 0.3085771234375 0.7854759953125 0.3120142796875 0.8109478421875 0.319923184375 0.8066250078125 0.328708940625 0.7844962796875 0.3419664890625 0.7629431234374999 0.3488408046875 0.7315931515625 0.3557150734375 0.6992634625 0.365535465625 0.6679134453125 0.37977508437499996 0.633624365625 0.3778109890625 0.5983556125 0.36504447500000003 0.5709243765625
12 0.3071040609375 0.5581884546875 0.279115903125 0.5572087359375 0.273714671875 0.591497815625 0.2663493671875 0.6287259578125 0.2570199875 0.6600759296875001 0.2383612078125 0.7100399953125 0.2388522203125 0.74432911875 0.25309181875000003 0.757064996875 0.2727326234375 0.7717603109375 0.2860308796875 0.7669743796875 0.29826569531249997 0.7462884640625 0.31152324375 0.7061213046875 0.319870575 0.6659540546875 0.32281669687500003 0.6453806156249999 0.33361915937500003 0.6140306453125 0.339511403125 0.5846400171874999 0.32969101093750003 0.5670056421874999 0.3071040609375 0.5581884546875
12 0.24327140468750003 0.5150821859375 0.225594671875 0.5150821859375 0.2172473421875 0.5287978265625 0.21037305 0.5689649875 0.20644487968749997 0.6061931281249999 0.199079575 0.636563428125 0.18975019531249998 0.6669337718749999 0.194169378125 0.7031822421875 0.213810184375 0.7159181203125 0.23298205625 0.7067641640625 0.25112774375 0.6786900218749999 0.2589840625 0.6492993968749999 0.26487630625 0.6238275046874999 0.280097928125 0.5905181421875 0.2825530375 0.5621071890625 0.27666079374999997 0.5395743609375 0.262421196875 0.521939984375 0.24327140468750003 0.5150821859375