1 0.603865859375 0.5344776546875 0.6057717640625 0.5012044546875 0.601007021875 0.45177002499999996 0.592906996875 0.41469419218750003 0.588142253125 0.357654446875 0.582901065625 0.32057861249999997 0.573371578125 0.30346666875 0.5677842937500001 0.319545025 0.5647950671874999 0.382371640625 0.5652715546875 0.445115359375 0.5667009734375 0.5164150390625 0.5667009734375 0.5449349109375 0.574800996875 0.562046834375 0.586712834375 0.5629975265625 0.5957658343750001 0.5553922124999999 0.603865859375 0.5344776546875
3 0.5624127171875 0.4289541265625 0.5566950421875 0.3681117046875 0.5552656234375 0.34244381874999996 0.5406157968749999 0.339495490625 0.5376361125 0.40328624218750003 0.53668318125 0.445115359375 0.5381126 0.49835246718750004 0.5400185046875 0.5268723390625001 0.5528832734375 0.5487375906249999 0.5657480406250001 0.5325763140625 0.5671774609375 0.4916978453125 0.5624127171875 0.4289541265625
3 0.5376361125 0.5088097703125001 0.53430083125 0.45177002499999996 0.5271537375 0.3804703453125 0.5204830874999999 0.332937209375 0.5061889015625 0.32533189687499997 0.5020079359375 0.3423455578125 0.5028536203125 0.4156448390625 0.5004712265625 0.4878951671875 0.5014242015625 0.521168365625 0.5090477375 0.5420829234375 0.51714780625 0.5496882390625 0.53096550625 0.5468362515625 0.5352537609375 0.5382802890625 0.5376361125 0.5088097703125001
11 0.5033300640625 0.5040564421875 0.4966594578125 0.45747399843750003 0.47760052656249996 0.3471971453125 0.463782828125 0.3471971453125 0.4576803890625 0.36799615937499996 0.457588665625 0.43085542343750005 0.462353409375 0.4850431796875 0.46616517812499997 0.5392309359375 0.47474168906249997 0.5582442000000001 0.48570059531250004 0.5610961859375 0.49284768906250004 0.5572935515624999 0.49999478281250004 0.5411322765625 0.5033300640625 0.5040564421875
0 0.5628892046875 0.5829614359375 0.5524067859375 0.5753561234375 0.53668318125 0.5782081109375 0.53334785625 0.59912266875 0.5385890859375 0.643803815625 0.557774846875 0.7299546421875001 0.5624127171875 0.755981965625 0.574800996875 0.766439309375 0.585759903125 0.75122868125 0.582424578125 0.7141528484374999 0.575753971875 0.674225028125 0.570036296875 0.6323958671875001 0.5657480406250001 0.59912266875 0.5628892046875 0.5829614359375
10 0.460923990625 0.5953200328125 0.45187099062499997 0.5896160593750001 0.444247453125 0.5924680453125 0.43909141875 0.670103240625 0.43900622343749995 0.7132021578125001 0.441865059375 0.7379194375 0.453300409375 0.74837669375 0.462353409375 0.729363475 0.463782828125 0.6799290015625 0.464735759375 0.6390504890625001 0.469500503125 0.61243195625 0.460923990625 0.5953200328125
10 0.4942771078125 0.6067279828125 0.48474762031249996 0.59912266875 0.4723593390625 0.59912266875 0.467594596875 0.6105306171875 0.465688734375 0.6504584390625 0.4676898359375 0.6772284078124999 0.469500503125 0.71890613125 0.4728358265625 0.7379194375 0.4823652703125 0.7464753984375 0.4914182703125 0.7407714249999999 0.4938006203125 0.725560796875 0.4942771078125 0.6903862593750001 0.4942771078125 0.6523597765625 0.4942771078125 0.6067279828125
2 0.5019006453125 0.602925346875 0.4909417828125 0.6171852828125 0.4970032125 0.6872036406250001 0.49618297031249997 0.715103540625 0.5023771328125 0.7407714249999999 0.51953015625 0.7436234125000001 0.5204830874999999 0.712251553125 0.5181007375 0.6770770140625 0.5157183875 0.6323958671875001 0.5123830625 0.6067279828125 0.5019006453125 0.602925346875
2 0.532394925 0.583912084375 0.52000664375 0.5848627328125 0.51285955 0.59912266875 0.51285955 0.63714919375 0.519166984375 0.692903775 0.5204830874999999 0.7407714249999999 0.5352537609375 0.747426003125 0.54049495 0.734116759375 0.54049495 0.697991615625 0.54049495 0.6580637515625 0.54049495 0.6219385671875 0.5381126 0.600073359375 0.532394925 0.583912084375
8 0.446629803125 0.5810600984375001 0.4366238734375 0.5706027953125 0.4194708484375 0.564898821875 0.41470610468749997 0.586764071875 0.41137082343750003 0.624790553125 0.4097780421875 0.6829285406250001 0.40851198593750004 0.728412784375 0.4123237546875 0.7426727203125 0.4275708734375 0.750277990625 0.4332885484375 0.7398207328125 0.4337650359375 0.7055968874999999 0.4394827109375 0.6514091296875 0.44472389687499997 0.6095799703125 0.446629803125 0.5810600984375001
14 0.4237591046875 0.5772574625 0.4204237796875 0.5496882390625 0.4094649171875 0.5344776546875 0.39183540625 0.543033615625 0.38611773125000004 0.5629975265625 0.37754121875 0.6276425406249999 0.376174903125 0.6672531734375 0.3718235453125 0.71605414375 0.37468238125000003 0.750277990625 0.38945305625 0.7578833484375 0.40184133749999995 0.729363475 0.40612959374999996 0.69133695 0.4089884296875 0.659965090625 0.4204237796875 0.6200372703125 0.4237591046875 0.5772574625