13 0.2603910515625 0.48012798281249996 0.2610030671875 0.4325066875 0.2610030671875 0.375116903125 0.2610030671875 0.2945270203125 0.25059915625 0.26155843125 0.23040329375000002 0.26155843125 0.22373106874999998 0.2845829890625 0.220611340625 0.32871664843750004 0.21571536406249997 0.3970959625 0.207759428125 0.43372772812499993 0.2028634515625 0.46181210000000006 0.21265537656250003 0.492338553125 0.23468722656250002 0.5106544359375 0.2554951046875 0.5057702187500001 0.2603910515625 0.48012798281249996
13 0.306290740625 0.504549121875 0.31302273281250004 0.463033140625 0.31302273281250004 0.41419080468749997 0.306290740625 0.36046419687500003 0.29894679062499996 0.3079586859375 0.28731890625 0.283537490625 0.2720189921875 0.2945270203125 0.2687285640625 0.3120383125 0.2640630265625 0.3861064328125 0.2573310921875 0.4300645515625 0.2512111140625 0.46059100312499995 0.25488309062500003 0.5008859453125 0.26589901562499996 0.521643965625 0.276914940625 0.5240861 0.293438828125 0.519201828125 0.306290740625 0.504549121875
9 0.44031783124999996 0.546065159375 0.44031783124999996 0.5106544359375 0.4354218828125 0.4434962171875 0.434197909375 0.38244325625000003 0.4280779328125 0.3421483140625 0.4110675828125 0.3504757671875 0.4078820703125 0.442275121875 0.4023741078125 0.4972227703125 0.39686614531250003 0.548507240625 0.39686614531250003 0.5729284359375 0.4035980796875 0.6022338484375 0.4188979953125 0.6095602015625 0.42930190625 0.5875811421875 0.44031783124999996 0.546065159375
11 0.49906943281249994 0.604675984375 0.5021294484375 0.5704863 0.49968144687500005 0.5314124546875 0.49968144687500005 0.498443865625 0.49968144687500005 0.43983304062500006 0.496009471875 0.38244325625000003 0.4892775359375 0.3421483140625 0.47520159375000004 0.33970617812500004 0.46616655781249994 0.3577971859375 0.45928972031250004 0.4166328859375 0.4562297609375 0.4740226703125 0.452557784375 0.519201828125 0.4507217984375 0.563159946875 0.4519457703125 0.592465359375 0.46418566875 0.607118065625 0.48805350625 0.605897025 0.49906943281249994 0.604675984375
3 0.5920928375 0.569265259375 0.5920928375 0.521643965625 0.5920928375 0.47646480625 0.5896448359375001 0.4239592375 0.5884208625 0.3800011203125 0.579240925 0.351916803125 0.567181346875 0.3632882515625 0.5651649828124999 0.419075021875 0.557209075 0.48623323906250004 0.5547610734374999 0.539959846875 0.5547610734374999 0.5790337484375 0.5633289953125 0.5997917125 0.5737329625 0.613223378125 0.586584875 0.592465359375 0.5920928375 0.569265259375
5 0.721223925 0.4325066875 0.7206119656250001 0.3861064328125 0.7206119656250001 0.34336935468749996 0.7065360234375 0.3226113921875 0.6881761484375 0.32871664843750004 0.6808321984375 0.3421483140625 0.6801342453125 0.37427038125 0.6777722374999999 0.46425418125 0.6765482640625 0.504549121875 0.6796082250000001 0.5301913578125 0.7016401328125 0.5472862000000001 0.7193879359375 0.53507563125 0.729791903125 0.5033280828125 0.724283940625 0.46669631562499997 0.721223925 0.4325066875
5 0.772631575 0.3995380984375 0.7695716703125 0.362906334375 0.7695716703125 0.3189482140625 0.7628396796875 0.2908638421875 0.74692775 0.28475852968750004 0.738906484375 0.3102079578125 0.7279559156250001 0.39099065 0.722447953125 0.43372772812499993 0.7187759781249999 0.4740226703125 0.7365238953125 0.5082122984375 0.755495728125 0.492338553125 0.7720196171875 0.47158053281249995 0.77630355 0.4325066875 0.772631575 0.3995380984375
4 0.7591677046875 0.560717865625 0.7463157921875 0.5253071421875 0.7328519203125 0.5167597484375 0.7200000078125 0.5301913578125 0.715104003125 0.5533915140625 0.70714809375 0.5741494765625 0.6991920734375 0.5949074953125 0.705924065625 0.627876084375 0.7407431171875001 0.6488236234375 0.7707955875 0.6889290453125 0.7995594296874999 0.6816026921875 0.8093513265625001 0.6669499859375 0.8105753546875001 0.6388656703125 0.8056793515624999 0.6095602015625 0.7891554625 0.604675984375 0.7707955875 0.5875811421875 0.7591677046875 0.560717865625
4 0.7958874546875 0.45814892343749997 0.7818115125 0.449601475 0.7640637078125 0.4654752765625 0.7524357125 0.48257006406249997 0.7450917625 0.5033280828125 0.7450917625 0.52652818125 0.7567197578125 0.5668231234375 0.7710475531250001 0.581100490625 0.7879315453125 0.6120023375 0.8013954171875 0.6254339484375 0.8185312640625 0.6156655140625 0.8234272671875 0.5802547890625 0.8130233015625 0.5448440640625 0.806291421875 0.519201828125 0.8038433640625 0.4874543359375 0.7958874546875 0.45814892343749997
12 0.26895903125 0.539959846875 0.2554951046875 0.527749278125 0.2408072046875 0.53263349375 0.22673131875000002 0.5533915140625 0.218775353125 0.5668231234375 0.1942955015625 0.5875811421875 0.178383628125 0.6095602015625 0.16981567656250002 0.6242129078125 0.16920369062500001 0.6596236328125 0.197099896875 0.6890914312499999 0.217551353125 0.684044771875 0.2408072046875 0.6706131625 0.25488309062500003 0.6596236328125 0.27569096718749997 0.6327603015625 0.28731890625 0.6156655140625 0.28731890625 0.583917965625 0.280586915625 0.5533915140625 0.26895903125 0.539959846875
14 0.35831040625 0.677939515625 0.369938346875 0.648634103125 0.3797302421875 0.6168865546875 0.3650423421875 0.583917965625 0.34913046875 0.58513900625 0.333830553125 0.5936864546875 0.3258746453125 0.607118065625 0.31831764218749997 0.6799396578125 0.3105747296875 0.7121292 0.306290740625 0.74998195 0.30751477031249996 0.7829505390625 0.3148587203125 0.798824340625 0.330158578125 0.78539273125 0.33811454375 0.7548662234375 0.34607050781250004 0.7170133609375 0.35831040625 0.677939515625
8 0.44766178125 0.6327603015625 0.4446018203125 0.604675984375 0.42624194531250004 0.5949074953125 0.415838034375 0.6144444171875 0.4018844203125 0.6945824968750001 0.39135818125 0.748760965625 0.39135818125 0.7768452828125 0.40971805781250004 0.7914979875 0.42562993125000004 0.769518928125 0.4335858953125 0.7328871625 0.44031783124999996 0.7023606546875001 0.44704982343750005 0.663286809375 0.44766178125 0.6327603015625
10 0.47336560624999996 0.6168865546875 0.46234968125 0.613223378125 0.4501097828125 0.6107812406249999 0.441541859375 0.6290971234375 0.4422903359375 0.70739498125 0.43970587187500004 0.7353292437500001 0.44031783124999996 0.7573083031250001 0.44949776874999997 0.7756241859374999 0.46785764375000005 0.7658557515625 0.47214163437499995 0.7292239875 0.475813609375 0.6828237875000001 0.481321571875 0.6449709265625 0.47336560624999996 0.6168865546875
10 0.512533359375 0.6181075953125 0.4953974578125 0.6168865546875 0.4819335859375 0.613223378125 0.47703758125 0.636423478125 0.48085961875 0.701903915625 0.4819335859375 0.74753986875 0.48805350625 0.778066378125 0.5064133828124999 0.7866137140625 0.5119213453125 0.7585294 0.5113093859375 0.7109081046875 0.5119213453125 0.67305524375 0.5155933203124999 0.6388656703125 0.512533359375 0.6181075953125
2 0.532729221875 0.6168865546875 0.5149813609375 0.619328690625 0.5088613843750001 0.6254339484375 0.5157556359375 0.7128860453125 0.5259972875 0.7609714796875 0.5302812203125 0.7805084578125 0.5412971453125001 0.7890559078125 0.5535371 0.7756241859374999 0.5523130703125 0.7304450828125 0.5474171234375 0.692592221875 0.5431331328125 0.6352024375 0.532729221875 0.6168865546875
2 0.5364011984375 0.6290971234375 0.5394611578124999 0.6657288890624999 0.5524882859375 0.754984209375 0.5627170375 0.78539273125 0.579240925 0.7866137140625 0.585360846875 0.7536451265624999 0.5767929234375 0.6816026921875 0.571896975 0.636423478125 0.5584330484375 0.619328690625 0.5468051078125 0.6181075953125 0.5364011984375 0.6290971234375
0 0.5914808234375 0.598570671875 0.579240925 0.607118065625 0.572508934375 0.6168865546875 0.572508934375 0.6620657125 0.5810769125 0.7292239875 0.5928942015625001 0.782439534375 0.6122887015625 0.82935085 0.6288125890625 0.8452245406250001 0.6392165000000001 0.8244665765624999 0.63187255 0.7866137140625 0.622080596875 0.7414346125 0.6104527140625 0.675497434375 0.6061687234375001 0.621770771875 0.5914808234375 0.598570671875
6 0.6282005749999999 0.583917965625 0.6141246890625001 0.5863601015625 0.6043327359374999 0.5961285359375 0.5988247734375001 0.6107812406249999 0.5969887859375 0.636423478125 0.605556709375 0.675497434375 0.6233046265625 0.74998195 0.6434015953125 0.7970823734375 0.6514563984375 0.8122559515625 0.6624723234375 0.813477046875 0.6704282874999999 0.7878348109375 0.6600243765625 0.7536451265624999 0.6483964375 0.719455553125 0.6410524875 0.6706131625 0.6379925265625 0.6242129078125 0.6282005749999999 0.583917965625
6 0.6606363359375 0.5668231234375 0.6435004890625 0.5668231234375 0.6324845640625 0.5814758296875 0.6263645875 0.6168865546875 0.6386044859375 0.657181553125 0.6663595015625 0.7513235 0.6741002625 0.78539273125 0.683892215625 0.7963822609375 0.69980414375 0.778066378125 0.6887881625000001 0.7255608109375 0.6783842531250001 0.6742763390625 0.6741002625 0.6290971234375 0.6741002625 0.592465359375 0.6606363359375 0.5668231234375