13 0.3174425359375 0.4674800921875 0.3188706625 0.4076424875 0.31696647968749997 0.36205193125 0.311730028125 0.3250096046875 0.2888799765625 0.3193107859375 0.281544040625 0.3391872609375 0.28221537812499997 0.3857970421875 0.2755508 0.43328717499999997 0.26841016562500003 0.48552638281249993 0.26936223593749997 0.5102212374999999 0.2845955953125 0.5282675296875 0.29935290000000003 0.5434643671875 0.31411022499999997 0.5235184984375 0.3174425359375 0.4674800921875
13 0.3464810859375 0.5700588421874999 0.359334228125 0.5586612046874999 0.359810284375 0.5311169390625 0.3583821578125 0.49597418906249996 0.35504984687499996 0.4703295015625 0.3540977765625 0.43233738749999995 0.3536217203125 0.38104801093749996 0.3474332 0.3563531125 0.33219981718749997 0.348754715625 0.321250859375 0.359202521875 0.3202987890625 0.36965037343749996 0.31458628125 0.3800982234375 0.31458628125 0.4161907171875 0.3150622953125 0.44753422499999995 0.31363416875 0.49787381093749994 0.3079216609375 0.5358659265625 0.31458628125 0.5624604468750001 0.32886755 0.5700588421874999 0.3464810859375 0.5700588421874999
15 0.3493373390625 0.522568709375 0.35266965 0.548213396875 0.359810284375 0.5586612046874999 0.37218736875 0.55486200625 0.38313637031250003 0.547263565625 0.38313637031250003 0.53016710625 0.3826603140625 0.5007232203124999 0.379804059375 0.47222912343749995 0.3774238640625 0.43328717499999997 0.37694780625 0.4161907171875 0.3751192109375 0.381899628125 0.3736154953125 0.3544535359375 0.36219048125 0.353503703125 0.3536217203125 0.37154999375000003 0.3517175796875 0.39719468125 0.3517175796875 0.43518679687499995 0.3540977765625 0.49312477968749996 0.3493373390625 0.522568709375
9 0.42455204999999996 0.5748078734375001 0.4283603734375 0.5491631859375 0.42931244375000005 0.511171071875 0.42931244375000005 0.47507853281249995 0.42931244375000005 0.4142911390625 0.4231239234375 0.3857970421875 0.4069384703125 0.389596240625 0.405120409375 0.40467955624999996 0.40027389218750004 0.43328717499999997 0.398845765625 0.46937971406249995 0.39598951250000003 0.5045224187499999 0.39598951250000003 0.537765546875 0.39979783593749996 0.5662596453125001 0.4040822171875 0.5795569046875 0.4164593015625 0.5843058921875001 0.42455204999999996 0.5748078734375001
11 0.44930621875 0.5824063140625 0.4521624734375 0.5653098562500001 0.4521624734375 0.536815759375 0.45359059999999995 0.486476171875 0.45359059999999995 0.43613658437499997 0.4521624734375 0.39054602968749996 0.4435937109375 0.379148390625 0.437978865625 0.3975608296875 0.4307405703125 0.4389859953125 0.4297885 0.46937971406249995 0.4283603734375 0.5102212374999999 0.4250280625 0.5444141546875 0.4250280625 0.5643600234374999 0.42693224687500003 0.5795569046875 0.43835726093750005 0.5871553015625001 0.44930621875 0.5824063140625
11 0.4692999953125 0.59095454375 0.4812010671875 0.5805066937500001 0.485009390625 0.5539122171875001 0.48405732031250004 0.5140204796875001 0.48405732031250004 0.45608245312499995 0.47977294062500003 0.4028935015625 0.470728121875 0.38674683125 0.45940829375 0.3975608296875 0.45501872656250003 0.42188953749999997 0.45501872656250003 0.45798207343749997 0.451686459375 0.5073718296874999 0.44883020625 0.552962384375 0.44883020625 0.5757576624999999 0.4521624734375 0.5871553015625001 0.4621593609375 0.5928541218750001 0.4692999953125 0.59095454375
3 0.52118861875 0.5776572828125001 0.5183323640624999 0.5520125953125 0.5178563078125 0.52541811875 0.5178563078125 0.48267697343749993 0.5178563078125 0.451333465625 0.514524040625 0.41998995937499994 0.509287546875 0.39719468125 0.499766715625 0.3952950609375 0.48940949375000004 0.40467955624999996 0.4892937703125 0.45608245312499995 0.48738963125 0.48742596093749996 0.48405732031250004 0.53016710625 0.4821531375 0.5748078734375001 0.48738963125 0.588105134375 0.5007187859375 0.59095454375 0.513571928125 0.5900047109375001 0.52118861875 0.5776572828125001
3 0.5173802953125 0.5339663484375 0.5173802953125 0.5634102359375001 0.5226167453125 0.5776572828125001 0.5349938296875 0.5805066937500001 0.5459428328125 0.5700588421874999 0.5468949015625 0.547263565625 0.5435625921875 0.521618878125 0.5416584515625 0.48742596093749996 0.540230325 0.455132665625 0.5349938296875 0.42188953749999997 0.528696778125 0.3989845734375 0.523568815625 0.38674683125 0.5116677875 0.3914958609375 0.5107156734375 0.4028935015625 0.5126198578125 0.42758835624999997 0.513571928125 0.45798207343749997 0.5173802953125 0.5054722515625001 0.5173802953125 0.5339663484375
1 0.5749813828125 0.5567616265625001 0.577361621875 0.5140204796875001 0.577361621875 0.48267697343749993 0.5745053687499999 0.4237891578125 0.5711730578124999 0.39624484843749996 0.56498449375 0.3829476328125 0.5540355359375 0.384847209375 0.5501262062500001 0.401832065625 0.547370959375 0.45228325468749997 0.5464188453125 0.4988236 0.5445147046875001 0.527317696875 0.5416584515625 0.557711415625 0.5497511562499999 0.5767074953125 0.562128240625 0.5786070718749999 0.5721251281249999 0.5710086765625 0.5749813828125 0.5567616265625001
7 0.6359148234374999 0.5387153359375 0.6378189640625 0.5073718296874999 0.634486696875 0.46842992499999997 0.6330585703125 0.4066926984375 0.6263939484375001 0.3563531125 0.610208540625 0.3430558734375 0.6029854625 0.37478090000000003 0.600687665625 0.4190401265625 0.600687665625 0.4646306828125 0.600687665625 0.5007232203124999 0.5983074687500001 0.5282675296875 0.605924159375 0.552962384375 0.617349175 0.5615106140624999 0.627822075 0.5567616265625001 0.6359148234374999 0.5387153359375
5 0.6835190234375 0.52921731875 0.6835190234375 0.492174990625 0.6811388703125 0.45798207343749997 0.6863752765625 0.39339543906249996 0.6916117703125 0.348754715625 0.6787586296875 0.3164613765625 0.6649533734374999 0.32311000624999997 0.6608449171874999 0.342034753125 0.648767965625 0.39339543906249996 0.639723146875 0.43708641718749996 0.6311543859375 0.47887773125 0.629726259375 0.5159200578124999 0.6359148234374999 0.5463137765625 0.653528359375 0.5558117953124999 0.6749502625 0.552962384375 0.6835190234375 0.52921731875
5 0.68066276875 0.5149702703125 0.68970763125 0.5387153359375 0.711605546875 0.5244682875 0.7254108015625 0.512120859375 0.7292190828125 0.49312477968749996 0.72779095625 0.47127933437499997 0.7201743078125 0.44658443593749997 0.720650321875 0.3914958609375 0.730133403125 0.3534247171875 0.721602434375 0.32595941562499997 0.7011326453125 0.3212104078125 0.69018364375 0.33640724375 0.6839951234375 0.37154999375000003 0.68018675625 0.41998995937499994 0.68018675625 0.46842992499999997 0.68066276875 0.5149702703125
2 0.5273771828125 0.5871553015625001 0.51642818125 0.5814564828125001 0.5059552796875 0.5900047109375001 0.499290659375 0.6023521828125 0.499290659375 0.6184988078125 0.505003165625 0.654591346875 0.515839121875 0.7179035734375 0.521664675 0.756220309375 0.5349938296875 0.7638187046875 0.5440386484374999 0.7505214890625 0.542610521875 0.7267763796875 0.538326140625 0.685934853125 0.533089690625 0.6403442984375001 0.53118550625 0.6203984296875 0.5273771828125 0.5871553015625001
2 0.5497511562499999 0.5776572828125001 0.5421344640625 0.5757576624999999 0.5273771828125 0.5767074953125 0.5240448718749999 0.5900047109375001 0.5297573796874999 0.6384446765625 0.5368980140625 0.6840352328125 0.5444116921875 0.74353099375 0.553083465625 0.7647685375 0.5611761703125 0.7780657546875 0.5749813828125 0.766668115625 0.5735532562500001 0.736274440625 0.569268875 0.6963827046875 0.561652228125 0.6355952671875 0.5559397203125 0.593803953125 0.5497511562499999 0.5776572828125001
0 0.5806938890625 0.557711415625 0.5664126203125 0.5643600234374999 0.5583199171875 0.5786070718749999 0.55498760625 0.6042517593750001 0.5587959734375 0.6526917250000001 0.5640324234375 0.7011316921875 0.57512720625 0.74353099375 0.5806938890625 0.756220309375 0.5930710171875 0.761919128125 0.6016397796875 0.73912385 0.5992595390625 0.7115795406250001 0.596403284375 0.6640893640625001 0.600211653125 0.613749821875 0.5944991453124999 0.5757576624999999 0.5806938890625 0.557711415625
10 0.48310525000000004 0.60615138125 0.473584375 0.5966533625 0.4635874875 0.6014023500000001 0.4602552203125 0.62134821875 0.45726535156250003 0.6894286625 0.45406665625000003 0.741023428125 0.45835103750000006 0.7638187046875 0.4692999953125 0.757170140625 0.47406043281250004 0.7334250296875 0.47739274375 0.7058807218750001 0.4812010671875 0.669788184375 0.485485446875 0.628946659375 0.48310525000000004 0.60615138125
10 0.456446853125 0.588105134375 0.44883020625 0.5843058921875001 0.4426416421875 0.5843058921875001 0.43883331875 0.6071011703125 0.436929134375 0.649842315625 0.427978465625 0.7307172828125 0.42550411875 0.7752163453125 0.441689571875 0.769517525 0.44930621875 0.741023428125 0.45406665625000003 0.6887842640625 0.4578749796875 0.6479427375 0.4664437421875 0.6080510015625 0.46453960156249996 0.5919043312500001 0.456446853125 0.588105134375
8 0.44454582499999995 0.5862055125000001 0.436453078125 0.5767074953125 0.42883642968749996 0.5748078734375001 0.41931555468750004 0.5786070718749999 0.417411415625 0.6004525609375 0.413127034375 0.648892528125 0.39940589531250004 0.749225975 0.398845765625 0.7761661765625 0.4064624140625 0.78946339375 0.4169353578125 0.788513646875 0.4216957953125 0.761919128125 0.432168696875 0.7058807218750001 0.43930933124999993 0.6431937078125001 0.4431176984375 0.6080510015625 0.44454582499999995 0.5862055125000001
14 0.41455516093749994 0.64224391875 0.41979161249999997 0.6109004125 0.417411415625 0.5833561031250001 0.403130146875 0.5719584640625001 0.3940853296875 0.5710086765625 0.3878967640625 0.6042517593750001 0.3794050953125 0.69939488125 0.369331115625 0.7438728375 0.36647486093750004 0.7742666 0.378375934375 0.77996541875 0.3878967640625 0.7704673578125 0.3974176390625 0.73912385 0.40360615937500005 0.716328571875 0.41217492031249997 0.685934853125 0.41455516093749994 0.64224391875
14 0.369331115625 0.5662596453125001 0.3583821578125 0.5805066937500001 0.354573834375 0.6327458578125 0.3474332 0.6925834625 0.3369602546875 0.7343748640625 0.352261153125 0.7478022296875 0.36790298906249996 0.7277262109375 0.374567609375 0.6878344750000001 0.37932800312500004 0.654591346875 0.388372821875 0.624197628125 0.39598951250000003 0.599502771875 0.39218114531250003 0.5757576624999999 0.3802801171875 0.5662596453125001 0.369331115625 0.5662596453125001
12 0.2450840796875 0.522568709375 0.2308028109375 0.5558117953124999 0.2122371609375 0.5738580843750001 0.1993840203125 0.609000790625 0.20509652812499998 0.6536415578125 0.225827528125 0.6680724796875 0.24460804375 0.649842315625 0.27317058125 0.6175490203125 0.2931643796875 0.5710086765625 0.28507163125 0.53016710625 0.27317058125 0.5159200578124999 0.2665059828125 0.49597418906249996 0.253652840625 0.49597418906249996 0.2450840796875 0.522568709375