5 0.7149054203125 0.5232971296875 0.7149054203125 0.5548751421875 0.723313503125 0.5637564546875 0.7455701125 0.5519147046875 0.7604078515625 0.532178440625 0.7599132 0.4946795546875 0.75447275625 0.470009259375 0.75101055625 0.42165546562499995 0.7564175578125 0.3864867125 0.7584294265625 0.3456708953125 0.7416133515625 0.3367895828125 0.7297431609375 0.36836759531249996 0.7257863999999999 0.40290600000000004 0.7193567421875 0.4463257609375 0.7149054203125 0.495666396875 0.7149054203125 0.5232971296875
5 0.6971001328125 0.5647432515624999 0.7114433124999999 0.5588223765625 0.7173784078125001 0.549941065625 0.71886218125 0.503560865625 0.7183675296875001 0.464088384375 0.7267756125 0.4117873109375 0.7307323734375 0.3654071578125 0.7257863999999999 0.3308687078125 0.7139162078125 0.32593463125 0.7045190031249999 0.33481594375 0.7000143421875 0.3554230515625 0.68869205 0.40290600000000004 0.6807786203124999 0.4423785265625 0.6728651890624999 0.4719829 0.6659408796874999 0.4976399921875 0.6629733328125 0.5272443640625 0.6718759765625 0.552901503125 0.6827569546875 0.5617828140625 0.6971001328125 0.5647432515624999
13 0.29994327656249997 0.5450069875 0.30192165625 0.575598203125 0.314781015625 0.5904003890625 0.3320917421875 0.5874399515625 0.34495110156250003 0.5834926734375 0.35929423437499997 0.5706641265625 0.3612726140625 0.552901503125 0.3573159 0.5193498953125 0.351380803125 0.48382464843750006 0.343961934375 0.45323343281249995 0.341983553125 0.4206686234375 0.343783496875 0.38944515625 0.3340700765625 0.36145987812499997 0.315770228125 0.356525846875 0.30488920468749997 0.3782357046875 0.302910825 0.4068532796875 0.302910825 0.45125983906249995 0.3039000375 0.50257406875 0.29994327656249997 0.5450069875
13 0.28906229687499996 0.5785586406250001 0.3004378828125 0.5647432515624999 0.3043945984375 0.5519147046875 0.3043945984375 0.507508146875 0.3053838109375 0.4581675109375 0.3053838109375 0.3979719671875 0.3034054296875 0.356525846875 0.28955685937500003 0.3496181296875 0.272537328125 0.3598607171875 0.27224617812499996 0.396985125 0.2673002484375 0.4473125578125 0.26482730781249997 0.47395649375 0.25592466406250003 0.507508146875 0.25641924843749997 0.53415208125 0.262848928125 0.5538883 0.2776866671875 0.575598203125 0.28906229687499996 0.5785586406250001
13 0.252957115625 0.5223103328125 0.26235434375 0.5045477093749999 0.2682894390625 0.47889057187499995 0.270267796875 0.43744445 0.27471911875 0.3821829390625 0.27471911875 0.3367895828125 0.266805665625 0.316066521875 0.252957115625 0.31507972500000003 0.2510150484375 0.3317555015625 0.2460328296875 0.3654071578125 0.2376247703125 0.40290600000000004 0.23070050625 0.432510371875 0.22179786406250002 0.4581675109375 0.217841125 0.4848114453125 0.23020590156249998 0.5134290203125 0.2425706984375 0.524283928125 0.252957115625 0.5223103328125
9 0.395399415625 0.5124421781249999 0.3919372609375 0.5637564546875 0.39886157031249997 0.592373984375 0.4097425484375 0.6121102484375001 0.4245802875 0.6130970453125 0.4339775375 0.595334421875 0.43694508593750003 0.5686904859374999 0.43694508593750003 0.5390861124999999 0.4329883703125 0.49171911718750005 0.43051538437500003 0.4522466359375 0.43100999062499995 0.4147477484375 0.4246775859375 0.36725682656249997 0.4186451921875 0.3377763796875 0.40875338125000005 0.3397500203125 0.39688318906250003 0.3486313328125 0.3924318671875 0.3693543921875 0.3924318671875 0.4048796390625 0.3924318671875 0.45718071250000003 0.395399415625 0.5124421781249999
11 0.449309884375 0.6190179203125 0.4601908625 0.6130970453125 0.4631584109375 0.54303339375 0.4616746359375 0.48579824374999997 0.4616746359375 0.42757634062500005 0.4616746359375 0.3742884703125 0.45376120625 0.353565409375 0.4469420125 0.3598607171875 0.438923465625 0.4038928421875 0.43496670625 0.45323343281249995 0.43496670625 0.49171911718750005 0.43100999062499995 0.5292180046875 0.42754783593749995 0.5637564546875 0.42507489375 0.5943476234375 0.430020821875 0.6140838875 0.449309884375 0.6190179203125
11 0.46118007499999997 0.6249387937499999 0.47453404062500004 0.6259256375 0.48937178125 0.6259256375 0.500252759375 0.6160574828125001 0.500252759375 0.5973080609375 0.500252759375 0.5647432515624999 0.4972852109375 0.5361256765625 0.49481227031249997 0.4976399921875 0.4938231015625 0.4443521203125 0.4928338890625 0.4038928421875 0.4855336875 0.373173715625 0.4725556609375 0.3456708953125 0.46068546875000005 0.3693543921875 0.46068546875000005 0.4305367765625 0.4587070890625 0.5223103328125 0.4587070890625 0.5696773296875 0.4552449796875 0.6022421390625 0.46118007499999997 0.6249387937499999
3 0.5027257453125 0.623951996875 0.52250936875 0.628886075 0.5393254875 0.63085966875 0.543282203125 0.6042157328125 0.543282203125 0.5765850015625 0.5398200953125001 0.552901503125 0.5363579406250001 0.503560865625 0.535863334375 0.45520707343750005 0.5314120124999999 0.396985125 0.5263518046875 0.3805698234375 0.5160797109375 0.36343351875 0.50470408125 0.37132803281250004 0.5012419718750001 0.40290600000000004 0.5012419718750001 0.461127946875 0.4972852109375 0.5084949437499999 0.500747365625 0.5973080609375 0.5027257453125 0.623951996875
3 0.54031465625 0.61112345 0.5482281328124999 0.6190179203125 0.55910915625 0.6190179203125 0.572463121875 0.6091498109375 0.5759252312500001 0.592373984375 0.5739468953125 0.5558619390625 0.5704847421875 0.5134290203125 0.5670225875 0.47395649375 0.55811994375 0.4285631375 0.5471319375 0.393882821875 0.54130386875 0.37922250156250004 0.5338849984375 0.3979719671875 0.5343795609375 0.4522466359375 0.5378417140625 0.510468584375 0.5393254875 0.5548751421875 0.54031465625 0.581519078125 0.54031465625 0.61112345
1 0.5996656140625001 0.6140838875 0.6095574703125 0.5904003890625 0.61005203125 0.5440201906250001 0.61005203125 0.4936927578125 0.61005203125 0.42658949843749994 0.606589921875 0.3772489078125 0.5927413500000001 0.356525846875 0.5745913984375 0.3687360484375 0.5685063609375 0.42362906093749997 0.5640550390625 0.47099605625 0.562571265625 0.524283928125 0.563560478125 0.572637765625 0.5690009671875 0.595334421875 0.5749360625 0.6130970453125 0.5863116484375 0.6190179203125 0.5996656140625001 0.6140838875
12 0.270267796875 0.5578355796875 0.25839760625 0.5302048015625 0.2460328296875 0.52823120625 0.2356464125 0.53711251875 0.2252599953125 0.5489542671875001 0.1876710625 0.6012552953125 0.1753062640625 0.6249387937499999 0.1753062640625 0.65651680625 0.18867465156250002 0.677893428125 0.209433065625 0.6723057906250001 0.2331734484375 0.6683585562500001 0.25691383125 0.6594772437499999 0.2732353453125 0.652569571875 0.28362176250000004 0.6407278234375 0.2851055375 0.61112345 0.28312720156250004 0.5874399515625 0.270267796875 0.5578355796875
14 0.3840238296875 0.68809481875 0.3884751515625 0.6634244781249999 0.394904809375 0.649609134375 0.39935613124999997 0.6328333078124999 0.3983669640625 0.6130970453125 0.38204545 0.592373984375 0.3657239359375 0.5874399515625 0.35682129218749997 0.5933608265625 0.351380803125 0.6081630125 0.3489078171875 0.6328333078124999 0.34841325625 0.65651680625 0.34643487500000003 0.6959892875 0.34155705468750003 0.7651675203125 0.3360484578125 0.7996045921875 0.33753223125 0.83118265 0.3533591390625 0.8331562437500001 0.36028344687499997 0.8183540593749999 0.3642401625 0.7946705609375 0.3706698640625 0.7700002203125 0.37759412812500004 0.732501378125 0.3840238296875 0.68809481875
14 0.4255695015625 0.6703321953125 0.43249376406250006 0.6407278234375 0.42655866875 0.615070684375 0.4151830828125 0.6042157328125 0.3983669640625 0.5973080609375 0.3884751515625 0.6042157328125 0.3855076046875 0.63085966875 0.3840238296875 0.675266228125 0.38105628281250004 0.7167123484375 0.37759412812500004 0.7551980328125001 0.374953696875 0.800668846875 0.3751211859375 0.823288090625 0.3766049609375 0.8341430875 0.3874859390625 0.8410507140625001 0.395894021875 0.823288090625 0.402818284375 0.7778947796875 0.40726960625 0.735461815625 0.4151830828125 0.6950025359375 0.4255695015625 0.6703321953125
8 0.45326659999999996 0.63382010625 0.44386934843750003 0.6160574828125001 0.4255695015625 0.6140838875 0.4151830828125 0.6397409796875 0.413204703125 0.6950025359375 0.40875338125000005 0.7690134671875 0.407608190625 0.79623118125 0.40776421406249996 0.84203755625 0.420128965625 0.8755892093750001 0.43051538437500003 0.854866146875 0.437934253125 0.8262485281249999 0.4433747875 0.7976309968749999 0.4502990515625 0.7473035640625 0.45623414687499997 0.6673717578125 0.45326659999999996 0.63382010625
10 0.475028603125 0.700923409375 0.48096369843750003 0.6594772437499999 0.4755232078125 0.63085966875 0.45821252812499996 0.618031121875 0.44782610937499995 0.6249387937499999 0.44386934843750003 0.6545431671874999 0.44733150312500003 0.6989497250000001 0.44782610937499995 0.7630925921875 0.44842630781250004 0.79623118125 0.45326659999999996 0.8134200265624999 0.45573954062500005 0.83118265 0.46266385000000004 0.8400639625 0.47156649375 0.8321694015625001 0.4770069828125 0.806512309375 0.47453404062500004 0.7749343421875 0.475028603125 0.7305277828125 0.475028603125 0.700923409375
10 0.5017365328125 0.6723057906250001 0.5017365328125 0.6417146203125 0.4933284953125 0.62789923125 0.48096369843750003 0.63382010625 0.4725556609375 0.64270141875 0.47107188593749993 0.669345353125 0.473544828125 0.7048706 0.4744014734375 0.7607298546875 0.47453404062500004 0.7996045921875 0.47799614999999995 0.8173672156249999 0.49085555468750003 0.823288090625 0.4987689859375 0.8163804640625001 0.49926359218750005 0.7907232796875 0.49827442343749995 0.7630925921875 0.500252759375 0.715725596875 0.5017365328125 0.6723057906250001
2 0.5254769171875 0.661450884375 0.5210255953125 0.6476354953125 0.5111337828125 0.643688259375 0.500252759375 0.6515827296875 0.4933284953125 0.6594772437499999 0.49629604374999997 0.6930288499999999 0.5026030828125 0.7592506328125 0.5027257453125 0.7877628421875 0.5051986875 0.803551871875 0.5145959375 0.8104595890624999 0.52250936875 0.7966441546875 0.5249823546875 0.7660530296875 0.527949903125 0.7334882203124999 0.527949903125 0.6920420984375 0.5254769171875 0.661450884375
2 0.5487227390625 0.63382010625 0.5393254875 0.6269124328125 0.526960690625 0.62789923125 0.5175634859375 0.6387541828125001 0.5150904984375 0.660464040625 0.5195418203125 0.68217394375 0.52250936875 0.712765159375 0.52250936875 0.749277159375 0.524867509375 0.7784805171875 0.5264661296875001 0.8015782781249999 0.5309174515625 0.8134200265624999 0.5447659781249999 0.8223013375000001 0.5507010734375 0.7828288109375 0.5507010734375 0.7443431265625 0.5507010734375 0.6989497250000001 0.553668621875 0.6476354953125 0.5487227390625 0.63382010625
0 0.58532248125 0.7117783171875 0.5828495390625 0.6772398671875 0.580871159375 0.652569571875 0.5754306687499999 0.6348069484375001 0.5680118000000001 0.6259256375 0.55910915625 0.6229651984375 0.5526794546875 0.620991559375 0.545755190625 0.63085966875 0.5442714171875 0.65355636875 0.5417984296875 0.6811871015625 0.547733525 0.7019101625 0.554163228125 0.77592109375 0.554657834375 0.814406778125 0.5576253828125 0.85091886875 0.566528025 0.8667078968749999 0.580871159375 0.8598001796875 0.584827875 0.8341430875 0.58532248125 0.7976309968749999 0.58532248125 0.7611189078125 0.58532248125 0.7117783171875
6 0.618954675 0.66243768125 0.616481734375 0.6249387937499999 0.6046115421875 0.6042157328125 0.5902684093749999 0.61112345 0.580376553125 0.6200047609375 0.5749360625 0.6348069484375001 0.5749360625 0.66243768125 0.5749360625 0.6841475390625 0.5828495390625 0.69401569375 0.5882900281250001 0.743356284375 0.592402940625 0.7932727374999999 0.597192671875 0.8321694015625001 0.6031277687500001 0.8578265843749999 0.614503353125 0.8528924625000001 0.6184601140625 0.8272353703125 0.6214276625 0.783815653125 0.618954675 0.7473035640625 0.618954675 0.7088178796875 0.618954675 0.66243768125
4 0.70006768125 0.65651680625 0.698089346875 0.628886075 0.6941325859374999 0.5904003890625 0.68325160625 0.5716509234375 0.67335975 0.5716509234375 0.659016571875 0.5795454375 0.6461572125 0.5913871859375 0.6313194734375001 0.5963212640625 0.6278573187500001 0.6140838875 0.6278573187500001 0.63678054375 0.634287021875 0.657503603125 0.641211284375 0.67921350625 0.6456626062499999 0.69697613125 0.6486301546875 0.7196727859375 0.6560490234375 0.7611189078125 0.6629069624999999 0.7770012953125 0.6718759765625 0.803551871875 0.68127318125 0.8163804640625001 0.6961109203125 0.823288090625 0.719851303125 0.7956574015625 0.7228188515625 0.7502640015625001 0.7149054203125 0.718686034375 0.705508215625 0.67921350625 0.70006768125 0.65651680625