13 0.2905207296875 0.44138471093750004 0.2865738453125 0.3731359515625 0.27933791406249997 0.31276210625 0.259603496875 0.29438743125 0.2438159640625 0.3101371359375 0.23566269062499998 0.32961437031249996 0.2352643625 0.3744484671875 0.2286862046875 0.4282599171875 0.2267127625 0.471571603125 0.2339487546875 0.5056959828125 0.2490784546875 0.5175082609375 0.2701284796875 0.52669556875 0.28723167968749996 0.5109458640625 0.2905207296875 0.44138471093750004
13 0.2813113546875 0.50175855625 0.28460040468750003 0.52669556875 0.2944676125 0.5516326390625 0.3181489125 0.5516326390625 0.3431458203125 0.5345704203125 0.3431458203125 0.50175855625 0.3405146046875 0.457134415625 0.33262083750000004 0.3915106265625 0.3195634234375 0.319777434375 0.3076238703125 0.2983248578125 0.2898628953125 0.2996373734375 0.2786800796875 0.3035747984375 0.2806535203125 0.339011634375 0.2865738453125 0.39544805312500003 0.28723167968749996 0.4650092671875 0.2813113546875 0.50175855625
11 0.5056258687499999 0.5319455093750001 0.5056258687499999 0.48732130781249994 0.5056258687499999 0.41513518281249995 0.5010211515624999 0.3652611 0.479971128125 0.3403240890625 0.46564940625 0.36109256875 0.45957887656249996 0.4282599171875 0.4543163859375 0.48732130781249994 0.4483960609375 0.5516326390625 0.45168511093749997 0.5870694750000001 0.4668148703125 0.6015066625000001 0.4918117765625 0.6015066625000001 0.5069414765625 0.589694384375 0.5056258687499999 0.5319455093750001
3 0.5536463031250001 0.585756959375 0.55627751875 0.5083209531249999 0.5602244015625 0.4466345921875 0.5602244015625 0.38494823125 0.55035719375 0.3468864859375 0.5319384453125 0.3508239125 0.5288217234375 0.3866686046875 0.5194399609375 0.43482231406249994 0.5095727515624999 0.48732130781249994 0.50299459375 0.5293205390625 0.4990477109375 0.575257196875 0.5016789859374999 0.5988817515625 0.522729009375 0.6067566046875 0.5424634265625 0.6067566046875 0.5536463031250001 0.585756959375
3 0.5536463031250001 0.6001942078125 0.5687760015625 0.6041316343750001 0.5839057015625 0.5988817515625 0.5865369765625 0.57394468125 0.5858791421875 0.5030710125 0.5871948109375 0.4400721953125 0.5870587031250001 0.3886359921875 0.576011934375 0.371823496875 0.5635135109375 0.390198171875 0.5575931859375001 0.4295724328125 0.55627751875 0.484696396875 0.5510150265625 0.5398203609375 0.5496994187500001 0.5844445046875 0.5536463031250001 0.6001942078125
1 0.578643209375 0.5437577874999999 0.5845635359375 0.575257196875 0.5931151359375 0.5870694750000001 0.6069292265625 0.5975692375 0.6266636437499999 0.57394468125 0.6266636437499999 0.5424452718749999 0.62074331875 0.48732130781249994 0.62074331875 0.43482231406249994 0.62752846875 0.37879905625 0.6279792515625 0.3455739703125 0.62074331875 0.33113678125 0.60298234375 0.3442615140625 0.5924573015625 0.37969835 0.58851041875 0.419072609375 0.5865369765625 0.47550902968750003 0.578643209375 0.5437577874999999
7 0.6898137765625 0.348198940625 0.6779731265625 0.3626361890625 0.6729335703125 0.3807664421875 0.670737134375 0.46763417812499997 0.670737134375 0.5240706578125 0.6865246671875 0.5608199468749999 0.7128372421875 0.555570065625 0.730598278125 0.5083209531249999 0.7180997328125 0.419072609375 0.7102059671875 0.3586987640625 0.6898137765625 0.348198940625
4 0.7325717187499999 0.5437577874999999 0.7134950765625 0.5293205390625 0.7023121999999999 0.5424452718749999 0.6871825015625 0.5595074921875 0.679288734375 0.5883819296875 0.672710575 0.6146314562499999 0.69047155 0.663193025 0.72228694375 0.695548421875 0.747043584375 0.7261919015625 0.766778 0.7170045328125 0.784538975 0.6841926093749999 0.7904593 0.6474433203125 0.779276425 0.6106940296875 0.7595420078124999 0.6001942078125 0.743754475 0.5765696515625 0.7325717187499999 0.5437577874999999
6 0.670737134375 0.6356310421875 0.6694215265625 0.5910069 0.6575808765625 0.57394468125 0.6424511765625 0.57394468125 0.6332417421875001 0.5883819296875 0.6253479750000001 0.5975692375 0.6312683 0.6566306281250001 0.6512180875 0.7427657187500001 0.6569230421875 0.7760659234375 0.6773152921875 0.79706556875 0.6799465687499999 0.79312814375 0.68586689375 0.7773784390625 0.684551225 0.7471914265625 0.679288734375 0.7130671078125 0.672710575 0.6815677 0.670737134375 0.6356310421875
6 0.63258396875 0.64481835 0.6292948593750001 0.6172563671875 0.6174542093750001 0.5988817515625 0.6010089015625 0.59231935625 0.5931151359375 0.6172563671875 0.59443074375 0.6566306281250001 0.605812984375 0.7191570703125 0.611533884375 0.7616287359375 0.6161386015625 0.79312814375 0.6292948593750001 0.804940421875 0.6417933421875001 0.79706556875 0.6424511765625 0.7629411312500001 0.6371886265625 0.7288168109375001 0.6332417421875001 0.686817640625 0.63258396875 0.64481835
0 0.589168253125 0.6054440890625 0.5720650515625 0.6001942078125 0.5536463031250001 0.6093815140625 0.5510150265625 0.646130865625 0.56482911875 0.6920674625000001 0.5791621625000001 0.75063526875 0.5898260265624999 0.7983779656250001 0.6036401171875 0.81412766875 0.61482299375 0.7996904796875001 0.6102182765624999 0.75244136875 0.60298234375 0.7183170484375 0.599693234375 0.682880215625 0.5983776265625 0.626443734375 0.589168253125 0.6054440890625
8 0.4457647859375 0.6093815140625 0.42931947968750006 0.59231935625 0.4135319453125 0.5962567812499999 0.40234906875 0.6041316343750001 0.40037562812500005 0.6750053031250001 0.3995158875 0.7703091421875 0.4016912953125 0.7983779656250001 0.40826939375000004 0.8128152734375 0.42471476093750005 0.8075653328125 0.4273460375 0.7839407765625 0.429977253125 0.7275042953125 0.4339241359375 0.6815677 0.4418179015625 0.6500682906249999 0.4457647859375 0.6093815140625
10 0.45365855312500003 0.6015066625000001 0.43787101875 0.6120064859375 0.4339241359375 0.6356310421875 0.44788219218750003 0.7250592328125001 0.4543163859375 0.7734410140625 0.46352576093750003 0.79312814375 0.48194456875 0.7734410140625 0.47931329375000004 0.722254475 0.47536641093750004 0.6815677 0.47207736093749997 0.626443734375 0.46878831249999997 0.6093815140625 0.45365855312500003 0.6015066625000001
10 0.4668148703125 0.6067566046875 0.464841428125 0.6238187640625 0.47255887812499997 0.6994831968749999 0.4812867359375 0.7498164578125001 0.4964164953125 0.7695035875 0.5089149187500001 0.7498164578125001 0.5043102609375001 0.697317403125 0.5010211515624999 0.66188056875 0.5010211515624999 0.6277561890625 0.485891453125 0.6120064859375 0.4668148703125 0.6067566046875
2 0.5273337265625 0.6198813375000001 0.512204028125 0.6133189406249999 0.49444305312500003 0.6093815140625 0.4990477109375 0.6500682906249999 0.5041450375000001 0.707352746875 0.510888359375 0.751128853125 0.5154930765625 0.7865656859375 0.53259621875 0.7865656859375 0.5365431015625 0.7590037046875 0.5332540515625 0.7051922562499999 0.5312806109375 0.6750053031250001 0.5312806109375 0.6435058953125 0.5273337265625 0.6198813375000001
2 0.55561974375 0.62513121875 0.5411478187500001 0.6093815140625 0.5253602859375001 0.6120064859375 0.522729009375 0.62513121875 0.5293071687500001 0.660568053125 0.5337570609375 0.7152222953125 0.5398322109375 0.7760659234375 0.5575931859375001 0.7905031124999999 0.564171284375 0.7734410140625 0.5635135109375 0.7288168109375001 0.5602244015625 0.7012548296875 0.5602244015625 0.6750053031250001 0.564171284375 0.6474433203125 0.55561974375 0.62513121875
14 0.33262083750000004 0.585756959375 0.3280161203125 0.6238187640625 0.3280161203125 0.6763177578125 0.3201223546875 0.7248793859375 0.3135441953125 0.7708159828125 0.3274599640625 0.7880156281249999 0.3405146046875 0.7747534093749999 0.3490661453125 0.744566515625 0.355644303125 0.7012548296875 0.36288023593749996 0.6579431421875 0.37537872031249997 0.6185688828125 0.36814278749999996 0.589694384375 0.349723978125 0.5805070765625 0.33262083750000004 0.585756959375