13 0.2703274578125 0.49436061875000004 0.26369696249999997 0.43482913749999996 0.257066465625 0.40947311875 0.2432993046875 0.413775575 0.23054447968749997 0.44254616406249997 0.220046175 0.4833362359375 0.2139682375 0.5252287765625 0.2222563578125 0.56712131875 0.2366224171875 0.5693261546875 0.25596137343750003 0.57814565 0.2681172765625 0.560506709375 0.2703274578125 0.49436061875000004
13 0.2614867796875 0.571531040625 0.2703274578125 0.5979894781249999 0.285246075 0.5946821734375 0.3029273828125 0.5946821734375 0.316740934375 0.57814565 0.31563586875 0.548379909375 0.30790025625 0.5252287765625 0.301269759375 0.47672162812499996 0.29242913125 0.43703397343750006 0.28027320312500004 0.41608772812500006 0.2730901484375 0.41057553750000003 0.2625918953125 0.4127804234375 0.263144403125 0.42931694687500005 0.267012209375 0.4745167921875 0.2664596515625 0.5175117515625 0.26203933749999997 0.538457996875 0.2614867796875 0.571531040625
15 0.366469659375 0.5219214734375 0.3609442296875 0.4656972953125 0.3603917203125 0.43593155625 0.349340859375 0.42159991874999997 0.3378170734375 0.443521271875 0.33110699375 0.4899508453125 0.3272392375 0.5549945187499999 0.323923990625 0.5924772859375 0.34050023125 0.6233454968750001 0.36260185312500004 0.614526 0.3708899734375 0.5880675640625 0.37144253125 0.5571994046875 0.366469659375 0.5219214734375
15 0.410120446875 0.5759407640624999 0.4012797671875 0.5340482734374999 0.39962214218750003 0.4954630375 0.39630689375 0.4315218328125 0.3880187734375 0.3962439 0.3747577796875 0.4006536234375 0.37199509062499997 0.41608772812500006 0.36536459374999997 0.486643540625 0.3609442296875 0.5450726046875001 0.3609442296875 0.584760259375 0.3620493453125 0.620038190625 0.375862846875 0.6288576359375 0.3918865796875 0.6244479140625 0.402937390625 0.6068089734375001 0.410120446875 0.5759407640624999
9 0.3929916453125 0.6156284171874999 0.399069584375 0.6398820187500001 0.4112255125 0.6431893234375 0.42227632187499997 0.631062521875 0.42780175312499996 0.5869651453125 0.42780175312499996 0.5450726046875001 0.4272491953125 0.4833362359375 0.42653111875 0.42369080625000005 0.4178560078125 0.392936596875 0.401832325 0.402858509375 0.3985170765625 0.43482913749999996 0.39741195937499996 0.4899508453125 0.3924390875 0.5395604140625 0.387466215625 0.5924772859375 0.3929916453125 0.6156284171874999
11 0.45929661250000003 0.537355578125 0.45929661250000003 0.462389990625 0.454323740625 0.4315218328125 0.444930553125 0.41829261406249996 0.43316394375 0.42369080625000005 0.42945937812499996 0.5230238921875 0.42393394687499997 0.5924772859375 0.42393394687499997 0.6266528015625 0.437194940625 0.63877955 0.45211355781250007 0.6420868546875 0.458191546875 0.618935721875 0.45929661250000003 0.571531040625 0.45929661250000003 0.537355578125
11 0.4686897984375 0.6531112359375 0.48471353281249996 0.6531112359375 0.498527034375 0.646496628125 0.498527034375 0.609013809375 0.4952117859375 0.56712131875 0.4935541609375 0.5075898375000001 0.478764621875 0.44021619375 0.46040167812500005 0.42931694687500005 0.4570864296875 0.46679971406250004 0.4570864296875 0.5241263593750001 0.45377118125000004 0.5935797546875 0.45156105 0.6266528015625 0.4548762984375 0.65200876875 0.4686897984375 0.6531112359375
3 0.5394151296875 0.596887059375 0.542730378125 0.5571994046875 0.544388003125 0.48113140000000004 0.5421778203125001 0.438136440625 0.5316795171875001 0.428214528125 0.5160742671875 0.4583941203125 0.5090253375 0.50538495 0.500737215625 0.5560969359375 0.49631690156249997 0.5924772859375 0.49631690156249997 0.6365747140625 0.507920271875 0.66413556875 0.534994765625 0.655316071875 0.5394151296875 0.63767713125 0.5394151296875 0.596887059375
3 0.5510184984375 0.645394159375 0.5675947406249999 0.6420868546875 0.5686998062499999 0.6023992 0.5686998062499999 0.5494823265625 0.5686998062499999 0.5031800640624999 0.5649913578125 0.4567415828125 0.549360875 0.44364858125 0.5421778203125001 0.4656972953125 0.5416252625 0.5097946734375001 0.5372049484375 0.5759407640624999 0.5372049484375 0.6244479140625 0.5416252625 0.645394159375 0.5510184984375 0.645394159375
1 0.6018522890625 0.5693261546875 0.5968794171875 0.5219214734375 0.5919065453125001 0.47010701875 0.5880387375 0.441443746875 0.5742252375 0.4326242515625 0.573282390625 0.443521271875 0.5686998062499999 0.5097946734375001 0.566489625 0.572633459375 0.566489625 0.621140609375 0.5736726796875 0.644291740625 0.58582860625 0.65200876875 0.597431975 0.63877955 0.6040624718750001 0.6046040875 0.6018522890625 0.5693261546875
7 0.631689525 0.6167308859375 0.6322420828124999 0.5880675640625 0.6283742765625 0.5505847953125 0.62782171875 0.5252287765625 0.62782171875 0.4679021828125 0.6267166515625 0.43923885937499996 0.6178759734375 0.42049744999999994 0.6047883125 0.44021619375 0.600194665625 0.488848428125 0.5896963625 0.5461750234375 0.5841709828125 0.5748383453125 0.5847234890624999 0.6057065046875 0.597431975 0.6244479140625 0.6095878515625001 0.6354722453125 0.6217437796875 0.6277552187500001 0.631689525 0.6167308859375
7 0.6239539625 0.6023992 0.631689525 0.6178333046875 0.644397959375 0.620038190625 0.6582115109375 0.6156284171874999 0.66428945 0.5979894781249999 0.66428945 0.5825553734375 0.66042169375 0.560506709375 0.6548962625 0.5263311953125 0.6495598874999999 0.46665681406250004 0.646055584375 0.43703397343750006 0.6311369671875 0.44254616406249997 0.6283742765625 0.4690046 0.6256115859375 0.5075898375000001 0.6217437796875 0.548379909375 0.6189810890625 0.5814529546875 0.6239539625 0.6023992
5 0.7300419078125 0.5583018234375 0.7300419078125 0.5241263593750001 0.72562154375 0.4679021828125 0.72562154375 0.391834178125 0.7156757984375 0.3697854640625 0.7062826624999999 0.3874244046875 0.7059389078125 0.40055526406249997 0.6935741765625 0.45026319218750005 0.6869436796875 0.475619209375 0.679760625 0.511999559375 0.6725775703125 0.5439701859375 0.6814182484375 0.5770432328124999 0.701862296875 0.5836578421875 0.7206486703125 0.57814565 0.7300419078125 0.5583018234375
5 0.747723265625 0.5627115453125 0.7642995078125 0.5494823265625 0.7731401359375 0.5285360828125001 0.7731401359375 0.49325815000000006 0.7659571328125 0.4734143234375 0.75822151875 0.44254616406249997 0.7471706578124999 0.3995512046875 0.7366157265625 0.3757671828125 0.722858903125 0.3830146828125 0.724516528125 0.42049744999999994 0.724516528125 0.4789265140625 0.722858903125 0.514204446875 0.7250690359374999 0.5516872140625 0.7339096640625 0.5682237359375 0.747723265625 0.5627115453125
10 0.4703474234375 0.6872867 0.472005046875 0.669647759375 0.4609542359375 0.655316071875 0.44437799531250005 0.655316071875 0.43498480781250004 0.66193068125 0.43332718437500006 0.6718525953125 0.43995768125 0.7071305265625 0.44560049218750003 0.7343680953125 0.44769324375 0.7820961125 0.449903425 0.8206813000000001 0.4587440546875 0.8427300640625001 0.475872853125 0.8427300640625001 0.4791881015625 0.814066690625 0.4742152296875 0.7688668953125 0.469794915625 0.729179240625 0.4703474234375 0.6872867
10 0.496869409375 0.6751598999999999 0.48637115625 0.6663404546875 0.47089998125 0.6597258453125 0.46426948437500004 0.6663404546875 0.46537455000000005 0.7071305265625 0.4713026921875 0.7641137921875 0.4747677875 0.8041447765624999 0.481398284375 0.8306032125 0.4918965375 0.8339105171875 0.496869409375 0.8217837671874999 0.498527034375 0.7865058359375 0.49576434375 0.74902306875 0.49576434375 0.7104378328125 0.496869409375 0.6751598999999999
2 0.50349990625 0.655316071875 0.4907914703125 0.6597258453125 0.4907914703125 0.7016183359375 0.4986630984375 0.7409782500000001 0.5057100890624999 0.8129643234374999 0.515103275 0.838320290625 0.5250490203125 0.8283983765625 0.5244965125000001 0.7787888093750001 0.5200761484374999 0.7247694671875 0.5233913968749999 0.6894915875 0.5189710828125 0.66413556875 0.50349990625 0.655316071875
2 0.53609988125 0.657520959375 0.5217337718749999 0.6597258453125 0.5128931437500001 0.668545290625 0.517866015625 0.715950021875 0.52228633125 0.7313840765624999 0.528510815625 0.8219526500000001 0.533337140625 0.83280815 0.5471506921875 0.83280815 0.554333746875 0.8074520812499999 0.5510184984375 0.7567400953125001 0.5510184984375 0.728076771875 0.55157100625 0.6872867 0.549360875 0.66193068125 0.53609988125 0.657520959375
0 0.5825133578125 0.6839793953125 0.5825133578125 0.6586233765625 0.569804871875 0.6531112359375 0.5576489953125 0.656418540625 0.548255759375 0.66413556875 0.5471506921875 0.68838911875 0.5510184984375 0.74681818125 0.556700325 0.7971645671875 0.5587540609375 0.8295008453125 0.56262186875 0.8482422046875 0.5786455515625 0.8482422046875 0.5841709828125 0.8306032125 0.5852760484374999 0.7953253328125001 0.5841709828125 0.7567400953125001 0.5814082421875 0.7269743546874999 0.5825133578125 0.6839793953125
6 0.611798034375 0.6674428734375 0.6007472234375 0.657520959375 0.5852760484374999 0.66413556875 0.57643536875 0.6784672046875 0.57809299375 0.7148475546874999 0.5825133578125 0.728076771875 0.5896963625 0.789813140625 0.594839075 0.8236051874999999 0.6018522890625 0.8669835625 0.615665840625 0.8713933359375 0.625059028125 0.850447040625 0.62008615625 0.8074520812499999 0.61842853125 0.7677644265625 0.615665840625 0.7357938500000001 0.615665840625 0.7005159187500001 0.611798034375 0.6674428734375
6 0.6372149546875 0.644291740625 0.619533596875 0.64980393125 0.6090353453125 0.669647759375 0.61069296875 0.7071305265625 0.6222963375 0.7357938500000001 0.6412688546875 0.7889018734375 0.6510284562499999 0.8074520812499999 0.665394565625 0.8339105171875 0.6736826859375 0.8217837671874999 0.6687098140625001 0.78540341875 0.6571064453125001 0.7479205999999999 0.6499233906249999 0.704925640625 0.6493708328125 0.6597258453125 0.6372149546875 0.644291740625
4 0.6886013046875 0.6057065046875 0.6720250625 0.60350166875 0.6620793171875 0.6123211140625 0.6554488203125 0.6233454968750001 0.636662396875 0.6255503328125 0.6350047734375 0.65200876875 0.6466081421875 0.68838911875 0.656001328125 0.7137451359375 0.66815725625 0.7776863406250001 0.679407603125 0.8021221828125 0.6963369171875 0.8261935406250001 0.7134656671874999 0.7931204453125 0.7206486703125 0.7765839234375 0.715123290625 0.730281659375 0.7040724296875001 0.6972086125 0.69854705 0.6861842828125 0.6935741765625 0.6299601046875 0.6886013046875 0.6057065046875
4 0.7206486703125 0.585862678125 0.7046250374999999 0.6001943640625 0.6886013046875 0.6288576359375 0.6974419328125 0.6784672046875 0.7046250374999999 0.7027208046875 0.72169186875 0.754198559375 0.7372249125 0.7831985312499999 0.75822151875 0.7776863406250001 0.762089275 0.74902306875 0.7554587781250001 0.7071305265625 0.7482757734375001 0.6729550640624999 0.7471706578124999 0.6266528015625 0.739987653125 0.5946821734375 0.7206486703125 0.585862678125
4 0.7433029015625 0.5759407640624999 0.7316995328125 0.5880675640625 0.739987653125 0.6354722453125 0.7482757734375001 0.6861842828125 0.77309626875 0.71784270625 0.7836383890625 0.72366705 0.7941367421875001 0.6939013078125 0.789716378125 0.655316071875 0.7864011296875 0.6277552187500001 0.785848621875 0.585862678125 0.776455384375 0.5594042406249999 0.7560113875 0.5560969359375 0.7433029015625 0.5759407640624999
8 0.435537315625 0.656418540625 0.42117125624999996 0.6531112359375 0.40570008125 0.6597258453125 0.40404245625 0.6817745093750001 0.4112255125 0.764457121875 0.412330578125 0.8173739953125001 0.42006619062499995 0.8438324312500001 0.4322220671875 0.8548568140624999 0.44714068593749995 0.8427300640625001 0.44658817656250005 0.7909155578125 0.44272037031249994 0.7357938500000001 0.4421678125 0.6861842828125 0.435537315625 0.656418540625
14 0.401832325 0.6586233765625 0.3869137078125 0.64980393125 0.37696796250000003 0.656418540625 0.37144253125 0.68838911875 0.3726394078125 0.7889018734375 0.375862846875 0.851549509375 0.391334021875 0.875803109375 0.402937390625 0.8482422046875 0.40791026406249997 0.8063496625000001 0.4095678875 0.7556376765625 0.4145407609375 0.71154025 0.41730345 0.6773647859375 0.401832325 0.6586233765625
14 0.3697849078125 0.6487014640625001 0.3526561078125 0.6354722453125 0.3399476734375 0.65090635 0.336632425 0.6817745093750001 0.3410527390625 0.7446132953125 0.34113348593750004 0.774029025 0.3399476734375 0.8272959078125 0.35320866562500003 0.8438324312500001 0.3642594765625 0.8306032125 0.37199509062499997 0.78540341875 0.374205221875 0.73469138125 0.38083571875 0.6916964234375 0.384703525 0.6608282640625001 0.3697849078125 0.6487014640625001
12 0.318398559375 0.632164940625 0.297402003125 0.6277552187500001 0.28469351718749997 0.65090635 0.2730901484375 0.6939013078125 0.24988341093750002 0.730281659375 0.23220210312499998 0.754535209375 0.239937665625 0.7820961125 0.2681724015625 0.7971645671875 0.28469351718749997 0.7820961125 0.30016469375 0.7699693140625 0.30845281406249997 0.753432790625 0.33276461875 0.730281659375 0.3443679875 0.7104378328125 0.34215785468750004 0.6773647859375 0.331659553125 0.6608282640625001 0.318398559375 0.632164940625
12 0.29077150625 0.631062521875 0.2791681375 0.6244479140625 0.26424952031250004 0.609013809375 0.25043596875 0.595784590625 0.23330716875 0.60350166875 0.22557160625 0.6398820187500001 0.220598734375 0.682876978125 0.21262248437500003 0.714537628125 0.20568011562500002 0.740203571875 0.2172834859375 0.7567400953125001 0.2432529140625 0.7512279046875 0.267012209375 0.7148475546874999 0.28579863437499997 0.68838911875 0.291876571875 0.657520959375 0.29077150625 0.631062521875