13 0.287489796875 0.56814618125 0.288746440625 0.5355512234375001 0.291259784375 0.509224540625 0.296286415625 0.47412231718750003 0.296286415625 0.41896163125 0.2824631078125 0.3800984515625 0.2636864484375 0.395577434375 0.2516749109375 0.43024449374999996 0.2497899171875 0.4615857640625 0.246019928125 0.4879124453125 0.2372232515625 0.529282946875 0.238479953125 0.5631315375 0.262984875 0.5882045875 0.2780648265625 0.5894582203125001 0.287489796875 0.56814618125
13 0.332729653125 0.6245605000000001 0.341526271875 0.5957264953125 0.340897921875 0.5380585453125 0.346552903125 0.47412231718750003 0.346552903125 0.42648354062499993 0.3358712890625 0.40391781250000003 0.3233046828125 0.401410490625 0.314599165625 0.40873191093749994 0.30571138593749997 0.451556590625 0.2987997609375 0.499195309375 0.291888078125 0.5242683593749999 0.283719809375 0.550595040625 0.2818348140625 0.5894582203125001 0.295029771875 0.6132776375 0.3126230109375 0.6245605000000001 0.332729653125 0.6245605000000001
15 0.352207884375 0.638350628125 0.36603119375 0.6308287203125 0.3748278125 0.5957264953125 0.3773411578125 0.550595040625 0.3773411578125 0.5142391281250001 0.385509484375 0.4615857640625 0.388651121875 0.415200675 0.3673975375 0.412490334375 0.3528362359375 0.43651277187500004 0.346552903125 0.45782480937500003 0.342782915625 0.499195309375 0.339641278125 0.540565809375 0.3339862953125 0.5882045875 0.3289596640625 0.6120239468750001 0.33901292656250004 0.6283214546875 0.352207884375 0.638350628125
15 0.3754561640625 0.6483798609375 0.38990776562499996 0.6458725375000001 0.40121772812499995 0.638350628125 0.4106426984375 0.622053178125 0.41315604375000003 0.6007410828124999 0.41315604375000003 0.5744144015625 0.41001440625 0.540565809375 0.41001440625 0.5104781734375 0.40938605624999996 0.46033213125000005 0.40228217656250004 0.4331616546875 0.38990776562499996 0.4314981265625 0.3811111453125 0.46283945312499997 0.37231452656249997 0.534297590625 0.36665954375 0.5693998140625001 0.36603119375 0.6070093609375 0.36603119375 0.6358433640625 0.3754561640625 0.6483798609375
11 0.49609577812500005 0.5794290453125 0.491697440625 0.550595040625 0.491697440625 0.5017026312499999 0.491697440625 0.46283945312499997 0.487927453125 0.42899086249999996 0.4759891953125 0.4252299078125 0.46530752499999994 0.43024449374999996 0.4577675484375 0.4728686265625 0.45336926718750004 0.5180000828125 0.45336926718750004 0.554355996875 0.4521125671875 0.5957264953125 0.45651090468750005 0.6157849015625 0.4766174890625 0.6258141328125 0.489812446875 0.6107703140625 0.49609577812500005 0.5794290453125
3 0.560185575 0.6320824093749999 0.55892893125 0.56814618125 0.5608139249999999 0.5079709078125 0.5608139249999999 0.46785404062499997 0.5557872359375 0.451556590625 0.5437063906249999 0.4538329765625 0.5319106640625 0.5129854953125 0.5300256703125 0.550595040625 0.5249990390625 0.5894582203125001 0.5212290515625 0.622053178125 0.51997235 0.6458725375000001 0.5394506406249999 0.6646773109375 0.55327395 0.66091635625 0.560185575 0.6320824093749999
1 0.588460484375 0.622053178125 0.584690496875 0.56814618125 0.584690496875 0.499195309375 0.584690496875 0.45907849843750004 0.5691627484375 0.461349821875 0.5545305921875 0.5418195 0.5507606046875 0.5856972640625 0.5457339734375 0.627067765625 0.5513889546875 0.6696919546875 0.5670972 0.6822284515625 0.5784071640625 0.6747065421875 0.585947140625 0.6659310015625 0.588460484375 0.622053178125
7 0.5752655265625 0.663423678125 0.588460484375 0.6696919546875 0.5978854546875 0.678467496875 0.61359375625 0.6772138640625001 0.6242753703125 0.64963349375 0.6242753703125 0.6182922234375 0.621762025 0.5844436328125 0.6192487390625 0.5305366359375 0.60970435625 0.476383509375 0.5972571046875 0.452810221875 0.5834338531250001 0.47412231718750003 0.5796638656249999 0.5104781734375 0.5746371765625 0.5618779046875 0.5683539015625 0.59823381875 0.5670972 0.6358433640625 0.5752655265625 0.663423678125
5 0.7034451171875 0.6584090921875 0.7116134453125 0.6283214546875 0.71035674375 0.5869509546875 0.7034451171875 0.54307313125 0.7028167671875 0.4904197671875 0.6946484984375 0.4465419453125 0.678940196875 0.4252299078125 0.6582052625 0.42773717187500004 0.6521316203125 0.4594706109375 0.6450103046875 0.5017026312499999 0.6387269718749999 0.5443267640625 0.6450103046875 0.5856972640625 0.639355321875 0.6308287203125 0.6424969593750001 0.6584090921875 0.6714002203125 0.6621700453125 0.687736815625 0.6659310015625 0.7034451171875 0.6584090921875
8 0.45021300468750003 0.634589675 0.45021300468750003 0.6070093609375 0.44267302812500003 0.5819363109375 0.430106421875 0.580682678125 0.41439811875 0.5932191734375001 0.40937148749999996 0.6245605000000001 0.4013393484375 0.7018888359375001 0.3924065421875 0.7499256921875 0.389893196875 0.795057146875 0.40434485625 0.8138619203124999 0.41628311250000005 0.7988181015625 0.425079790625 0.7637158203125 0.433248059375 0.71106245625 0.44330137968749994 0.673452909375 0.45021300468750003 0.634589675
10 0.4747179265625 0.6132776375 0.4634079625 0.6007410828124999 0.45146970625 0.596980128125 0.44204473593750004 0.6107703140625 0.4414163859375 0.64963349375 0.43513305312500006 0.6822284515625 0.42759307656249995 0.73237449375 0.4249100515625 0.7563859578125001 0.42319479531250004 0.7875352375 0.43450475937500005 0.80383263125 0.44644301718749996 0.7825205921875 0.45272634843750004 0.7373891375 0.459637975 0.703540546875 0.46717795000000006 0.6696919546875 0.4747179265625 0.6320824093749999 0.4747179265625 0.6132776375
10 0.489797878125 0.6107703140625 0.4722046390625 0.6157849015625 0.46780630156249997 0.637096996875 0.4659213078125 0.6671846343750001 0.460266325 0.6947649484375 0.44565226874999997 0.7620235890625 0.44644301718749996 0.7887888125 0.45398299218749993 0.8063400109375 0.46906294531250003 0.7900425015625 0.47283293281249994 0.7524329562500001 0.484142896875 0.701033225 0.49419621718749995 0.6684382656250001 0.4998511984375 0.622053178125 0.489797878125 0.6107703140625
2 0.5029928359375 0.5856972640625 0.491682871875 0.5907119093750001 0.4891695859375 0.6182922234375 0.484771246875 0.6684382656250001 0.4739371125 0.7657820125 0.4747179265625 0.7887888125 0.487912884375 0.7925497671875 0.50047955 0.7424037828125 0.50927616875 0.6972722703125 0.5180727890625 0.663423678125 0.5256127640625 0.6245605000000001 0.5193294890625 0.5944728625 0.5029928359375 0.5856972640625
2 0.5375510796875 0.6095166812499999 0.5249844718750001 0.6007410828124999 0.5149311515624999 0.6032484046875 0.5130461562499999 0.6333360421875 0.5099045203125 0.6747065421875 0.4965649859375 0.7357146359375 0.491682871875 0.7762523734375 0.5011078421875 0.7963107218750001 0.5143028000000001 0.7825205921875 0.523099478125 0.7474183125 0.534409440625 0.693511315625 0.5444627046875 0.6584090921875 0.5520026796875 0.6207995453125 0.5375510796875 0.6095166812499999
0 0.531896096875 0.6721992203125 0.526869465625 0.714823409375 0.5149311515624999 0.764969509375 0.51241780625 0.8000716765625 0.526869465625 0.81887645 0.5446492187499999 0.7977286 0.5570293687500001 0.768730465625 0.56331264375 0.72234531875 0.5714809703125 0.683482084375 0.5783925953125 0.647126228125 0.5651976375000001 0.6207995453125 0.5469760484374999 0.61453126875 0.5394360734375 0.6233068109375 0.531896096875 0.6721992203125