13 0.2582090140625 0.3541266140625 0.2605024625 0.316375240625 0.2519019984375 0.2854877546875 0.224953865625 0.2809118484375 0.210370034375 0.31453525 0.1997258515625 0.365566459375 0.18080482656250002 0.42734143125 0.177937996875 0.470812675 0.19743237656249998 0.49483627500000005 0.22438050937499998 0.503988140625 0.23642116093749999 0.479964540625 0.2461683640625 0.4147576234375 0.2582090140625 0.3541266140625
13 0.28859730781250004 0.531443684375 0.29031740156249997 0.49598029062500004 0.29031740156249997 0.44678907343749996 0.2971977734375 0.378150215625 0.2954776796875 0.32552710625 0.2805702234375 0.3129432984375 0.2570622765625 0.316375240625 0.2559685125 0.3454019390625 0.252475353125 0.386158115625 0.241008084375 0.44335713125 0.2295407890625 0.47882057656250004 0.23011414375 0.5108520265625 0.2421547953125 0.5302997203125 0.2559155390625 0.54402749375 0.2731164703125 0.550891378125 0.28859730781250004 0.531443684375
15 0.35396084375000003 0.511995990625 0.3459337609375 0.413613659375 0.3419201921875 0.366710421875 0.3264393546875 0.3678543859375 0.31619291718750003 0.410564946875 0.3115319 0.4833964828125 0.3040781453125 0.53716360625 0.3040781453125 0.5737709640624999 0.3155454671875 0.5977945640625 0.329879540625 0.6000825437499999 0.342493575 0.5874987359375 0.349373946875 0.5611872078125 0.35396084375000003 0.511995990625
15 0.37517534218750004 0.6092344093750001 0.38606928281249997 0.5829228296875 0.3889360859375 0.5428834765625 0.38721599375000004 0.508564046875 0.3820557140625 0.43077337499999996 0.380909003125 0.3541266140625 0.36944168125 0.3438307859375 0.353187909375 0.3694093625 0.3459337609375 0.43306130156249995 0.3442136671875 0.4811085046875 0.345360378125 0.5154279328125 0.34077348125 0.558899228125 0.3396267703125 0.586354771875 0.342493575 0.60809039375 0.3596945046875 0.613810315625 0.37517534218750004 0.6092344093750001
9 0.3728818671875 0.60465845 0.380335621875 0.6263941234375 0.40040335625 0.62410614375 0.4101505859375 0.6206742015625 0.4141641 0.6000825437499999 0.4141641 0.5566112484375 0.409003821875 0.49483627500000005 0.40671039843749995 0.4364932453125 0.3970656921875 0.379698259375 0.3883627046875 0.365566459375 0.3814823328125 0.3758622875 0.379188909375 0.42390948906250003 0.379188909375 0.4811085046875 0.3757487234375 0.5211478546875 0.37173515625000003 0.5749149796874999 0.3728818671875 0.60465845
11 0.44971272500000004 0.5840667921875 0.44971272500000004 0.53716360625 0.453726240625 0.425053453125 0.4434056828125 0.40331783125 0.4323399859375 0.4122797625 0.42047114375000005 0.46966871093749996 0.4141641 0.5211478546875 0.407283728125 0.6000825437499999 0.411870678125 0.6298260671875 0.422764565625 0.6389778796875001 0.438245403125 0.6424098234375 0.4485659609375 0.6263941234375 0.44971272500000004 0.5840667921875
11 0.4462725390625 0.617242259375 0.44684586875 0.6435538390625 0.45487300468749997 0.650417725 0.4680603671875 0.650417725 0.48354120468749995 0.64698578125 0.4915682875 0.6424098234375 0.4921416703125 0.618386221875 0.4915682875 0.585210809375 0.487554771875 0.5348756265625 0.4858346796875 0.47882057656250004 0.4805195109375 0.43285755468750003 0.47551412187500003 0.4044617953125 0.46691365625000003 0.398741871875 0.45773980937500003 0.40789373749999996 0.453726240625 0.4570849015625 0.4485659609375 0.5257237625 0.4462725390625 0.5737709640624999 0.4462725390625 0.617242259375
3 0.49099495937500004 0.636689953125 0.502462228125 0.650417725 0.5248234375 0.6481297453125 0.5408776578125 0.6389778796875001 0.5374374703125 0.5943626203125 0.531130428125 0.539451534375 0.5248234375 0.47538863437499995 0.5140731078125 0.43285755468750003 0.507049125 0.41132568125 0.49271505156249995 0.40674977500000004 0.48411458749999997 0.426197415625 0.486981390625 0.46966871093749996 0.486981390625 0.554323321875 0.486981390625 0.5886427515625 0.49099495937500004 0.636689953125
3 0.5374374703125 0.6252501078125 0.547184646875 0.6401218953125001 0.5592252984375 0.6424098234375 0.577572940625 0.633258009375 0.5792930328125 0.6115223359375 0.573559425 0.5383075703125 0.5678257640625 0.49140433281250007 0.5562301921875 0.42942792343749997 0.5500514515625 0.40560575937500004 0.5368640890624999 0.40331783125 0.531703809375 0.4410692046875 0.531703809375 0.49254834843750006 0.533997284375 0.5451714562500001 0.533997284375 0.585210809375 0.5374374703125 0.6252501078125
1 0.6159883703125 0.5989385796875 0.613121565625 0.5623311703125 0.608534615625 0.503988140625 0.608534615625 0.42390948906250003 0.5993608203125 0.374718271875 0.581586509375 0.374718271875 0.576878559375 0.40542049843749994 0.57527951875 0.479964540625 0.5741327546874999 0.5383075703125 0.573559425 0.5783469234374999 0.5729860437500001 0.6103783734375 0.58617340625 0.633258009375 0.6010809140625 0.6389778796875001 0.6096813796875 0.6298260671875 0.6159883703125 0.5989385796875
7 0.5999341499999999 0.56919505625 0.6062411937500001 0.5955066359375001 0.626308928125 0.6115223359375 0.6452299515625 0.6035144859375 0.6486701375 0.5737709640624999 0.643509859375 0.5291557046875 0.6366294859375 0.4731006546875 0.6379633140625 0.4139945796875 0.639496290625 0.38387013593749997 0.6211486484375001 0.37014236562499997 0.6050944296874999 0.38501409999999997 0.6033743359375 0.43077337499999996 0.5993608203125 0.48911640468749995 0.5970673468750001 0.531443684375 0.5999341499999999 0.56919505625
5 0.7140337265625 0.4822525203125 0.704286496875 0.41246964375 0.69511265 0.3815821578125 0.675044915625 0.37929423125 0.6624308828125 0.389590059375 0.668935865625 0.41742421093750004 0.6693112546875 0.486828425 0.6630042640625 0.54402749375 0.66357759375 0.5977945640625 0.6870855671875 0.60809039375 0.71116686875 0.6000825437499999 0.7289411296874999 0.56919505625 0.72378085 0.5337316640624999 0.7140337265625 0.4822525203125
5 0.7650630828125 0.47538863437499995 0.7513023390625 0.4181895671875 0.7375415953125 0.3552706296875 0.72378085 0.35298265 0.7110929500000001 0.371124178125 0.7123136328124999 0.484540446875 0.7186205703125 0.539451534375 0.7295145640625 0.5554672859374999 0.7358215015625 0.5737709640624999 0.7599028046875 0.550891378125 0.7759570765625 0.5302997203125 0.7742369828125 0.5005561984375 0.7650630828125 0.47538863437499995
5 0.8229729171875 0.4181895671875 0.8046252234375 0.397597909375 0.7828374484375 0.3518386859375 0.7713701265624999 0.3186632203125 0.7599028046875 0.3186632203125 0.74722759375 0.3368278578125 0.750729009375 0.421621509375 0.761622896875 0.470812675 0.766209846875 0.5028441765625 0.7805439203125 0.5200038921875 0.7948781 0.5097080640625 0.8023318015625 0.5005561984375 0.821252825 0.476532596875 0.8229729171875 0.4181895671875
4 0.766209846875 0.5302997203125 0.747862153125 0.5417395140625 0.7392616875 0.5772029062499999 0.7404084515625 0.6069464296875 0.7530224328124999 0.636689953125 0.7756190984375 0.6592132687500001 0.7977448515625001 0.6721533453124999 0.8178126390625 0.6675774390625 0.8189594031249999 0.6263941234375 0.8109322671875001 0.5966506 0.8023318015625 0.5714830359375 0.792584571875 0.526867778125 0.781690684375 0.5200038921875 0.766209846875 0.5302997203125
4 0.7260743781250001 0.5772029062499999 0.706006590625 0.585210809375 0.689952371875 0.6092344093750001 0.6807785234375 0.637833915625 0.6824986171874999 0.67901723125 0.69453926875 0.7041847953125 0.700768765625 0.7037984859375 0.7220607578125 0.7339283703125 0.757036053125 0.7545200296875 0.781690684375 0.7453681109375 0.7937313359375 0.697320909375 0.7725168906250001 0.6618575171875001 0.7530224328124999 0.637833915625 0.7392616875 0.585210809375 0.7260743781250001 0.5772029062499999
6 0.656697221875 0.6298260671875 0.6446565703125 0.6149542796875 0.6303224953125001 0.6149542796875 0.613121565625 0.633258009375 0.6073879046874999 0.650417725 0.610828090625 0.6767292515625 0.6257355453125 0.706472828125 0.6491478468749999 0.7758207578125 0.654977128125 0.8037111421875001 0.6716047296875 0.8220148734375 0.6824986171874999 0.8220148734375 0.685938803125 0.785407515625 0.6796318125 0.752231996875 0.6693112546875 0.71104868125 0.6618575 0.6710093828125 0.656697221875 0.6298260671875
6 0.6062411937500001 0.636689953125 0.5919070671875 0.637833915625 0.5810131265625 0.6538496687500001 0.57527951875 0.6801611953125 0.5833066015624999 0.7121926984375 0.5890402625 0.730496428125 0.5975269265625001 0.7621022296875 0.6033743359375 0.8059991734375 0.624015453125 0.8483264 0.6463766625 0.8391745875 0.6389229609375 0.8002792 0.6297491140625 0.74765614375 0.628029021875 0.698464925 0.61942855625 0.6401218953125001 0.6062411937500001 0.636689953125
0 0.5873201703125 0.696176946875 0.5873201703125 0.6675774390625 0.5810131265625 0.6527056515625 0.5632388671874999 0.645841765625 0.548904740625 0.65499363125 0.54431784375 0.68588111875 0.561392284375 0.7758207578125 0.568972475 0.801423215625 0.57527951875 0.8334547171875 0.5873201703125 0.8471824890624999 0.5970673468750001 0.8483264 0.6033743359375 0.8231588890625 0.597640728125 0.7899833703125 0.5913336859375 0.7510880859375 0.5873201703125 0.696176946875
10 0.44684586875 0.6515616890625 0.43709869218749997 0.6538496687500001 0.43365850625 0.6755852890625 0.43320033437500005 0.751813334375 0.43595198125 0.816295003125 0.4565930984375 0.8254468156250001 0.4611799953125 0.801423215625 0.46232670625 0.7510880859375 0.46576689218749995 0.7099047703125 0.469207078125 0.6721533453124999 0.46232670625 0.6515616890625 0.44684586875 0.6515616890625
10 0.49672856718749997 0.673297309375 0.49271505156249995 0.6515616890625 0.4789543078125 0.6515616890625 0.46863374843749994 0.6630014796875 0.46761428125000004 0.73809480625 0.4703538421875 0.7819755734375 0.47322064687500004 0.8059991734375 0.4818211109375 0.8197269453124999 0.49271505156249995 0.8197269453124999 0.49672856718749997 0.797991271875 0.4944351453125 0.7533760140625 0.4944351453125 0.71791256875 0.49672856718749997 0.673297309375
2 0.511636075 0.65499363125 0.4961552375 0.65499363125 0.49099495937500004 0.6641454953125 0.4915682875 0.7076167390625 0.49342474062499997 0.7500985171875 0.4938617625 0.785407515625 0.49844866093749995 0.8059991734375 0.5053290328125 0.807143084375 0.5150762609374999 0.801423215625 0.517943065625 0.7602399 0.5167963546875 0.7202006 0.5162229734375 0.674441325 0.511636075 0.65499363125
2 0.5408776578125 0.6481297453125 0.5282636234375 0.64698578125 0.5145028796875 0.660713553125 0.5218162468750001 0.7483837015625 0.5196631593750001 0.7922714015625 0.5271169125 0.8323107015625 0.546611265625 0.8414625140625 0.556931825 0.80256723125 0.548904740625 0.73278435625 0.5529183078125001 0.6893130609375 0.5529183078125001 0.6641454953125 0.5408776578125 0.6481297453125
8 0.438818784375 0.7053288109375 0.4411122609375 0.6675774390625 0.438818784375 0.650417725 0.425631421875 0.6401218953125001 0.4101505859375 0.636689953125 0.40212345000000005 0.645841765625 0.40441692500000004 0.682449175 0.38846220468750003 0.782680021875 0.379188909375 0.8311666859375 0.3820557140625 0.8631981890624999 0.3929496546875 0.8700620734375001 0.409003821875 0.8391745875 0.4176042875 0.8185829296874999 0.4233379484375 0.78769544375 0.4325117953125 0.743080184375 0.438818784375 0.7053288109375
14 0.3952430765625 0.7270644859375001 0.40441692500000004 0.700752853125 0.4055636359375 0.6675774390625 0.3998300265625 0.6401218953125001 0.383202425 0.6355459359375 0.36944168125 0.6344019734375 0.3677215875 0.6652894593750001 0.3596945046875 0.71791256875 0.35576895625 0.7723911265625001 0.35109403906250003 0.807143084375 0.3396267703125 0.8345986296874999 0.3459337609375 0.8734940171875 0.36256130937500003 0.8506144328125 0.37230853750000004 0.82773474375 0.38434918906250004 0.7957033453125 0.3906561796875 0.7579519734375 0.3952430765625 0.7270644859375001
14 0.36542816562499997 0.62410614375 0.349373946875 0.6115223359375 0.3350398203125 0.6149542796875 0.3304529234375 0.6355459359375 0.3270127359375 0.669865365625 0.3172655609375 0.7167686578125 0.3057982390625 0.7533760140625 0.302931434375 0.79684725625 0.305224909375 0.8345986296874999 0.316692178125 0.838030571875 0.3230757078125 0.8169763421875 0.3333197265625 0.7728236546875 0.345360378125 0.746512128125 0.351667421875 0.7202006 0.37116177499999997 0.6847371546875001 0.382629096875 0.6630014796875 0.3837758078125 0.6424098234375 0.37689543593749997 0.6298260671875 0.36542816562499997 0.62410614375
12 0.2691029546875 0.5463154203125 0.252475353125 0.572627 0.24158143906250001 0.6229621812499999 0.21979358593749998 0.6527056515625 0.2037393921875 0.6801611953125 0.2008725625 0.71791256875 0.2094730265625 0.738504225 0.22667395781250002 0.7602399 0.2310184015625 0.751813334375 0.256488921875 0.7259204703125001 0.27827674999999996 0.692745003125 0.3017847234375 0.6664334234375 0.3126786109375 0.637833915625 0.3126786109375 0.6103783734375 0.2983445375 0.590930678125 0.283437028125 0.5657631140625 0.2691029546875 0.5463154203125
12 0.2519019984375 0.6069464296875 0.2587823703125 0.572627 0.253622090625 0.54059555 0.24158143906250001 0.5188598765625 0.2220870609375 0.49826821875 0.206032840625 0.5028441765625 0.1985791140625 0.5337316640624999 0.190582015625 0.56146875625 0.16933753125 0.6035144859375 0.161310421875 0.636689953125 0.1647506078125 0.67787326875 0.1871118171875 0.690457025 0.2037393921875 0.674441325 0.222660415625 0.6527056515625 0.2335543296875 0.6309700296874999 0.2519019984375 0.6069464296875