5 0.6971052515625 0.4178316890625 0.701944275 0.45524481562499997 0.7025492359375 0.48541674375 0.701339425 0.5155886171875 0.706178559375 0.5481742609375 0.719486040625 0.5602429984375 0.74065713125 0.5602429984375 0.7515451015625 0.53972615 0.7545694640625 0.511967990625 0.7545694640625 0.4842098328125 0.7473108171875 0.466106696875 0.7467059671875 0.43955545 0.7475509312499999 0.3988504171875 0.7454961546875001 0.3647291390625 0.7303740109375 0.344212290625 0.7122273953125 0.35386725937499997 0.6983149515625 0.3695566796875 0.6952905890625 0.3876598140625 0.6952905890625 0.39852169531250003 0.6971052515625 0.4178316890625
5 0.694080778125 0.579553046875 0.7067834093750001 0.5759324203125 0.7073882593749999 0.5421398640625 0.7025492359375 0.48662360156249995 0.7025492359375 0.44558984687500003 0.7025492359375 0.39490106875 0.693475928125 0.3671429109375 0.6704901765625 0.3611085125 0.654063025 0.364477621875 0.6547630718749999 0.4262798 0.653553315625 0.47214109375 0.6468995750000001 0.516795475 0.6475044249999999 0.546967403125 0.652948409375 0.568691165625 0.665651040625 0.579553046875 0.680773240625 0.579553046875 0.694080778125 0.579553046875
7 0.665046190625 0.4950717125 0.6577875453125 0.47093423593750006 0.6577875453125 0.421452315625 0.6553679765625 0.376797934375 0.6432702515625001 0.3514535453125 0.6287529578125 0.3635222828125 0.6295564875 0.3771412828125 0.6239138234375 0.42748671250000003 0.6142356640625 0.47696857656249997 0.6124210015625 0.5276573546875001 0.61726008125 0.5493811187500001 0.6402457781249999 0.5542086578125 0.6547630718749999 0.5530017453125 0.6626266234375 0.53972615 0.665046190625 0.4950717125
7 0.6075818671875 0.557829284375 0.6166551765625 0.5590361421875001 0.625728484375 0.5385192375 0.6287529578125 0.516795475 0.6263333906249999 0.4805892046875 0.624518728125 0.44558984687500003 0.624518728125 0.3840391875 0.6239138234375 0.3478329171875 0.6063721109375 0.33817789375 0.595065803125 0.3554321484375 0.5906450624999999 0.39369415625 0.584596171875 0.42507294218749997 0.57854728125 0.4540379578125 0.577337525 0.490244228125 0.57673261875 0.51920924375 0.57854728125 0.545760490625 0.5942743859374999 0.557829284375 0.6075818671875 0.557829284375
1 0.582176603125 0.5662773953125 0.5924597234375 0.5542086578125 0.5942743859374999 0.5252436421875 0.5942743859374999 0.490244228125 0.5906450624999999 0.4467967046875 0.5888304 0.365936053125 0.584596171875 0.3297297828125 0.5651133671874999 0.335532109375 0.5597958140625 0.388866671875 0.554351828125 0.444382934375 0.54890784375 0.49748548281250005 0.54890784375 0.5312779828124999 0.5519322609375 0.545760490625 0.5616104749999999 0.556622371875 0.5731032953125 0.5638636265625 0.582176603125 0.5662773953125
15 0.3946616015625 0.54093300625 0.3952664515625 0.50593359375 0.3880078046875 0.4540379578125 0.3789344953125 0.388866671875 0.377119834375 0.356281028125 0.361392784375 0.3466260046875 0.35635396406250003 0.380759471875 0.3541341390625 0.43352105312500006 0.3541341390625 0.47696857656249997 0.3511097203125 0.5155886171875 0.348690153125 0.545760490625 0.3589732171875 0.568691165625 0.37288566093750003 0.5674842531250001 0.383168725 0.557829284375 0.3946616015625 0.54093300625
15 0.38195896875 0.5361055218749999 0.38377363125 0.5650705375 0.3964762625 0.57351865 0.4158326359375 0.568691165625 0.42309128124999995 0.5421398640625 0.42309128124999995 0.516795475 0.41643754062499994 0.4842098328125 0.40917889374999994 0.41903854531249995 0.40445939218750004 0.364477621875 0.3970811125 0.3345572671875 0.3880078046875 0.333350409375 0.3801443078125 0.355074171875 0.38256381875 0.38041856093750004 0.38437848125 0.467313609375 0.38195896875 0.5035198796875 0.38195896875 0.5361055218749999
13 0.2845720890625 0.5071405062500001 0.2839672390625 0.5433467765625 0.2833623328125 0.5674842531250001 0.2906209796875 0.590414928125 0.30150895 0.5928286421875 0.3166311484375 0.5892080140625 0.32751911875 0.5855873875000001 0.3384070890625 0.5638636265625 0.3390119390625 0.534898609375 0.335382615625 0.516795475 0.32751911875 0.45524481562499997 0.3232848890625 0.41059043281249996 0.313694434375 0.380759471875 0.306348028125 0.35386725937499997 0.2845720890625 0.3671429109375 0.2773134421875 0.3876598140625 0.279128103125 0.402142321875 0.2839672390625 0.44196922031249997 0.2845720890625 0.4842098328125 0.2845720890625 0.5071405062500001
13 0.2839672390625 0.57351865 0.2882014125 0.5481742609375 0.28699165625 0.5107611328125 0.2839672390625 0.47455486249999995 0.2839672390625 0.423866084375 0.279733009375 0.39007352968750003 0.26461080937500003 0.37438416406249997 0.250698421875 0.37438416406249997 0.23654422031250003 0.40065951093749996 0.24041535781249998 0.43352105312500006 0.2416251140625 0.466106696875 0.24102020781250003 0.5047267359375 0.23376156250000002 0.54093300625 0.24464953125000002 0.579553046875 0.2615863921875 0.579553046875 0.2767085921875 0.579553046875 0.2839672390625 0.57351865
6 0.65960220625 0.5614499109375 0.6438751015624999 0.5493811187500001 0.6287529578125 0.5517948875 0.6136307578125 0.556622371875 0.6124210015625 0.59644926875 0.623308971875 0.649551871875 0.6322794359375 0.704587390625 0.637826265625 0.75213623125 0.6505288984375001 0.7847218734375 0.6686755140625 0.7762738171875 0.6723048375 0.7412743500000001 0.6638363796875 0.702654365625 0.6614168671875 0.6519655875 0.665651040625 0.6061043484375 0.65960220625 0.5614499109375
6 0.625728484375 0.613345603125 0.625728484375 0.5771392765625001 0.6196796484375 0.5554155140625 0.6063721109375 0.5517948875 0.59185481875 0.5542086578125 0.57854728125 0.5650705375 0.57854728125 0.59886309375 0.5833864156249999 0.63989679375 0.58871225625 0.7154419578125 0.5912499125 0.7436881750000001 0.59185481875 0.7654119359375 0.6021378828125 0.7835150718749999 0.6142356640625 0.7762738171875 0.616050325 0.7461018890625 0.616050325 0.71110253125 0.6214943109375 0.659206840625 0.625728484375 0.613345603125
0 0.5870157390624999 0.62058685625 0.5858059265625 0.5723117921875 0.5791521859375 0.556622371875 0.5579811515624999 0.557829284375 0.54709318125 0.569898021875 0.5452785203125 0.6266211968750001 0.5496833234375 0.704587390625 0.5458833703125 0.7412743500000001 0.5458833703125 0.760584396875 0.5531420171875 0.793170040625 0.5724984453124999 0.7835150718749999 0.57854728125 0.7569637703125001 0.582781509375 0.70989561875 0.5870157390624999 0.6604137531250001 0.5870157390624999 0.62058685625
8 0.433374346875 0.6085180625 0.433374346875 0.5759324203125 0.42127662031249996 0.557829284375 0.4007104359375 0.5638636265625 0.3964762625 0.579553046875 0.39950067968749997 0.6109317765625 0.391752296875 0.7063964859375 0.389217615625 0.7448949765624999 0.3952664515625 0.7617913093750001 0.40554957031249994 0.764205025 0.41643754062499994 0.75213623125 0.4224863765625 0.7135162453125 0.42672060468749995 0.670068721875 0.43034992812499995 0.636276165625 0.433374346875 0.6085180625
10 0.457569853125 0.5602429984375 0.44547212812500003 0.557829284375 0.43639881875000003 0.5662773953125 0.43216459062499996 0.57472550625 0.4279303609375 0.5928286421875 0.42914017343750005 0.66162055625 0.43078122968750004 0.675641878125 0.42188152656250005 0.7255850406250001 0.43216459062499996 0.7461018890625 0.443657465625 0.7412743500000001 0.45515028593749995 0.71110253125 0.458174759375 0.659206840625 0.46301383906250004 0.6085180625 0.46543340625 0.568691165625 0.457569853125 0.5602429984375
10 0.49144352031249994 0.601276809375 0.49144352031249994 0.5662773953125 0.4781360375 0.5590361421875001 0.46422359531249996 0.5614499109375 0.459989421875 0.569898021875 0.459989421875 0.61817303125 0.45891836562500005 0.6864964453125 0.4509161125 0.7074819046874999 0.44970630156249997 0.7400675484375 0.45877960937499995 0.7557568578125 0.470877390625 0.7448949765624999 0.47692622656249994 0.7135162453125 0.4829751171875 0.677309975 0.486604440625 0.6314487375 0.49144352031249994 0.601276809375
2 0.5180585953125 0.5542086578125 0.501726640625 0.5505880296875 0.48781419687499994 0.5614499109375 0.486604440625 0.6024837203125 0.486604440625 0.6435174203125 0.48614785312500003 0.6720236890625 0.48962885937499995 0.7267918421874999 0.49870216718749993 0.748515603125 0.5089852875 0.737653721875 0.513824365625 0.7147231578125 0.5150341218750001 0.6676550078125 0.5150341218750001 0.64110370625 0.5156390281250001 0.5807599031249999 0.5180585953125 0.5542086578125
2 0.5525371671875 0.5759324203125 0.5464882765625 0.5542086578125 0.5349954 0.5493811187500001 0.5228976750000001 0.546967403125 0.513824365625 0.556622371875 0.5150341218750001 0.6024837203125 0.5156390281250001 0.6326555390624999 0.515192640625 0.6665964046874999 0.5120097046875001 0.7050680796875 0.5120097046875001 0.7219644125 0.5204781078125 0.7436881750000001 0.5380198734375 0.738860634375 0.542858953125 0.702654365625 0.542858953125 0.6640343796875 0.5513273546875 0.609724975 0.5525371671875 0.5759324203125
14 0.3880078046875 0.7207575 0.3922420328125 0.6748962609375 0.39587135625 0.6459312453125 0.404339759375 0.601276809375 0.39950067968749997 0.569898021875 0.3874029546875 0.5650705375 0.3722807546875 0.5650705375 0.361392784375 0.5723117921875 0.3608922125 0.6195599484375001 0.361997690625 0.6604137531250001 0.3583683671875 0.70989561875 0.3529243828125 0.738860634375 0.34989990937500004 0.7666187390625 0.361392784375 0.7847218734375 0.374700321875 0.7617913093750001 0.3813540640625 0.7424812625 0.3880078046875 0.7207575