5 0.759362340625 0.49171551718749995 0.7605217125 0.46164225468750003 0.762260878125 0.41884560468750004 0.7738553484375 0.35522903281249996 0.7825511734374999 0.31590243125 0.7686378515625 0.2892991109375 0.7503107375 0.32324158281250004 0.7379125656250001 0.37604900625000004 0.7263182015625 0.4084356171875 0.7118250875000001 0.437352284375 0.70602790625 0.47436553750000005 0.7187817484375 0.4963422140625 0.7338545484375001 0.5021255046875 0.750086721875 0.5171621890625 0.759362340625 0.49171551718749995
7 0.6295046375 0.4859322265625 0.6295046375 0.5206321843749999 0.6376207234375 0.5599587859375 0.6573312812500001 0.556488790625 0.6712446015625 0.5379821625 0.6741431921875 0.5194754828125 0.6729837671875 0.4951855125 0.6666067921875001 0.47436553750000005 0.656751540625 0.4396655796875 0.6561718015625 0.4084356171875 0.6581026015625 0.3769903015625 0.6550123765625 0.3563856796875 0.644577384375 0.342505696875 0.6289248984375 0.3621690234375 0.62602630625 0.3922423390625 0.6266059937499999 0.41421896093750005 0.6312438031250001 0.46164225468750003 0.6295046375 0.4859322265625
7 0.6410990546875001 0.5287288234374999 0.6335626546875 0.489402221875 0.6300843234375 0.45470226406250003 0.6271857328125 0.4084356171875 0.6271857328125 0.3656390203125 0.6144318375 0.34713239218749997 0.5993590906249999 0.352915684375 0.598080325 0.3648534953125 0.6005185156249999 0.42462894999999995 0.6005185156249999 0.4708955421875 0.59877935 0.5055955015625 0.5999388296875 0.5391388109374999 0.60979408125 0.5576454375 0.627765471875 0.5588021390625 0.6393598890625001 0.546078803125 0.6410990546875001 0.5287288234374999
1 0.6074751765624999 0.5287288234374999 0.6086346546875 0.494028865625 0.5993590906249999 0.4489189203125 0.5970401843750001 0.39571233437500003 0.5906632640625 0.352915684375 0.5750107765625 0.3390357 0.565024578125 0.3804579625 0.5697932812500001 0.43850893125 0.5703730203124999 0.483618878125 0.5703730203124999 0.5194754828125 0.5703730203124999 0.54723545 0.57790936875 0.556488790625 0.590083525 0.5657421296875 0.605156325 0.5588021390625 0.6074751765624999 0.5287288234374999
3 0.5408072125000001 0.5761521187499999 0.5541407953124999 0.5796221140625 0.56863385625 0.572682121875 0.5767499421875 0.5541754421875 0.5755905171875 0.531042171875 0.5697932812500001 0.5055955015625 0.56225688125 0.4489189203125 0.5570393859375 0.39571233437500003 0.55023648125 0.35965200625 0.5402274734375 0.342505696875 0.5309519078125 0.374892359375 0.5332708125 0.4084356171875 0.535009978125 0.46858224687499994 0.535009978125 0.5113788453125 0.5361694031249999 0.551862146875 0.5408072125000001 0.5761521187499999
3 0.539647734375 0.5599587859375 0.5408072125000001 0.525258828125 0.5344302390625 0.46973889375000005 0.5344302390625 0.4223156 0.5344302390625 0.36795236875000004 0.522835821875 0.33672240468750003 0.5095022390625 0.3355657046875 0.50152275 0.3440475390625 0.4961686046875 0.404965621875 0.49558891718750003 0.4593289078125 0.49790776875000003 0.52410218125 0.4961686046875 0.566898778125 0.5019658390624999 0.587718753125 0.5170385875 0.593502096875 0.535009978125 0.5807787609374999 0.539647734375 0.5599587859375
11 0.45790697031249994 0.54260880625 0.460225875 0.5796221140625 0.4689217015625 0.5900321 0.486313353125 0.5900321 0.5031252640625 0.5784654125 0.499646934375 0.5437654546874999 0.498487509375 0.498655509375 0.49037142187500005 0.45007556718749997 0.48225528281249996 0.410748965625 0.4667272265625 0.3717888140625 0.45442863906250003 0.352915684375 0.44689229218750004 0.352915684375 0.44051531875 0.37951900312500003 0.44863145781249997 0.41653230937499997 0.45500837968749996 0.47205224375 0.45790697031249994 0.5079088484375001 0.45790697031249994 0.54260880625
11 0.4637042046875 0.5483921515625 0.4596461359375 0.4974988609375 0.45442863906250003 0.43850893125 0.44805171875000005 0.3922423390625 0.4370369875 0.3772056546875 0.42062315781250004 0.3908609390625 0.42428314531250005 0.42809894374999996 0.426601996875 0.484775525 0.42370340625 0.5333554671875 0.4231236671875 0.5657421296875 0.434138396875 0.581935409375 0.45153004843750005 0.583092109375 0.4596461359375 0.5807787609374999 0.4637042046875 0.5483921515625
15 0.3709487109375 0.556488790625 0.37384735468749997 0.53219881875 0.3767459453125 0.4963422140625 0.374427040625 0.4755222375 0.3692095453125 0.42462894999999995 0.3651515296875 0.374892359375 0.35993403281249997 0.3563856796875 0.34602071093750003 0.3563856796875 0.3388536796875 0.3908609390625 0.33848431093750003 0.441978928125 0.3355857203125 0.5067522015625 0.330368225 0.5264154750000001 0.3297884859375 0.54723545 0.3309479109375 0.5634287828125 0.3448612328125 0.572682121875 0.36051371875 0.5715254203125 0.3709487109375 0.556488790625
15 0.40399285 0.514848840625 0.3981956671875 0.478992234375 0.39471733750000004 0.437352284375 0.394137596875 0.385302346875 0.3894998421875 0.358699028125 0.3755865203125 0.3575423796875 0.37016965156250003 0.3804579625 0.36631095468749997 0.443135575 0.3628326234375 0.5032822046875001 0.356455703125 0.5368254625 0.3570353890625 0.5634287828125 0.3773256859375 0.5807787609374999 0.39181869375 0.5634287828125 0.40225368437500003 0.54723545 0.40399285 0.514848840625
9 0.38834036250000004 0.5379821625 0.394137596875 0.5645854296875 0.40457258906250004 0.5761521187499999 0.4167467453125 0.5749954171875 0.42370340625 0.5599587859375 0.429500640625 0.529885471875 0.42776147499999995 0.48014888125 0.4231236671875 0.4304122921875 0.418485909375 0.3933989859375 0.41018450156249997 0.35965200625 0.40225368437500003 0.3575423796875 0.3923984328125 0.369109015625 0.39123900625 0.41306231406249994 0.3889201015625 0.4489189203125 0.3877606765625 0.4859322265625 0.385441771875 0.5136921921875001 0.38834036250000004 0.5379821625
13 0.2793526953125 0.478992234375 0.2729757734375 0.437352284375 0.2613813046875 0.3783623546875 0.24920714843749997 0.327469065625 0.2347141125 0.3054924421875 0.22196024374999998 0.3147457296875 0.21793923906249998 0.33537839062499997 0.22196024374999998 0.4014956265625 0.22022107812499997 0.45585891093750003 0.2196413390625 0.49171551718749995 0.2294966171875 0.510222196875 0.24398965156250002 0.5160054875 0.2579029734375 0.5171621890625 0.2741352 0.5032822046875001 0.2793526953125 0.478992234375
12 0.21152525312499998 0.7022286671875 0.21268467812499997 0.6756252953125 0.2190616265625 0.63976874375 0.2208007921875 0.593502096875 0.21094551250000002 0.583092109375 0.1952930265625 0.5865621046875 0.17442304375 0.5911887484375 0.159930009375 0.5807787609374999 0.13964931249999998 0.5642439031250001 0.1321033671875 0.581935409375 0.1321033671875 0.624732059375 0.13674115 0.6640587140624999 0.1564516796875 0.688348684375 0.17442304375 0.708011959375 0.20398885312499998 0.7276752328125 0.21152525312499998 0.7022286671875
12 0.23703299218749999 0.54260880625 0.223699409375 0.550705446875 0.21384413124999999 0.5692121265625001 0.21384413124999999 0.6050687328125 0.2103658 0.6467087359375 0.2051483046875 0.677938696875 0.199351096875 0.6964452718749999 0.1952930265625 0.7172652453125 0.19993080937500002 0.74386861875 0.2179021734375 0.7565919015625 0.22576823125 0.7445621859375 0.2393518953125 0.7114819546875 0.25442464375 0.6837219875 0.26312046875 0.654805321875 0.277033790625 0.6293587031250001 0.27819326875 0.5992853874999999 0.27181629531249996 0.5634287828125 0.2590624265625 0.5530187953125 0.23703299218749999 0.54260880625
12 0.319933234375 0.5692121265625001 0.3071793390625 0.5483921515625 0.29384575625 0.54723545 0.272396034375 0.550705446875 0.2677582515625 0.581935409375 0.27007712968750003 0.6328286984375 0.26370020781250003 0.6629020140625 0.25442464375 0.6895052796875001 0.244569390625 0.7172652453125 0.236453278125 0.74386861875 0.2347141125 0.7681585890625 0.240511321875 0.7936051546875 0.25616380781250003 0.8074851375 0.273612075 0.7983109046875 0.2932660171875 0.7739418796875001 0.3065995984375 0.7392419218749999 0.31297657343749996 0.7045419640625 0.3205129203125 0.6640587140624999 0.340803215625 0.614322071875 0.3431220671875 0.5854054046875 0.332107390625 0.5703687734375 0.319933234375 0.5692121265625001
14 0.3692095453125 0.614322071875 0.35877455468749997 0.6062253796875 0.3471801375 0.6062253796875 0.336745146875 0.5946587437499999 0.324570990625 0.602755384375 0.3176143296875 0.6282020562499999 0.3205129203125 0.69181868125 0.31710647812500004 0.7688358015625 0.30775907812500003 0.7970751500000001 0.308918503125 0.8167385296875 0.322831825 0.8248351171875001 0.3431220671875 0.782038571875 0.3512382078125 0.7415552171875001 0.3558759640625 0.7010719671875 0.3645717890625 0.6594320171875 0.3692095453125 0.614322071875
14 0.3970361890625 0.6171985296875 0.38370260625 0.603318546875 0.36631095468749997 0.5998485515625 0.3558759640625 0.6125718859375 0.3523976328125 0.6426451484375 0.3558759640625 0.692381790625 0.3536417765625 0.7514975046875 0.350078728125 0.7814449812500001 0.35181789375 0.808048353125 0.3645717890625 0.8126749437499999 0.3773256859375 0.8011083625 0.381963440625 0.7583117109375 0.386601196875 0.6831285046875 0.3964565015625 0.6438018484375 0.3970361890625 0.6171985296875
8 0.43008032656250006 0.634548509375 0.4231236671875 0.6056318953125001 0.40921034531249995 0.59406520625 0.397615928125 0.6010051984375 0.3894998421875 0.6160418812499999 0.38834036250000004 0.639175153125 0.386601196875 0.6831285046875 0.38370260625 0.7490584250000001 0.3823480828125 0.7636343109375 0.38254318125000003 0.7953249640625 0.386601196875 0.8196149359374999 0.4034131625 0.826554928125 0.408630659375 0.8034216578125 0.41616700624999997 0.7479017234375 0.42080481562500005 0.6993217828125 0.42718173593750003 0.6692485203125 0.43008032656250006 0.634548509375
10 0.44863145781249997 0.5905952109375 0.4364573015625 0.5905952109375 0.4260223109375 0.598691903125 0.4196453359375 0.6114151859375 0.42486283125 0.6438018484375 0.42718173593750003 0.6796585078125 0.42584248750000003 0.72895771875 0.43008032656250006 0.775661690625 0.44051531875 0.7953249640625 0.45153004843750005 0.765251703125 0.450950309375 0.7108884703125 0.45153004843750005 0.670405115625 0.45558811875 0.640331853125 0.457327284375 0.6091018906250001 0.44863145781249997 0.5905952109375
10 0.481675596875 0.6091018906250001 0.4793566921875 0.588281915625 0.4666027953125 0.5859685671875 0.44979088437500003 0.5836552187499999 0.446312553125 0.6010051984375 0.450950309375 0.6438018484375 0.44979088437500003 0.7432750265625 0.44979088437500003 0.7675649984375 0.4590664484375 0.7779749859375 0.4666027953125 0.776818390625 0.47240003125 0.7583117109375 0.47355945625 0.7143584656249999 0.4764581 0.6796585078125 0.47993643124999996 0.6368618578125 0.481675596875 0.6091018906250001
2 0.4851539265625 0.6010051984375 0.47297977031249994 0.6114151859375 0.4683419609375 0.61488518125 0.4666027953125 0.6287651656250001 0.4666027953125 0.6530551359375 0.479775546875 0.7202885703125 0.4834147609375 0.754841715625 0.4961686046875 0.766408403125 0.50428474375 0.7525284203125 0.5013861000000001 0.72014175625 0.5008064125 0.6889117953125 0.5008064125 0.6484284921875 0.49732808281249996 0.6102585375 0.4851539265625 0.6010051984375
2 0.5309519078125 0.6125718859375 0.5257344125000001 0.59406520625 0.511821090625 0.587125215625 0.5002266734374999 0.5894385640625 0.4915308484375 0.6056318953125001 0.49327001406250004 0.6380185046875 0.49906724843749994 0.6854417984375 0.5006528609374999 0.7133532515625001 0.5008064125 0.7536850140625 0.5066035953125 0.7675649984375 0.5141399953125 0.7687217000000001 0.5234155609375 0.765251703125 0.5263141515624999 0.7432750265625 0.5263141515624999 0.6854417984375 0.5274735781250001 0.6507418406250001 0.5309519078125 0.6125718859375
0 0.5680541156250001 0.6588384796875 0.5634163609375 0.619511878125 0.5581988640625 0.598691903125 0.5489232984375 0.5998485515625 0.5373288828125 0.6010051984375 0.52863305625 0.6102585375 0.522835821875 0.6206685249999999 0.522835821875 0.65652513125 0.53283871875 0.7116194234375001 0.5413869 0.775661690625 0.5477638734375 0.826554928125 0.565155525 0.84390490625 0.5732716124999999 0.8207716359375 0.572691871875 0.7791316859374999 0.572691871875 0.7374917359375 0.5697932812500001 0.6958517859375 0.5680541156250001 0.6588384796875
6 0.60631575 0.7143584656249999 0.6045765859375 0.6854417984375 0.6057360109375 0.644958496875 0.6045765859375 0.6067885421875 0.59298216875 0.59406520625 0.5813876984374999 0.5905952109375 0.5680541156250001 0.5975352015625 0.5587785515625 0.6091018906250001 0.555879959375 0.6380185046875 0.5645757859375 0.6750318109375 0.579812675 0.74282835625 0.5924024296875 0.776818390625 0.5976199249999999 0.806891653125 0.6121129859375001 0.8219283374999999 0.6231276625 0.8277116281250001 0.62602630625 0.808048353125 0.619069646875 0.7698784 0.612692671875 0.73980503125 0.60631575 0.7143584656249999
6 0.649215140625 0.7039484781249999 0.6451571234375 0.66809181875 0.6451571234375 0.640331853125 0.64631655 0.6125718859375 0.6416787937499999 0.592908559375 0.632403228125 0.5917519109375 0.620229071875 0.5859685671875 0.60979408125 0.5894385640625 0.5981996640625 0.6056318953125001 0.5947213328125 0.6310785125 0.60167799375 0.6542118359375 0.611533246875 0.6831285046875 0.6233070796875 0.72895771875 0.6318234890625 0.7594684125 0.637040984375 0.786071678125 0.6486354546875 0.7987949609375 0.6584907062500001 0.796481665625 0.6637082015625 0.786071678125 0.660229871875 0.7629384078125 0.6532732109375 0.7374917359375 0.649215140625 0.7039484781249999
4 0.7361734 0.6900684953125 0.7321153828125 0.66693511875 0.7321153828125 0.634548509375 0.7321153828125 0.603318546875 0.7309559046875 0.56399194375 0.727477575 0.536231978125 0.7095062359375001 0.5281352859374999 0.6897956796875 0.53160528125 0.6700851234375 0.5477986140625 0.6625487765625 0.5686185874999999 0.6654473671875001 0.5963785546875 0.6824594671875001 0.644000065625 0.6944334359375001 0.7016350765625 0.7037090015625 0.7212984578125 0.716462896875 0.7432750265625 0.7350140281249999 0.754841715625 0.750086721875 0.754841715625 0.75414484375 0.7305517453125 0.7512462 0.707418475 0.7361734 0.6900684953125