13 0.2602789765625 0.45278249375 0.263607753125 0.3996495953125 0.2631322203125 0.375929509375 0.2574257328125 0.368339121875 0.243159515625 0.3673902890625 0.2298692546875 0.37722876875 0.22461343125000002 0.42147201875 0.2151026125 0.47175855312500004 0.20844503749999999 0.507813053125 0.21700476875 0.535328290625 0.23745302812500002 0.55050915625 0.2531458671875 0.5476627484375001 0.26123004375000003 0.5220450875 0.2602789765625 0.45278249375
13 0.2574257328125 0.529635478125 0.259803421875 0.5647411906250001 0.27454519374999997 0.5761268171875 0.293091278125 0.5732804109375 0.30593087343750003 0.5590483765625 0.30688194062499996 0.5315330968749999 0.3016510078125 0.48409296875 0.29979827812500004 0.40709591562499997 0.29261572187499996 0.3930079515625 0.27787397187499996 0.3844687296875 0.2631322203125 0.391110375 0.2602789765625 0.4176768234375 0.2583768 0.45183370624999997 0.2559991109375 0.4945298078125 0.2574257328125 0.529635478125
15 0.367751165625 0.48978578281249996 0.36489792187500003 0.42242084999999996 0.3634713 0.3873151359375 0.3434985953125 0.375929509375 0.3383305984375 0.39856244531249996 0.3363654859375 0.4802977734375 0.33018344375 0.5229938765625 0.32590357812500004 0.5647411906250001 0.3335122421875 0.5970004531249999 0.34968059375 0.599846859375 0.3653734328125 0.58371720625 0.3739331640625 0.5438675125 0.367751165625 0.48978578281249996
15 0.359191434375 0.5106594609374999 0.356813703125 0.55145794375 0.356813703125 0.5884612328125 0.3668000546875 0.603642053125 0.3739331640625 0.6026932671874999 0.392479246875 0.5903588515625 0.40151453281249994 0.5846660375 0.407696575 0.5495603250000001 0.4067454640625 0.5125570359375 0.40436777656249995 0.47175855312500004 0.403978253125 0.3942957109375 0.4067454640625 0.3664415015625 0.392479246875 0.35695349374999996 0.37440871875 0.3607486890625 0.36394681093750003 0.370236696875 0.3615691234375 0.39490556875 0.3615691234375 0.45657773125 0.359191434375 0.5106594609374999
9 0.398185734375 0.5173010625 0.39343035625 0.55050915625 0.39628359999999996 0.5761268171875 0.4010389765625 0.599846859375 0.4086476421875 0.6112324859375 0.41910954843750003 0.6074372921875 0.42719372499999997 0.5894100203125 0.433851278125 0.5580995453125001 0.4343268328125 0.5173010625 0.43337576718750004 0.4784001546875 0.43242465625 0.44424327343750003 0.43608851875 0.3957179546875 0.4371800765625 0.3654927140625 0.42338941406249997 0.3597999 0.4153051953125 0.3654927140625 0.40626995312499997 0.39016154375 0.40341670937499996 0.4129327984375 0.4024655984375 0.4651169515625 0.398185734375 0.5173010625
11 0.4633348234375 0.5334307140625001 0.4633348234375 0.4755537484375 0.4676146890625 0.40534240937500005 0.4676146890625 0.3607486890625 0.45097073906249996 0.35031184843749996 0.43908225468750006 0.3635950953125 0.43751564218750005 0.38149550468750004 0.43242465625 0.46227054531249995 0.4305225234375 0.5286866890625 0.428620346875 0.5742291984375 0.42957141249999997 0.598898071875 0.44336211875 0.6074372921875 0.4552506046875 0.6064884609375001 0.46190820156249995 0.5922564265625 0.4633348234375 0.5334307140625001
11 0.49947587968749996 0.6026932671874999 0.4999514359375 0.55145794375 0.49947587968749996 0.5040178156249999 0.4985248140625 0.45183370624999997 0.49329388124999995 0.408188815625 0.48806290625 0.35885106875 0.4746208390625 0.3573173390625 0.4657125125 0.39016154375 0.4633348234375 0.4613217140625 0.46190820156249995 0.535328290625 0.4576283375 0.5808708 0.46238371406249995 0.6083860796875 0.472845621875 0.6178740875 0.48853846093750003 0.6178740875 0.49947587968749996 0.6026932671874999
3 0.5413234671875 0.540072315625 0.5403724000000001 0.507813053125 0.5441767109375 0.45657773125 0.54322564375 0.40344479062499994 0.5370436015625 0.3787759171875 0.5203996953125001 0.37972474843750004 0.51458028125 0.390028975 0.5132665859375 0.44139686562499997 0.5075600984374999 0.49168340156249996 0.4985248140625 0.5571507578125 0.497573746875 0.597949240625 0.5113644093749999 0.6207204953125001 0.530861559375 0.61407889375 0.5394212890625 0.5922564265625 0.5413234671875 0.540072315625
3 0.5698559015625 0.5675875968749999 0.5703314578125 0.5220450875 0.5769890109375 0.4584753078125 0.5774645656249999 0.41388162968750003 0.5717580796874999 0.38826396875 0.55668040625 0.39856244531249996 0.544652265625 0.45752651875000006 0.5413234671875 0.506864221875 0.5346659125000001 0.562843571875 0.53751915625 0.5970004531249999 0.54322564375 0.6131301062500001 0.5574918609374999 0.61502768125 0.5698559015625 0.601744478125 0.5698559015625 0.5675875968749999
1 0.60694806875 0.5932052578125 0.6088502453125 0.566638765625 0.605521446875 0.5286866890625 0.6059970015625 0.468912146875 0.60694806875 0.404393578125 0.6017171359375 0.37782712812499997 0.5898286078125 0.3787759171875 0.5902177953125001 0.39856244531249996 0.5850731875 0.44424327343750003 0.5788911875 0.4964274265625 0.5717580796874999 0.5476627484375001 0.5689048359375 0.5751779859374999 0.5788911875 0.61502768125 0.5893530515625 0.629259715625 0.5988638921875 0.6188229187500001 0.60694806875 0.5932052578125
7 0.6426136125 0.5571507578125 0.6426136125 0.5097106296875 0.6426136125 0.453731325 0.640235925 0.3930079515625 0.627396328125 0.368339121875 0.615192446875 0.3786510140625 0.611227934375 0.44614089218749997 0.6074236234375 0.4945298078125 0.6017171359375 0.5438675125 0.604094825 0.5751779859374999 0.613605621875 0.5922564265625 0.627871840625 0.612181275 0.6426136125 0.5941540453124999 0.6426136125 0.5571507578125
7 0.633102815625 0.506864221875 0.627396328125 0.562843571875 0.6421380578125 0.5884612328125 0.6611597390624999 0.598898071875 0.6739993359375 0.58371720625 0.677328090625 0.5580995453125001 0.671621603125 0.5267890703125 0.6668662265624999 0.4850418 0.66514175 0.4014069359375 0.6630618734375 0.37308310312500004 0.6497467218749999 0.361697475 0.6388093031250001 0.370236696875 0.6350049484375 0.38636634999999997 0.6378581921875 0.41957444375 0.6378581921875 0.47460495937499997 0.633102815625 0.506864221875
5 0.70918928125 0.5723315796875 0.719175634375 0.5713827921875 0.7234554984375 0.5448163421875 0.724406609375 0.51919868125 0.7229799875 0.49547859531249994 0.7229799875 0.4546801125 0.726784340625 0.4100863921875 0.727259853125 0.371185528125 0.7077626593749999 0.3607486890625 0.6949230640625 0.374031934375 0.6908299625 0.3871844859375 0.6877899546874999 0.4233696375 0.6849367109375 0.4613217140625 0.6797058234375 0.49547859531249994 0.6739993359375 0.529635478125 0.6739993359375 0.55430435 0.6849367109375 0.5704340046875 0.6949230640625 0.5761268171875 0.70918928125 0.5723315796875
5 0.7206022562500001 0.5173010625 0.7206022562500001 0.536277121875 0.7277353640625 0.5599971640625 0.7396239375 0.565689978125 0.7581700203125 0.5580995453125001 0.7710096171874999 0.5429187234375 0.7710096171874999 0.5087618421875 0.7638765078125 0.47460495937499997 0.7586455328125 0.437601671875 0.7614725484375 0.390028975 0.7572189109374999 0.3787759171875 0.7472325578125 0.371185528125 0.7320152296875 0.370236696875 0.727259853125 0.376878340625 0.72535771875 0.39490556875 0.7206022562500001 0.4651169515625 0.7206022562500001 0.5173010625
12 0.23364869531250002 0.5410211046875 0.22366234375 0.5315330968749999 0.21177383593750002 0.5239426640625 0.20131192812499998 0.536277121875 0.1970320625 0.5609459515624999 0.19417881875 0.5941540453124999 0.187521265625 0.61502768125 0.17705935781249998 0.6368501484375 0.1761082921875 0.659621403125 0.18609464375 0.6842902765625001 0.196331865625 0.6972339109375 0.2160537015625 0.6909319203125001 0.225088965625 0.6710070734375 0.23269760781249998 0.64538936875 0.24934153593750003 0.6188229187500001 0.2564746453125 0.5846660375 0.25457248906249996 0.5533555625 0.24411058125 0.55145794375 0.23364869531250002 0.5410211046875
12 0.3325611328125 0.71085676875 0.34016979531249997 0.67954629375 0.3492050828125 0.6482357750000001 0.35158277031249996 0.6102837 0.3363654859375 0.601744478125 0.32209926875 0.58371720625 0.30497980625 0.5742291984375 0.2987977640625 0.597949240625 0.29404234375 0.6216693265625 0.2897624796875 0.6472869875 0.2769228828125 0.6947270718749999 0.27196938125000003 0.7214120765625001 0.2588523546875 0.7810681078124999 0.2645588421875 0.8047881921875 0.2878603234375 0.820917803125 0.3045042515625 0.819968971875 0.31258842656249997 0.792453734375 0.31972153593749997 0.7734777171875 0.3278057546875 0.74026958125 0.3325611328125 0.71085676875
14 0.3406453515625 0.6813403703125 0.3297078890625 0.7449101078125 0.3168682921875 0.791401403125 0.314966159375 0.8321999312499999 0.336903475 0.8508363781250001 0.3530093921875 0.793299021875 0.36299574375 0.752500540625 0.372982096875 0.6965211921875001 0.38249289375 0.6509786828124999 0.3772619625 0.626309809375 0.3572892578125 0.6196682078125 0.345400728125 0.6357978609375 0.3406453515625 0.6813403703125
14 0.41054981875 0.691777165625 0.4153051953125 0.664261928125 0.4067454640625 0.6329514546875 0.3972346671875 0.6244122328125 0.38819938125000003 0.629156215625 0.3796396515625 0.6386442671875 0.37440871875 0.6822891578125 0.37155547499999997 0.7468077265625 0.365445934375 0.79252433125 0.3615691234375 0.821763090625 0.36394681093750003 0.83409750625 0.37155547499999997 0.8464319640625 0.3834440046875 0.8435855578125 0.39200373593750004 0.8160702765625001 0.39533249062500003 0.77527179375 0.4024655984375 0.724985259375 0.41054981875 0.691777165625
8 0.44145994218749995 0.6395930562500001 0.43099803437500006 0.628207428125 0.4181584390625 0.628207428125 0.41007426406249997 0.64528586875 0.40959870781249996 0.6879819703125001 0.40968674531250004 0.79252433125 0.41007426406249997 0.8312510984375001 0.41910954843750003 0.8445343890625001 0.42814479062500005 0.8502272015625 0.43813114375 0.818916684375 0.4376556328125 0.7676813609375001 0.44003332031250003 0.7126508453125 0.44383763125 0.674698725 0.44145994218749995 0.6395930562500001
10 0.4690413109375 0.6310538343750001 0.4552506046875 0.630105046875 0.44193549687499994 0.6310538343750001 0.44003332031250003 0.6462346578125 0.44288656406250004 0.7079068187499999 0.44251057187500004 0.7839908609374999 0.44288656406250004 0.8369439125 0.45715278125000003 0.8502272015625 0.4676146890625 0.8321999312499999 0.4676146890625 0.790452615625 0.4680902015625 0.7344732671875 0.4695168234375 0.6927259968749999 0.469992378125 0.64338825 0.4690413109375 0.6310538343750001
10 0.49376939374999995 0.6329514546875 0.47617442031249996 0.629156215625 0.467139134375 0.6339002421875 0.4676146890625 0.6604666906250001 0.47105303125000003 0.762657184375 0.472370065625 0.789503828125 0.4776010421875 0.8198654718749999 0.489014015625 0.8103774640625 0.49186725937500003 0.76863015 0.49186725937500003 0.7325756921875 0.497573746875 0.689879590625 0.497573746875 0.6557227078125 0.49376939374999995 0.6329514546875
2 0.5232529390625 0.662364309375 0.5213507609375 0.6386442671875 0.5018536124999999 0.6367466484375 0.49329388124999995 0.6424394625 0.4956715703125 0.6803915375 0.5003090515624999 0.762657184375 0.506133478125 0.80278703125 0.5132665859375 0.8312510984375001 0.52420400625 0.8293535234375 0.5299104921875 0.8160702765625001 0.5284838703125 0.7838110140625 0.525155071875 0.7458588953125 0.5218263171874999 0.7022140046875001 0.5232529390625 0.662364309375
2 0.5536875078125 0.661415521875 0.5536875078125 0.6376954359375 0.548456575 0.6187194203125 0.533239290625 0.6215658265624999 0.5208752062500001 0.6339002421875 0.52372845 0.6737499375 0.5303860484375 0.7420637 0.5317057562499999 0.7541237140625 0.5346659125000001 0.8008894546875001 0.536092534375 0.8303023546875 0.5460788875 0.8350463375 0.553211996875 0.818916684375 0.553211996875 0.7838110140625 0.552736440625 0.7430124874999999 0.55130981875 0.7041116234375 0.5536875078125 0.661415521875
0 0.59315740625 0.6471834875 0.586024296875 0.6234634015625 0.572233590625 0.6101802000000001 0.561296171875 0.6168218000000001 0.553211996875 0.6471834875 0.5623888984375001 0.75981269375 0.5646249703125 0.8008894546875001 0.5646249703125 0.8426367265625 0.5736602125 0.855920015625 0.586499809375 0.838841575 0.5917307843749999 0.8008894546875001 0.5917307843749999 0.7515517093749999 0.5917307843749999 0.6936747859375 0.59315740625 0.6471834875
6 0.6602086296875 0.6395930562500001 0.656879875 0.6168218000000001 0.6492711671875 0.6149241812499999 0.6392848140625 0.6149241812499999 0.6297740171874999 0.6196682078125 0.6231164625 0.626309809375 0.6197876640625 0.6424394625 0.6231164625 0.6633130984375 0.633031484375 0.742745753125 0.64308916875 0.7828621828125 0.6487956546875 0.80183824375 0.6616352515624999 0.8132238703124999 0.669243871875 0.790452615625 0.6630618734375 0.7534493265625 0.6602086296875 0.7211900640625 0.6602086296875 0.6784939624999999 0.6602086296875 0.6395930562500001