8 0.40267032968749994 0.63212595625 0.3978111765625 0.6587870437500001 0.394774246875 0.7024143046875 0.387485571875 0.76300774375 0.3795894890625 0.8090587609375 0.3814116578125 0.8357199015625 0.39793642500000004 0.8292194265624999 0.40813683593750005 0.7981519453125 0.41421069531250004 0.7557365328125 0.420284609375 0.7254398421875 0.42575111562499995 0.696355 0.4306102140625 0.666058253125 0.42575111562499995 0.6381853171875 0.41664027187499997 0.63091410625 0.40267032968749994 0.63212595625
10 0.44640237968749996 0.6466683765625 0.4336471984375 0.6369734125 0.423928946875 0.6369734125 0.423928946875 0.6721176140625 0.42149937031249995 0.72059233125 0.41889872656250005 0.7838049625 0.4190698484375 0.80421125 0.4281806921875 0.8187536703125 0.4378988890625 0.79936385 0.4427580421875 0.76300774375 0.443972803125 0.7363466578125 0.45065407031250004 0.7012024546875 0.45308364687499997 0.663634553125 0.44640237968749996 0.6466683765625
10 0.474949671875 0.6599989484375001 0.47009057343749994 0.6345497124999999 0.45065407031250004 0.63212595625 0.443972803125 0.645456528125 0.4445802109375 0.6806006734375 0.445794971875 0.713321121875 0.44441805 0.756556284375 0.4397210578125 0.7884570359375 0.4397210578125 0.8114824609375001 0.454905815625 0.8126943656250001 0.45976491406250003 0.7848214296875 0.4646240671875 0.7508890781249999 0.469483165625 0.7145330265625 0.47252009531250005 0.6842362796875 0.474949671875 0.6599989484375001
2 0.49377876875000004 0.6539395875 0.48527527656249997 0.644244621875 0.4719127421875 0.6466683765625 0.4688757578125 0.6587870437500001 0.47009057343749994 0.713321121875 0.46902597031250004 0.7456568125 0.4628018984375 0.786033225 0.46401665937500003 0.80542315625 0.474949671875 0.8102706656249999 0.48527527656249997 0.796940040625 0.48891961406249995 0.7605839890625 0.491349190625 0.716956725 0.49377876875000004 0.679388825 0.49377876875000004 0.6539395875
2 0.487704853125 0.6551514375 0.489527021875 0.72059233125 0.48527527656249997 0.7896688296875001 0.489527021875 0.80299945625 0.49363388906249994 0.8019707484374999 0.5034969640625 0.7872451296875 0.5083561171875 0.7593721390625 0.515037384375 0.7218042359375 0.5180743140625 0.687871884375 0.522326059375 0.6599989484375001 0.5144299765625 0.6381853171875 0.49377876875000004 0.6418209218750001 0.487704853125 0.6551514375
0 0.546014253125 0.6381853171875 0.5381181703125 0.6224309906250001 0.5235408203125 0.6212191406249999 0.51564479375 0.6393971671875 0.515037384375 0.6539395875 0.51564479375 0.6757532187499999 0.516859553125 0.72059233125 0.516419 0.7710889125 0.518681721875 0.7896688296875001 0.5229334671875 0.8066350609375 0.5356886484375 0.8066350609375 0.5454068453125 0.7920926406250001 0.5472290140625 0.76179589375 0.5490511828125 0.7121092703125 0.5490511828125 0.6696938578125 0.546014253125 0.6381853171875
6 0.5697024468749999 0.6187953859374999 0.560591603125 0.6224309906250001 0.5502659999999999 0.6297022015625 0.544192084375 0.6393971671875 0.5423699156249999 0.6551514375 0.54479949375 0.686660034375 0.5508733515625 0.7557365328125 0.559255009375 0.80015416875 0.5642359406249999 0.8284486921875001 0.5763837140625 0.8236011812499999 0.584279796875 0.8066350609375 0.584279796875 0.76421959375 0.5812428671875 0.7230160859375 0.5812428671875 0.65757519375 0.5812428671875 0.6333378062499999 0.5697024468749999 0.6187953859374999
4 0.6492704640625 0.604252965625 0.6310487765625 0.5836512390624999 0.6182935953124999 0.5909224484375 0.600679315625 0.5981936609375 0.5867093750000001 0.604252965625 0.5763837140625 0.63212595625 0.5794207 0.6599989484375001 0.6000719078125 0.696355 0.6128270890625 0.71938048125 0.6303445546875001 0.769272334375 0.6541296187500001 0.7957282453125 0.67599564375 0.7872451296875 0.695432146875 0.7714908031250001 0.695432146875 0.7472534734375 0.68328431875 0.729075446875 0.6729586578125 0.689083790625 0.6614182937499999 0.647880228125 0.6492704640625 0.604252965625
6 0.584279796875 0.6018292640625 0.573346784375 0.620007290625 0.5648433484375001 0.6284903515625 0.5690950390625 0.6551514375 0.576991121875 0.6915074890625 0.5830650375 0.748465321875 0.59479978125 0.8037873265625001 0.6037162453125 0.8223892765624999 0.6201157640625 0.8223892765624999 0.6267970875 0.794516340625 0.6195084125 0.7654314984374999 0.6128270890625 0.7048380609375 0.6097901593749999 0.6345497124999999 0.604323653125 0.609100475 0.584279796875 0.6018292640625
4 0.69421733125 0.5606257015625 0.6784251640625001 0.5727444234375 0.6535222093749999 0.5860749390625 0.6462335359375 0.6066767203125 0.6419817890624999 0.6345497124999999 0.6602034765625 0.6733294640625 0.6784251640625001 0.71816863125 0.6986998875 0.7583728625 0.71972769375 0.7678551984374999 0.730053353125 0.753312778125 0.73794938125 0.7327110515624999 0.7403789015625 0.7108974203125 0.7312680578124999 0.679388825 0.71608335625 0.6284903515625 0.7094020328124999 0.5727444234375 0.69421733125 0.5606257015625
4 0.7185128765625 0.555778246875 0.7100094968749999 0.580015634375 0.704542990625 0.6115241765625 0.722764678125 0.65151583125 0.7515613437499999 0.680259984375 0.7701410656250001 0.6987787 0.78168143125 0.6830244296875 0.7859331218750001 0.647880228125 0.775607571875 0.5921343 0.7640670968750001 0.536388371875 0.747667578125 0.5266934062499999 0.728231184375 0.5412358265625 0.7185128765625 0.555778246875
14 0.38019689687499997 0.6272785015625 0.3704786453125 0.6551514375 0.367441715625 0.6939312453125 0.358330871875 0.7714908031250001 0.34800526718749997 0.8248130874999999 0.3631899703125 0.8526860234375 0.3669486734375 0.8328525828125001 0.38019689687499997 0.79936385 0.385663403125 0.76179589375 0.3935594859375 0.726651690625 0.398418584375 0.69999060625 0.40509985156250006 0.67454136875 0.40388509062500005 0.6418209218750001 0.3917373171875 0.6260665953125 0.38019689687499997 0.6272785015625
14 0.34800526718749997 0.6163716859374999 0.345575690625 0.6527277375 0.3407165921875 0.7012024546875 0.325531834375 0.7799739203125 0.323709665625 0.8248130874999999 0.339606540625 0.81287021875 0.352864365625 0.7957282453125 0.36015304062500003 0.7557365328125 0.367441715625 0.707261815625 0.3771599671875 0.67454136875 0.383841234375 0.6466683765625 0.3771599671875 0.6260665953125 0.3668343078125 0.61273608125 0.34800526718749997 0.6163716859374999
12 0.3285687640625 0.609100475 0.3103470765625 0.599405509375 0.29698454218750003 0.6115241765625 0.29759189531249997 0.6539395875 0.287266290625 0.7084736656249999 0.274511109375 0.7472534734375 0.266615025 0.7787620140625 0.2842293609375 0.8139062718750001 0.3104415984375 0.8165033765624999 0.3267465953125 0.7872451296875 0.3358574390625 0.7436178671875 0.341931353125 0.69999060625 0.3552939421875 0.668482009375 0.36015304062500003 0.645456528125 0.3559012953125 0.6272785015625 0.347397859375 0.6163716859374999 0.3285687640625 0.609100475
12 0.2483933390625 0.604252965625 0.2441416484375 0.6503039828125 0.232601228125 0.685448184375 0.227134721875 0.7254398421875 0.24231947968749998 0.7557365328125 0.2621371640625 0.7583728625 0.2811923765625 0.726651690625 0.287266290625 0.686660034375 0.301843640625 0.6587870437500001 0.307310146875 0.6224309906250001 0.29759189531249997 0.599405509375 0.2811923765625 0.5860749390625 0.256289421875 0.582439334375 0.2483933390625 0.604252965625
12 0.2186312859375 0.54487143125 0.205268696875 0.538812071875 0.1967652328125 0.5618376078125 0.1894765578125 0.6187953859374999 0.18340267187499998 0.6721176140625 0.18461743125000002 0.7024143046875 0.2001616625 0.71659155625 0.2186312859375 0.7036262109375 0.23199381875 0.6806006734375 0.236245565625 0.6612107984375 0.24960815468750003 0.63091410625 0.2587189984375 0.599405509375 0.24960815468750003 0.5727444234375 0.2338159890625 0.5618376078125 0.2186312859375 0.54487143125
3 0.5211112984375 0.620007290625 0.5211112984375 0.5957699046875 0.5174669609375 0.5509307921875 0.516859553125 0.4867017484375 0.5120004546875 0.4261083109375 0.4992452734375 0.39702346875 0.48163093906250004 0.409142190625 0.48543125 0.4368384578125 0.48163093906250004 0.495184809375 0.4810235875 0.5315408609375 0.48284575468749996 0.57153251875 0.48284575468749996 0.610312325 0.48527527656249997 0.6284903515625 0.49620828906250003 0.63212595625 0.5071413015624999 0.6333378062499999 0.5211112984375 0.620007290625
3 0.533259071875 0.6163716859374999 0.5490511828125 0.61273608125 0.549658590625 0.58849869375 0.5454068453125 0.5460832828125 0.5429773234375 0.50245601875 0.5393329859375 0.46125251250000004 0.5291786625 0.422305828125 0.518681721875 0.4115658890625 0.5120004546875 0.42853206562499996 0.5138226234375 0.48185429375 0.5138226234375 0.5303290109375001 0.5180743140625 0.580015634375 0.524148228125 0.6163716859374999 0.533259071875 0.6163716859374999
1 0.5830650375 0.4224727046875 0.5775985296874999 0.37884544375 0.5599841953125 0.367938628125 0.5565207953125 0.3896074140625 0.5490511828125 0.46731187343749997 0.5423699156249999 0.5485070375000001 0.5484438296875 0.5969817546875 0.5690950390625 0.6115241765625 0.5812428671875 0.5957699046875 0.5867093750000001 0.558202003125 0.5830650375 0.493972959375 0.5830650375 0.4224727046875
7 0.6176862437499999 0.5836512390624999 0.6201157640625 0.554566396875 0.617078834375 0.503667925 0.613434496875 0.42853206562499996 0.6079679921875 0.38126919843749996 0.5911541640625 0.384157678125 0.584279796875 0.407930284375 0.5812428671875 0.46488811874999997 0.5757763625 0.538812071875 0.5757763625 0.5606257015625 0.5800280515625 0.5872868453125 0.59582021875 0.599405509375 0.6122197375 0.6018292640625 0.6176862437499999 0.5836512390624999
7 0.6486631125 0.5327527671875 0.64684094375 0.47943053750000003 0.64684094375 0.4224727046875 0.6456261265625 0.38490480312500003 0.6340857625 0.3630911734375 0.6212305109375 0.380524521875 0.6116123296875 0.43216767031250003 0.60675323125 0.515786590625 0.600679315625 0.5630494578125 0.6073605828125 0.58971054375 0.6267970875 0.5957699046875 0.6462335359375 0.5945580546875 0.651700040625 0.5751681234375 0.6486631125 0.5327527671875
5 0.691180346875 0.5727444234375 0.6948246828125 0.5436595828125 0.691787809375 0.48185429375 0.691787809375 0.4345914265625 0.695432146875 0.39823537343750004 0.693609978125 0.3727861375 0.679032628125 0.367938628125 0.668623540625 0.3859742578125 0.6559517875 0.41762525000000006 0.64319660625 0.46125251250000004 0.6377301 0.5085153796874999 0.6346931140625001 0.538812071875 0.6395522687499999 0.5630494578125 0.6565591390625001 0.577591878125 0.6729586578125 0.580015634375 0.691180346875 0.5727444234375
5 0.750097209375 0.5109391359375001 0.747667578125 0.4527694515625 0.742808534375 0.3921760140625 0.726953425 0.3750747859375 0.7100094968749999 0.3727861375 0.7039355281249999 0.3921760140625 0.69421733125 0.473371178125 0.688750825 0.5315408609375 0.7027208218750001 0.555778246875 0.7239793828125001 0.555778246875 0.742808534375 0.536388371875 0.750097209375 0.5109391359375001
9 0.41299593437500004 0.61394793125 0.41846244062500004 0.6066767203125 0.4227141859375 0.582439334375 0.4227141859375 0.5460832828125 0.420284609375 0.4988204140625 0.41664027187499997 0.45034569687500003 0.40522765937500005 0.4132229359375 0.38627081093750004 0.4248964609375 0.38627081093750004 0.4564050578125 0.38627081093750004 0.5230578015625 0.3832338265625 0.555778246875 0.3887003328125 0.61394793125 0.3972038234375 0.6187953859374999 0.41299593437500004 0.61394793125
11 0.4500467171875 0.580015634375 0.44761714062499997 0.52548155625 0.44761714062499997 0.45882875624999997 0.4427580421875 0.42974391562500003 0.427101365625 0.43502187968749995 0.420284609375 0.4770067828125 0.4190698484375 0.516998440625 0.4190698484375 0.556990096875 0.41542551093749996 0.599405509375 0.422106778125 0.6236428968750001 0.4397210578125 0.6284903515625 0.44761714062499997 0.6212191406249999 0.4500467171875 0.580015634375
11 0.44943930937500004 0.63212595625 0.467660996875 0.6369734125 0.48588268437500004 0.6297022015625 0.4870974453125 0.6078885703125 0.4834531078125 0.5485070375000001 0.47859400937499996 0.4988204140625 0.47252009531250005 0.451557546875 0.459911925 0.41685609218749997 0.44822454843750004 0.4115658890625 0.4427580421875 0.4333795203125 0.4470097328125 0.47943053750000003 0.4470097328125 0.5266934062499999 0.4470097328125 0.5654732124999999 0.44883190156249997 0.5981936609375 0.44943930937500004 0.63212595625
13 0.279977615625 0.5678969125 0.2878736984375 0.5848630890625001 0.3060953859375 0.5909224484375 0.32188749687499996 0.5909224484375 0.3413239453125 0.578803728125 0.34010918437500004 0.5497188859375 0.3358574390625 0.513362834375 0.32796141093750003 0.4915492046875 0.323709665625 0.4370151265625 0.317732834375 0.4005068859375 0.30062887968749996 0.3836929546875 0.28301454531250003 0.39459977031250004 0.28301454531250003 0.41277779531250003 0.28665888281249996 0.4527694515625 0.28665888281249996 0.5012441703125 0.2842293609375 0.5303290109375001 0.279977615625 0.5678969125
13 0.27937020625 0.5727444234375 0.28665888281249996 0.5618376078125 0.28665888281249996 0.5230578015625 0.28665888281249996 0.47215932812499994 0.285444121875 0.4164134 0.28179978437500003 0.38490480312500003 0.266615025 0.3727861375 0.2532524921875 0.3836929546875 0.2539345234375 0.396873728125 0.2477859859375 0.45034569687500003 0.243534240625 0.4891255046875 0.23563815625 0.516998440625 0.23563815625 0.538812071875 0.23928249531249998 0.554566396875 0.2514303234375 0.5630494578125 0.2684371953125 0.57032066875 0.27937020625 0.5727444234375
13 0.249000746875 0.48306614375 0.249000746875 0.43095582187500003 0.249000746875 0.38490480312500003 0.24535640937499997 0.35824371718750003 0.227134721875 0.3497606015625 0.213832728125 0.367808471875 0.21012779374999999 0.4188371 0.197980021875 0.46488811874999997 0.18886917812499998 0.495184809375 0.1973726125 0.5279052562500001 0.21741647031250003 0.5436595828125 0.23746032499999997 0.5509307921875 0.24231947968749998 0.5303290109375001 0.249000746875 0.48306614375
15 0.3595340265625 0.6043409625 0.3716832 0.61209780625 0.38869200625 0.61209780625 0.3984113625 0.5868880937500001 0.3984113625 0.5403471125 0.3891779875 0.4860492859375 0.3823744734375 0.42690347031250003 0.37567983125 0.39134708281249997 0.3551603296875 0.3890889234375 0.35224453125 0.4181770359375 0.357104209375 0.4598699828125 0.358562109375 0.510289409375 0.358562109375 0.5403471125 0.359048090625 0.5713744484375 0.3595340265625 0.6043409625
15 0.3289181484375 0.584948871875 0.3376655421875 0.5956145265624999 0.350300696875 0.6033713734374999 0.36050598906250003 0.5946449390625 0.3663375859375 0.574283259375 0.367795484375 0.5500431359375 0.3634217875 0.5287118671875 0.3614779078125 0.4715052296875 0.358076128125 0.43078187031250004 0.34724081562500003 0.3957073625 0.340095403125 0.3900585125 0.330862028125 0.39878494531249997 0.330862028125 0.43078187031250004 0.330862028125 0.46180920625 0.3323199265625 0.4860492859375 0.331348009375 0.5287118671875 0.3289181484375 0.55779998125 0.3289181484375 0.584948871875