3 0.5465926046875 0.58193260625 0.54525408125 0.5498845140624999 0.5432462640625 0.515165790625 0.5419076796875 0.48044700625000003 0.5352149984375 0.4056681078125 0.5278529625 0.3402366109375 0.5231680984375 0.3242125640625 0.5159666421875 0.32737645 0.5024206390625 0.3295538921875 0.49572789687499996 0.377626028125 0.49706648124999997 0.47243498281249996 0.4963971890625 0.5552259046875 0.49773571250000004 0.572585265625 0.5097826125 0.592615321875 0.53320718125 0.589944628125 0.5465926046875 0.58193260625
3 0.5700171125 0.43771619843750004 0.5639936624999999 0.384302734375 0.5539545796875001 0.344242621875 0.5360518625 0.3533979890625 0.5265144390625001 0.384302734375 0.5365535218749999 0.4777763109375 0.5439154953124999 0.5672439390624999 0.5626551390625 0.5765912765625 0.5773791484374999 0.5619025484375 0.5807254890625 0.5392018578125 0.5747020390625 0.48979434531250005 0.5700171125 0.43771619843750004
1 0.6135198484375 0.49647104999999997 0.6021421796875 0.428368859375 0.6041499953125 0.34691331718749996 0.6041499953125 0.286823146875 0.5820640125 0.2694637234375 0.5782308234375 0.30535822343749996 0.5733635140625 0.37094938437499997 0.56934788125 0.46709365468749997 0.5686785890625 0.5311898359375 0.578717671875 0.5645732437500001 0.5934416812500001 0.57792659375 0.608165628125 0.5632379265624999 0.6141890796875 0.540537175 0.6135198484375 0.49647104999999997
7 0.6409599874999999 0.5311898359375 0.6456449140625 0.49513573437499997 0.6335980140624999 0.41100949687500005 0.62958238125 0.3028471921875 0.6204097843749999 0.261321771875 0.6041499953125 0.27881112343750003 0.5981265453125 0.3549253390625 0.5961187296875 0.4457282203125 0.5941109124999999 0.485788334375 0.596788021875 0.5231778140625 0.614858371875 0.53786648125 0.6335980140624999 0.5432078703125 0.6409599874999999 0.5311898359375
7 0.655683996875 0.525848446875 0.675092871875 0.5138304125 0.674423578125 0.485788334375 0.667730896875 0.429704175 0.6610381546874999 0.3749553953125 0.6485290921875 0.29334828281249997 0.638282878125 0.2654577125 0.62958238125 0.2881584625 0.6282437953125 0.384302734375 0.6228896374999999 0.44038689218749993 0.6262359796875 0.4791116890625 0.6369443546875 0.5218424359375 0.655683996875 0.525848446875
5 0.7085564625 0.5004770625 0.7246189953125 0.48311770000000004 0.7232804703125 0.4457282203125 0.7179263140625001 0.40032677968749997 0.7212726546875 0.3335599046875 0.722611178125 0.28148175625 0.709895046875 0.260116384375 0.7027591859375 0.2773350265625 0.6898168796874999 0.3015118140625 0.6824548453125 0.32154187031250003 0.6771006875000001 0.37362001718750004 0.669069421875 0.42035683593749995 0.6670616046875 0.4564109390625 0.669069421875 0.48979434531250005 0.6871397703125 0.501812378125 0.7085564625 0.5004770625
5 0.746035746875 0.46575827812500004 0.76678314375 0.4564109390625 0.775483765625 0.4256981640625 0.770129546875 0.393650075 0.7620982796875 0.3656079953125 0.7547362453125 0.32554788125 0.751967975 0.2653250859375 0.7313117375 0.24676303281249998 0.7212726546875 0.27614042968749997 0.715918496875 0.3429073046875 0.715918496875 0.40032677968749997 0.7179263140625001 0.43638088125 0.7266268109375 0.46976428906249995 0.746035746875 0.46575827812500004
15 0.375258896875 0.475105678125 0.37325108125 0.4323748703125 0.375258896875 0.3802967234375 0.3765974828125 0.33088927031250004 0.37458966562499996 0.297505803125 0.3558500234375 0.280146440625 0.35729340625 0.317368165625 0.34179530625 0.42169215312499997 0.3290791140625 0.47109966718749996 0.326402065625 0.505818390625 0.33711038125 0.5285191421875 0.3525036828125 0.53786648125 0.3632119984375 0.5285191421875 0.37458966562499996 0.5111597796875 0.375258896875 0.475105678125
15 0.36053495 0.4991417453125 0.36053495 0.5311898359375 0.36722763125 0.5432078703125 0.38462874999999996 0.5432078703125 0.3946678328125 0.52050711875 0.405376146875 0.49647104999999997 0.40202980625 0.46575827812500004 0.39667565 0.37228469999999997 0.388425496875 0.299353253125 0.380613115625 0.2908291578125 0.3739203734375 0.297505803125 0.3765974828125 0.3562606546875 0.37258185 0.404332790625 0.36856621562499997 0.455075621875 0.3632119984375 0.47243498281249996 0.36053495 0.4991417453125
9 0.41541523125 0.5659085609375001 0.423446496875 0.54721388125 0.43080853281250003 0.48712371250000003 0.43817050625 0.40967411875000004 0.43750121406250003 0.320206553125 0.424115790625 0.282817134375 0.40805325625 0.27881112343750003 0.4034894109375 0.297351596875 0.404706915625 0.34824863281249996 0.40269909843749996 0.397656084375 0.39667565 0.43771619843750004 0.387975090625 0.49647104999999997 0.38529798125000003 0.532525153125 0.393329246875 0.5632379265624999 0.398683465625 0.5752559609375 0.41541523125 0.5659085609375001
11 0.4609257828125 0.5672439390624999 0.4609257828125 0.48712371250000003 0.4662799390625 0.4070034859375 0.46694923125 0.3415719265625 0.44667263437500004 0.337384734375 0.4388397984375 0.39231475625 0.428800715625 0.4617522671875 0.424115790625 0.504483075 0.424115790625 0.5538905265625 0.43080853281250003 0.5832679828125 0.4455324796875 0.5886093109375 0.45490233281250003 0.58727399375 0.4609257828125 0.5672439390624999
11 0.49773571250000004 0.49513573437499997 0.49773571250000004 0.4524049265625 0.5010821156249999 0.377626028125 0.49706648124999997 0.3415719265625 0.483680996875 0.3242125640625 0.46575359218749995 0.34338970468749996 0.458917965625 0.4470635984375 0.45557156406250005 0.5084890843750001 0.452894515625 0.5752559609375 0.46159501406250003 0.5939506390625 0.48501958125 0.5952860171875 0.5071055656250001 0.5832679828125 0.5050977484375 0.5432078703125 0.49773571250000004 0.49513573437499997
13 0.29494623125 0.49246504062499996 0.30699313125 0.5098244015625 0.3230556640625 0.5218424359375 0.3411260140625 0.504483075 0.3384489671875 0.424362846875 0.3351996640625 0.31136319375 0.3237249578125 0.286823146875 0.2982926328125 0.2908291578125 0.2982926328125 0.32554788125 0.2969540484375 0.39231475625 0.28892278125000004 0.43504556406250006 0.285576440625 0.468428971875 0.29494623125 0.49246504062499996
13 0.23872736562500002 0.44038689218749993 0.25010503281249996 0.4737703 0.2721910171875 0.49112972343749994 0.2842379171875 0.4737703 0.2902613671875 0.4470635984375 0.2936077078125 0.40032677968749997 0.30030045 0.33890129375 0.30096968125 0.273469734375 0.28758425781249997 0.266793090625 0.2808915140625 0.2908291578125 0.27085243124999997 0.3335599046875 0.262821165625 0.3616019828125 0.250774265625 0.390979440625 0.23872736562500002 0.41902152031249995 0.23872736562500002 0.44038689218749993
13 0.2420737671875 0.428368859375 0.256797715625 0.390979440625 0.2721910171875 0.3429073046875 0.2849071484375 0.292164475 0.28691496562499996 0.2641223953125 0.2802222828125 0.2440923390625 0.27393974375 0.259320115625 0.256797715625 0.27881112343750003 0.2300268359375 0.3015118140625 0.21128722500000002 0.314865225 0.1999095875 0.3429073046875 0.199240325 0.37362001718750004 0.20927940781249998 0.41368013125 0.22467264843749998 0.43103955312500003 0.2420737671875 0.428368859375
10 0.47832683906250006 0.619322084375 0.4736419140625 0.5952860171875 0.45691014843750005 0.5886093109375 0.4428554328125 0.5939506390625 0.4388397984375 0.630004740625 0.44064706875 0.697682978125 0.435493396875 0.74617906875 0.4368319828125 0.7795625375 0.4462017734375 0.8102752499999999 0.46226430625 0.800927971875 0.46494141562499997 0.7755565265625 0.471634096875 0.7114603453125 0.47431120625 0.6620528328125 0.47832683906250006 0.619322084375
10 0.4883659234375 0.5886093109375 0.477657546875 0.592615321875 0.4749804984375 0.6380167640625001 0.4707748984375 0.715697890625 0.4609257828125 0.7568618484375 0.4662799390625 0.7942512046875 0.48903521562499996 0.7942512046875 0.49706648124999997 0.7368317296875 0.5024206390625 0.6887595937500001 0.5097826125 0.630004740625 0.5077747968749999 0.596621334375 0.4883659234375 0.5886093109375
2 0.5372228156250001 0.619322084375 0.5311993640625 0.6019626625 0.518483171875 0.6006273453125 0.5024206390625 0.6059686734375 0.5019069890625001 0.6896763499999999 0.5010821156249999 0.7221430015625 0.4997435296875 0.758197103125 0.5071055656250001 0.7849039265625 0.5204909890625 0.76887988125 0.5238373296875001 0.7448438140625 0.5291915484375 0.696771615625 0.5358842296875 0.6607175140625 0.5372228156250001 0.619322084375
2 0.54525408125 0.59795665 0.5325378890625 0.6019626625 0.5325378890625 0.630004740625 0.53103055625 0.733712803125 0.5311993640625 0.7768919046875 0.5352149984375 0.791580571875 0.5492697140625 0.7795625375 0.5599780296875 0.7114603453125 0.5666707718749999 0.6593821984375 0.5673400656250001 0.6273341078125 0.560647321875 0.6059686734375 0.54525408125 0.59795665
0 0.5907645718750001 0.6113100625000001 0.5867489390625 0.58727399375 0.568009296875 0.58193260625 0.560647321875 0.60463335625 0.5566316890625 0.6326754359375 0.5613166140625 0.700777628125 0.5661796921875 0.7577326859375 0.5740327453125 0.79024519375 0.5834025984375 0.8089399937499999 0.6001343625 0.8089399937499999 0.6048192890624999 0.778227159375 0.6048192890624999 0.73282571875 0.6008036546875 0.6994423109375 0.596788021875 0.6513701765625 0.5907645718750001 0.6113100625000001
6 0.6248974546875 0.59128000625 0.6095042140625 0.5832679828125 0.5934416812500001 0.596621334375 0.5887567546875 0.630004740625 0.6001343625 0.6794122546875 0.6108427390625 0.74617906875 0.6224183062499999 0.7697426265625 0.6335980140624999 0.8169520171875 0.6516683640625 0.8222932843749999 0.655683996875 0.7969219609375 0.65367618125 0.7555264703125 0.643637096875 0.727484390625 0.63560583125 0.6834182656250001 0.6309209046875 0.6273341078125 0.6248974546875 0.59128000625
6 0.65969963125 0.5739205828125 0.638952171875 0.5605672328125 0.6215511140625 0.5672439390624999 0.619543296875 0.599292028125 0.6262359796875 0.6513701765625 0.6635930078125 0.761736 0.674423578125 0.791580571875 0.69584033125 0.791580571875 0.697848146875 0.7608678578125 0.6884782953124999 0.7341610359375 0.6771006875000001 0.6954363 0.6697387140625 0.6567115046875001 0.6650537875 0.6113100625000001 0.65969963125 0.5739205828125
4 0.667730896875 0.5311898359375 0.6456449140625 0.535195846875 0.6469834375 0.5846033 0.6576918140625 0.6059686734375 0.6697387140625 0.6513701765625 0.675092871875 0.700777628125 0.6864704781250001 0.738167046875 0.6998559640625001 0.7702151359375 0.7138060578125 0.7697426265625 0.7346580781250001 0.7608678578125 0.7453664546875001 0.71947236875 0.721941946875 0.6340107515625 0.7145799109375 0.6059686734375 0.7152492046875001 0.5632379265624999 0.7072179375000001 0.5338604703125001 0.6898168796874999 0.519171803125 0.667730896875 0.5311898359375
4 0.751389903125 0.48311770000000004 0.7346580781250001 0.48311770000000004 0.7199341296874999 0.49780636874999995 0.7052101203125 0.5124950968750001 0.6965095625 0.525848446875 0.69584033125 0.5659085609375001 0.716587728125 0.613980696875 0.733988846875 0.6593821984375 0.75598501875 0.695681321875 0.7741451796875001 0.71546635625 0.80292384375 0.6927656046874999 0.800246796875 0.6486994796875 0.79556193125 0.623328096875 0.7748144109374999 0.603298040625 0.7614290484375 0.589944628125 0.7580826468749999 0.527183825 0.751389903125 0.48311770000000004
4 0.770129546875 0.49647104999999997 0.7554055984375 0.5432078703125 0.7594212312499999 0.6019626625 0.776822228125 0.6259987296875 0.8152364171875 0.6736630953125 0.8370567265625001 0.6714002328124999 0.85111144375 0.6313401187500001 0.845757346875 0.5886093109375 0.83170263125 0.5699145718749999 0.8236713640625 0.53786648125 0.8143015124999999 0.49647104999999997 0.7902077125 0.475105678125 0.770129546875 0.49647104999999997
8 0.4134074140625 0.5859386171875001 0.40872254999999996 0.6059686734375 0.4060454390625 0.6647235265625 0.3946678328125 0.76887988125 0.40269909843749996 0.81962265 0.41152350000000004 0.8137790796875001 0.422777265625 0.7942512046875 0.429469946875 0.747514446875 0.434824165625 0.696771615625 0.4428554328125 0.654040809375 0.4462017734375 0.615316075 0.44084761562499997 0.5886093109375 0.42813142343750005 0.572585265625 0.4134074140625 0.5859386171875001
14 0.3980141734375 0.5672439390624999 0.381951640625 0.5739205828125 0.375928190625 0.60863936875 0.36856621562499997 0.6580468203125001 0.363881290625 0.7181369906249999 0.3545115 0.7662091265625001 0.34915728125 0.7969219609375 0.363318971875 0.809775765625 0.3786053 0.787574559375 0.387305796875 0.7515204578125 0.3946678328125 0.71546635625 0.400021990625 0.6767415609375 0.4073839640625 0.6473641640625 0.41474599999999995 0.6179867078125 0.41206889062499996 0.58727399375 0.3980141734375 0.5672439390624999
14 0.37124326406249997 0.5632379265624999 0.356519315625 0.5592319156250001 0.34179530625 0.5739205828125 0.33309474843750003 0.60463335625 0.3351025640625 0.6380167640625001 0.3290791140625 0.6927656046874999 0.3083317171875 0.76887988125 0.3076624234375 0.7969219609375 0.3271655765625 0.8017691375 0.3411260140625 0.7795625375 0.3504958671875 0.747514446875 0.36120418125 0.7127956625 0.3665584 0.6727355484374999 0.37258185 0.6420227749999999 0.38462874999999996 0.6126453781250001 0.38529798125000003 0.58193260625 0.37124326406249997 0.5632379265624999
12 0.31636298281249997 0.5298544578125 0.3063239 0.5298544578125 0.28758425781249997 0.5432078703125 0.28758425781249997 0.5886093109375 0.27620665 0.6460287859375 0.25880553125 0.6794122546875 0.2487664484375 0.707454334375 0.247427925 0.7435084359374999 0.268175384375 0.7622031140625001 0.2859908765625 0.7777492546875 0.3056546078125 0.747514446875 0.3210478484375 0.70211294375 0.3324255171875 0.663388209375 0.33644115 0.630004740625 0.3504958671875 0.5939506390625 0.3525036828125 0.5552259046875 0.32974840781250003 0.53786648125 0.31636298281249997 0.5298544578125
12 0.2969540484375 0.525848446875 0.283568625 0.505818390625 0.26081334843750004 0.4844530171875 0.241404475 0.49112972343749994 0.235381025 0.5338604703125001 0.229357575 0.58193260625 0.213295040625 0.6246634125 0.2005788484375 0.6513701765625 0.190539765625 0.674070865625 0.193216875 0.7047836390625 0.20927940781249998 0.723478378125 0.22071391093749998 0.7136962328124999 0.2340424703125 0.7047836390625 0.2514435578125 0.6834182656250001 0.25947482499999996 0.6580468203125001 0.268844615625 0.6246634125 0.283568625 0.6006273453125 0.29494623125 0.58193260625 0.30163897500000003 0.552555209375 0.2969540484375 0.525848446875
12 0.217310675 0.4764409953125 0.1985710328125 0.4777763109375 0.183847053125 0.5004770625 0.1744772328125 0.527183825 0.154399065625 0.5592319156250001 0.142352165625 0.59795665 0.1634710359375 0.6316283015625 0.1805006828125 0.6500347984375 0.201917403125 0.6353461296875 0.2179799359375 0.619322084375 0.241404475 0.60463335625 0.244081584375 0.5592319156250001 0.235381025 0.5231778140625 0.229357575 0.48712371250000003 0.217310675 0.4764409953125