13 0.2873119234375 0.5330171046875 0.29252664375 0.5064279953125 0.2873119234375 0.4717465015625 0.28383544375 0.433596859375 0.278620725 0.3827306515625 0.27398543750000004 0.35036127499999997 0.26065892343749997 0.3341765609375 0.2461736015625 0.336488678125 0.2334720859375 0.35599397499999996 0.23052944375 0.40469557968750003 0.22067941093750001 0.4532496703125 0.21198821250000002 0.4983356109375 0.21894117031250002 0.5364852546875001 0.23690297187499998 0.5561381171875001 0.25138832031249997 0.5653865328125 0.2705089578125 0.553826 0.2873119234375 0.5330171046875
15 0.39624164687499996 0.505271909375 0.3881298265625 0.441689190625 0.391026928125 0.367702021875 0.3811768671875 0.3237721140625 0.3655327109375 0.3307084125 0.356930459375 0.3525281609375 0.35220622343749997 0.4312847421875 0.3475709359375 0.47405856718750006 0.34525326562499997 0.514520325 0.3423562171875 0.5596062671875 0.3580003734375 0.5734788640625 0.3753827703125 0.5746348968749999 0.3898680671875 0.5515139359375001 0.39624164687499996 0.505271909375
9 0.385812209375 0.5781030453125 0.3921857375 0.597755909375 0.4066710859375 0.597755909375 0.4176799015625 0.58157119375 0.4240534828125 0.5434215515624999 0.4234740515625 0.4913993125 0.420577003125 0.441689190625 0.41420342187500003 0.3873548328125 0.4082265453125 0.3351990921875 0.398559265625 0.321459996875 0.3887092578125 0.339956828125 0.3863915875 0.38504276875 0.3811768671875 0.441689190625 0.3811768671875 0.4971795796875 0.3817562984375 0.5445776375 0.385812209375 0.5781030453125
11 0.45881827656249996 0.566542565625 0.45823884687499994 0.5156763578125 0.45823884687499994 0.428972625 0.45650060625 0.376950384375 0.443753496875 0.3607657234375 0.431701025 0.38025467343749997 0.4263711 0.44515734062499995 0.4182593328125 0.4971795796875 0.415362284375 0.5445776375 0.415362284375 0.5804151625 0.4188387640625 0.605848240625 0.44317412031250003 0.6081603578125 0.45650060625 0.5989119406250001 0.45881827656249996 0.566542565625
11 0.45476236718749996 0.6081603578125 0.473883003125 0.6139406234375 0.493003640625 0.603536175 0.4999566 0.58850749375 0.498797790625 0.553826 0.4964801203125 0.5122082078125 0.4959006890625 0.4775267140625 0.4942996359375 0.4010495578125 0.487209490625 0.3688580546875 0.46982709375000004 0.37001408750000003 0.46635061406249995 0.39775928125000004 0.461715325 0.43706500937500004 0.4530241265625 0.5341731890625 0.4530241265625 0.5769470140624999 0.45476236718749996 0.6081603578125
3 0.541674353125 0.5653865328125 0.541674353125 0.527236890625 0.547468503125 0.45671781874999995 0.5538420312500001 0.3861988 0.546309640625 0.3642338734375 0.529506675 0.37001408750000003 0.513426990625 0.3837204875 0.50575075 0.4486254890625 0.5022742703125 0.49371142968750004 0.4901065921875 0.5688546828125001 0.4959006890625 0.5989119406250001 0.5132830859374999 0.6081603578125 0.5324037234375 0.605848240625 0.541674353125 0.6000680265625 0.541674353125 0.5653865328125
3 0.5781773859375 0.5827272796875 0.5781773859375 0.538797371875 0.581074434375 0.4971795796875 0.58339210625 0.43590892343750004 0.5862891546875 0.3827306515625 0.581074434375 0.3480491578125 0.56427146875 0.34689312656250004 0.5551593984375 0.3715901390625 0.5480478796875 0.411631878125 0.541674353125 0.472902534375 0.5376184421875 0.523768740625 0.5376184421875 0.566542565625 0.5387773046875 0.594287759375 0.551524359375 0.5989119406250001 0.5683273796874999 0.603536175 0.5781773859375 0.5827272796875
1 0.5978774546875 0.6081603578125 0.611203940625 0.5896635781249999 0.6141009890625 0.566542565625 0.6141009890625 0.530705040625 0.61236275 0.48908724843750007 0.6198951390625 0.405851665625 0.62337161875 0.35845360625 0.622212809375 0.3272402625 0.611203940625 0.312211634375 0.600774503125 0.3249281453125 0.59515295625 0.3455965328125 0.586868584375 0.40469557968750003 0.5822332968749999 0.43590892343750004 0.5793361953125 0.47405856718750006 0.5752803375 0.50989614375 0.5729626671875 0.538797371875 0.5712244281250001 0.571166746875 0.577018578125 0.597755909375 0.5978774546875 0.6081603578125
7 0.600774503125 0.517988475 0.6036715515625 0.5434215515624999 0.610624509375 0.5734788640625 0.622212809375 0.58850749375 0.6390157765625 0.5827272796875 0.6500246453125 0.5642304484375 0.6500246453125 0.5422655203125 0.6453893046875 0.5122082078125 0.6453893046875 0.4775267140625 0.6453893046875 0.4278165921875 0.6525350171875 0.3715901390625 0.6558187421875 0.345737040625 0.6436510640625001 0.336488678125 0.6274275296875 0.345737040625 0.6204745703125 0.3723262046875 0.6141009890625 0.425504475 0.606568653125 0.48446301406250003 0.600774503125 0.517988475
5 0.7693838078125 0.48330698125 0.7688043234374999 0.4220363265625 0.7757572828125 0.3908229828125 0.7659073281250001 0.3642338734375 0.7481717859375 0.39931665 0.735198390625 0.44284522343750005 0.7265071921875 0.4705904171875 0.7201336109375001 0.499491696875 0.718395371875 0.535329221875 0.7323012890625 0.5653865328125 0.760113125 0.5700107140624999 0.7693838078125 0.530705040625 0.7693838078125 0.48330698125
6 0.6459687359374999 0.6139406234375 0.6326422484374999 0.5989119406250001 0.61757746875 0.602380090625 0.600195071875 0.6220329546875 0.600195071875 0.6578704796875 0.6100451328125 0.691395940625 0.6229745609374999 0.7406993296875 0.6384363453125 0.8023767718749999 0.651762884375 0.8127812203125 0.6604540828125 0.798908621875 0.6598746531249999 0.7561347453125 0.653501125 0.7122048359375001 0.6500246453125 0.6809914921875 0.6500246453125 0.6463099984375 0.6459687359374999 0.6139406234375
6 0.5920833046875 0.6093163890625 0.5787568171874999 0.6220329546875 0.5747009078125 0.664806778125 0.577018578125 0.6925519734375001 0.5864587046875 0.7337677015625 0.5955597828125 0.8000646015624999 0.60714803125 0.8266538171875 0.62337161875 0.8150932828125 0.6262686671875 0.761914959375 0.6193157078125 0.70064435625 0.6146804203125 0.6451539671875001 0.60714803125 0.6139406234375 0.5920833046875 0.6093163890625
0 0.5694861875 0.6312813703125 0.5550008390625 0.6312813703125 0.5422537828125 0.64399788125 0.5381978734375 0.664806778125 0.54515083125 0.7029564203125 0.56385365 0.7753574703125 0.5741214765625 0.8150932828125 0.5857097765625 0.8370582640625001 0.5978774546875 0.833590115625 0.600774503125 0.8104690484375 0.5920833046875 0.75382268125 0.582812675 0.6844596421875 0.5787568171874999 0.6393737015625 0.5694861875 0.6312813703125
10 0.47504181250000005 0.6694310125 0.4790977234375 0.633593434375 0.4785182921875 0.6139406234375 0.4675094765625 0.605848240625 0.4530241265625 0.602380090625 0.43969764062500005 0.610472475 0.43969764062500005 0.6405297328125 0.4447424015625 0.692177934375 0.44491235937500007 0.7260774859375 0.44491235937500007 0.758446809375 0.4472299765625 0.77578755625 0.464032996875 0.7838799390625 0.47156533281249996 0.7746315765625 0.47504181250000005 0.7457302984374999 0.47504181250000005 0.7087366875 0.47504181250000005 0.6694310125
10 0.5011154078125 0.610472475 0.48952716093750004 0.6093163890625 0.476200675 0.6093163890625 0.4727241953125 0.620876921875 0.4733035734375 0.660182596875 0.4733035734375 0.70989271875 0.4733035734375 0.7480423609375 0.473883003125 0.7780997265625 0.48894772968750005 0.780411790625 0.4964801203125 0.75960289375 0.4999566 0.7237653171875 0.5016948390625 0.6856156734375001 0.5063301265625 0.6405297328125 0.5011154078125 0.610472475
2 0.527768434375 0.6705870453125 0.5318243453125 0.632437403125 0.523712525 0.6162526875000001 0.5045918875 0.6127845375 0.49821835937500003 0.6231889859375 0.5029938875 0.70084246875 0.4999566 0.7237653171875 0.5005360296875 0.7480423609375 0.5040125093750001 0.76307104375 0.5138625171875 0.7572908296875001 0.517918428125 0.7549786593750001 0.522553715625 0.7422621484375 0.523133146875 0.7122048359375001 0.527768434375 0.6705870453125
2 0.54515083125 0.605848240625 0.529506675 0.5989119406250001 0.5213949062500001 0.6081603578125 0.5219742843749999 0.64284185 0.52820721875 0.71643863125 0.527768434375 0.761914959375 0.5376184421875 0.789660153125 0.5532625999999999 0.7769436421875 0.5561597015624999 0.736481934375 0.5550008390625 0.70411250625 0.557897940625 0.6451539671875001 0.5555802703125 0.6185648046875001 0.54515083125 0.605848240625
8 0.4466506 0.6763673109375 0.4478094078125 0.6393737015625 0.4373799703125 0.6139406234375 0.4240534828125 0.61162850625 0.409568134375 0.6185648046875001 0.4066710859375 0.6544023296875 0.40300999375 0.7060411890625 0.3997181265625 0.7549786593750001 0.3997181265625 0.7850360249999999 0.409568134375 0.8150932828125 0.42695053125 0.8070009 0.4373799703125 0.7850360249999999 0.44027701874999997 0.7549786593750001 0.44317412031250003 0.714516953125 0.4466506 0.6763673109375
14 0.404353415625 0.7018003890625 0.410147565625 0.67752334375 0.414782853125 0.6544023296875 0.41362404531249997 0.6278132203125 0.40319460625000003 0.6185648046875001 0.3881298265625 0.6093163890625 0.3765415796875 0.6150966546875 0.3701680515625 0.6278132203125 0.3684298125 0.661338628125 0.3684298125 0.6983322390625 0.37171068749999997 0.7406993296875 0.3695886203125 0.7746315765625 0.36727095 0.8023767718749999 0.3771210109375 0.8208734968750001 0.38928868906249997 0.8081569859375 0.39740045625 0.7908162390625 0.4014563671875 0.7607589796875 0.403773984375 0.7249214015625001 0.404353415625 0.7018003890625
14 0.374223909375 0.7110488046875 0.374223909375 0.67752334375 0.3887092578125 0.6312813703125 0.385232778125 0.602380090625 0.3730651 0.5908196109375 0.3568415125 0.5873514609375 0.3469915046875 0.5954437921875 0.3359826359375 0.603536175 0.3336650171875 0.633593434375 0.3400385453125 0.6717430765625 0.33954195625 0.7597613062499999 0.3354032578125 0.789660153125 0.3307679171875 0.8139371984375 0.33945911562500003 0.8382142437500001 0.350467984375 0.8266538171875 0.3568415125 0.8127812203125 0.3626356625 0.7838799390625 0.36785038124999997 0.7561347453125 0.374223909375 0.7110488046875
12 0.337720875 0.6659628625 0.34409445625 0.6278132203125 0.3481503140625 0.5954437921875 0.3411973546875 0.571166746875 0.3290296765625 0.5688546828125001 0.3116472796875 0.57925913125 0.2896295953125 0.5723228328125 0.2815178265625 0.5781030453125 0.2745648671875 0.597755909375 0.2768824859375 0.6266571359374999 0.28035896562499996 0.661338628125 0.278620725 0.7029564203125 0.27433506875 0.74416514375 0.278041346875 0.798908621875 0.2948443140625 0.8127812203125 0.3162826203125 0.8150932828125 0.32497381875000003 0.7942843875000001 0.3307679171875 0.76653919375 0.3359826359375 0.7376379140625 0.337720875 0.6983322390625 0.337720875 0.6659628625