2 0.5352601484374999 0.5379246625 0.5235655703125001 0.5262581046875 0.5095320546875 0.5309247171875 0.5019305484375 0.54492460625 0.5036847375 0.5939242203124999 0.5032365875 0.630340059375 0.497252728125 0.684923503125 0.503099990625 0.709423309375 0.5188876953125 0.7035900578125001 0.5241502640625 0.680256890625 0.5276586437499999 0.64175719375 0.5299975796874999 0.6044241375 0.5352601484374999 0.571757746875 0.5352601484374999 0.5379246625
2 0.5662508109375 0.5577578562500001 0.56508136875 0.5355913828125 0.551047853125 0.5309247171875 0.5358448953125 0.5355913828125 0.531167021875 0.5530912453125 0.5346754 0.57992433125 0.534823090625 0.62684244375 0.5299975796874999 0.6779235578125 0.5305823281250001 0.7035900578125001 0.5411074640625 0.7280898640625 0.556310421875 0.7105900015625 0.558649359375 0.6732569453125 0.561572990625 0.633590609375 0.56508136875 0.5985908859375 0.5662508109375 0.5577578562500001
0 0.5989957171875 0.578757690625 0.5931484015625 0.5484245796875 0.5832080109375 0.5274247453124999 0.5703439375 0.5309247171875 0.5621577375 0.5659244421875 0.561572990625 0.6009241656250001 0.5633271796875 0.649923778125 0.5611451749999999 0.7020411796875 0.5685897484375 0.74792300625 0.5761912546875 0.775922784375 0.5884705796875 0.7700895328125 0.5954873375 0.74675641875 0.5989957171875 0.7187565874999999 0.5989957171875 0.67209030625 0.5989957171875 0.625423971875 0.5989957171875 0.578757690625
6 0.637587884375 0.5729243859375 0.6288169375 0.5530912453125 0.6136139265625 0.5437579671874999 0.603088790625 0.5577578562500001 0.5954873375 0.57059110625 0.597826221875 0.6044241375 0.597826221875 0.667423640625 0.60150570625 0.7160316421874999 0.606012475 0.743256446875 0.61127504375 0.7619228953125 0.62940163125 0.7689228390625 0.6329100109375 0.73858978125 0.6270627484375 0.714089975 0.6299863796875 0.65925705625 0.637587884375 0.620757359375 0.637587884375 0.5729243859375
6 0.6744258640624999 0.5915909421875 0.664485421875 0.5612578296875 0.65045190625 0.5507579125000001 0.637587884375 0.5554245250000001 0.6323253171875 0.57992433125 0.633494759375 0.6219239984375 0.6418662375 0.7037899875 0.6469435265625 0.74792300625 0.651036653125 0.7700895328125 0.664485421875 0.7782561703125 0.6726716749999999 0.759589615625 0.6726716749999999 0.7245898921875 0.6726716749999999 0.6825902234375001 0.67325636875 0.64175719375 0.6744258640624999 0.5915909421875
4 0.7276362421875 0.5904242484375 0.7293904312499999 0.5635911625000001 0.7217889796875 0.5472579390625001 0.709509653125 0.5437579671874999 0.6943066421874999 0.5437579671874999 0.676180053125 0.5437579671874999 0.661561790625 0.5694244125 0.6691632953125 0.6067574703124999 0.676180053125 0.6487571390625 0.6804719625 0.7090364109375 0.6861204421875 0.74675641875 0.6995692109375 0.759589615625 0.7241278624999999 0.759589615625 0.7405003703124999 0.7444230328125 0.739330875 0.7024233640624999 0.7328988109375 0.6685903343749999 0.7270515484375 0.6370905828125 0.7276362421875 0.5904242484375
4 0.7802619265625 0.532091409375 0.76272003125 0.5297580765625 0.7539490843750001 0.5379246625 0.736991990625 0.532091409375 0.7247126640625 0.5472579390625001 0.7241278624999999 0.5775910515625 0.7311446203124999 0.618424028125 0.7416697578125 0.667423640625 0.750664190625 0.7055387953125 0.7633048328125 0.7245898921875 0.787278684375 0.717589946875 0.80072750625 0.700090084375 0.7954649375 0.65459044375 0.7902023687499999 0.6195907203125001 0.7884481796875 0.5775910515625 0.7902023687499999 0.554257884375 0.7802619265625 0.532091409375
4 0.7913718640625 0.6032574984375 0.7849398 0.625423971875 0.798973315625 0.6872568343750001 0.813837196875 0.7020411796875 0.8352266015625001 0.7210899203125 0.8609546421875001 0.6942567796875 0.870310390625 0.64175719375 0.8556920734375 0.6032574984375 0.837565484375 0.5729243859375 0.8299640328125 0.5402579953125 0.8071595703125001 0.5460913 0.7913718640625 0.6032574984375
10 0.456321621875 0.5180915203125 0.44521173750000004 0.5379246625 0.444042296875 0.5892576078125 0.43994916875 0.6359238890625 0.4374313734375 0.658320984375 0.438779728125 0.6954234203125 0.4498896125 0.701256725 0.4621689390625 0.6930901406250001 0.464507821875 0.6650903609375 0.4762024546875 0.609090803125 0.48088027499999997 0.5530912453125 0.47386351718749997 0.52159149375 0.456321621875 0.5180915203125
10 0.502515296875 0.5297580765625 0.48789703281249996 0.5274247453124999 0.47386351718749997 0.5379246625 0.472109328125 0.5729243859375 0.4686009484375 0.6195907203125001 0.46463086249999996 0.6460793296875 0.4598300015625 0.680256890625 0.4656773171875 0.6989233921875 0.4826344640625 0.701256725 0.489651221875 0.6814235296875 0.49842217031249997 0.6359238890625 0.506023675 0.5915909421875 0.508362559375 0.5484245796875 0.502515296875 0.5297580765625
8 0.44872011718750004 0.5775910515625 0.4469659265625 0.536758021875 0.439364475 0.5145915484375 0.42416146406250005 0.5134248546875 0.40661957031249996 0.5402579953125 0.40545012812500003 0.57992433125 0.40077230625000004 0.649923778125 0.3997030515625 0.69679475625 0.39434024375 0.7362565015625 0.39550973906250003 0.7665895609375 0.40720431718750005 0.775922784375 0.4165600125 0.7619228953125 0.42416146406250005 0.7245898921875 0.4329324109375 0.6790902515624999 0.4405339171875 0.620757359375 0.44872011718750004 0.5775910515625
14 0.40661957031249996 0.5530912453125 0.3990181171875 0.5297580765625 0.3873234859375 0.525091465625 0.3738747171875 0.5437579671874999 0.37153577968749996 0.5635911625000001 0.367239146875 0.7090364109375 0.358671759375 0.7315898375 0.363934328125 0.7619228953125 0.3785525375 0.7572563375 0.392586053125 0.7222566125000001 0.397263928125 0.6860901953125 0.40661957031249996 0.633590609375 0.41129744375 0.584590996875 0.40661957031249996 0.5530912453125
14 0.3382061796875 0.5344246890625 0.331189421875 0.554257884375 0.330604728125 0.6102574421875 0.3265116015625 0.6662570015625 0.32424640625 0.6985435640625 0.3241726640625 0.7502563921875 0.34229930625 0.74675641875 0.3522396953125 0.7105900015625 0.3651037703125 0.6475904984375 0.369781590625 0.5985908859375 0.37153577968749996 0.554257884375 0.3569175703125 0.5355913828125 0.3382061796875 0.5344246890625
12 0.2762248546875 0.578757690625 0.26745388124999997 0.6650903609375 0.2621913125 0.7117566421875 0.2727164484375 0.739756475 0.2984445703125 0.7490896984375001 0.3110853640625 0.7405149515625 0.3206642859375 0.701256725 0.322418475 0.658090415625 0.33001998125 0.6020908578124999 0.3382061796875 0.5659244421875 0.328265790625 0.5227581328124999 0.2984445703125 0.5227581328124999 0.277394296875 0.5297580765625 0.2762248546875 0.578757690625
12 0.2592676546875 0.50875824375 0.244064696875 0.50875824375 0.22710752343750001 0.50875824375 0.218921296875 0.516924828125 0.2165823859375 0.5822576625 0.2165823859375 0.6219239984375 0.2113198171875 0.6627570281249999 0.2124892859375 0.6930901406250001 0.2247686125 0.714089975 0.2417705390625 0.71078521875 0.252250896875 0.6977567515625 0.2580982125 0.6650903609375 0.2598524015625 0.62892394375 0.2692080703125 0.596257553125 0.2791484859375 0.57059110625 0.28207211718749997 0.5332580499999999 0.274470665625 0.512258215625 0.2592676546875 0.50875824375
12 0.1698039921875 0.5344246890625 0.1347202015625 0.567091134375 0.12770344375 0.6160907484375 0.13822858124999998 0.6522571109374999 0.1616177921875 0.674423584375 0.18500697500000002 0.65925705625 0.20781143906250002 0.651090471875 0.22067548593750003 0.6324239171875 0.2218449546875 0.5915909421875 0.21950604375 0.5600911890625 0.210735096875 0.5297580765625 0.18910007499999998 0.5145915484375 0.1698039921875 0.5344246890625
13 0.2247686125 0.368759346875 0.2177518546875 0.332592984375 0.20254887031250002 0.3162597625 0.1885153546875 0.332592984375 0.18386195 0.3417867671875 0.187930634375 0.403759071875 0.1791596859375 0.4469253796875 0.18208331718749998 0.48075846406249995 0.20079468125000002 0.49592499375 0.21541291718750002 0.5099248828125 0.22769224375000002 0.477258490625 0.22769224375000002 0.4235922671875 0.2247686125 0.368759346875
13 0.2692080703125 0.33492626406250003 0.26102184375 0.3057598453125 0.242895228125 0.31042645625 0.23475131562499998 0.3522796140625 0.23003118125 0.41192565625000005 0.22359914375 0.4644252421875 0.23003118125 0.500591659375 0.2598524015625 0.5134248546875 0.269792790625 0.5017582984375 0.2738859171875 0.463258603125 0.272131728125 0.41542562812500006 0.2692080703125 0.33492626406250003
13 0.30896970625 0.3559260984375 0.302537696875 0.30692648437500003 0.2844110546875 0.3034265109375 0.2716022359375 0.32429868906250003 0.2703775390625 0.403759071875 0.272131728125 0.4760918515625 0.272131728125 0.512258215625 0.3066307703125 0.5145915484375 0.3241726640625 0.5075916031250001 0.3270963484375 0.47959182343749995 0.3230032234375 0.42709223906249993 0.30896970625 0.3559260984375
15 0.3183254015625 0.5145915484375 0.331189421875 0.52159149375 0.347561875 0.5145915484375 0.3516550015625 0.483091796875 0.34463824375 0.4294255171875 0.3428840546875 0.3664260140625 0.334775240625 0.312057034375 0.3317741703125 0.295259928125 0.314232275 0.295259928125 0.314232275 0.3337596234375 0.31657121250000003 0.40725904375 0.3154017171875 0.4539253234375 0.313647528125 0.49009174062499994 0.3183254015625 0.5145915484375
15 0.3738747171875 0.523924771875 0.3843998546875 0.5064249109375 0.3873234859375 0.48425843593750006 0.3843998546875 0.4679252140625 0.37679834843750004 0.4364254625 0.3662732125 0.39442579375000003 0.3580870125 0.3302596515625 0.35048550624999997 0.29875989999999997 0.3426718671875 0.305061803125 0.339375675 0.35359281875000004 0.3458076859375 0.41425898749999995 0.3458076859375 0.46092526874999995 0.34405349687500003 0.4924250203125 0.3510702546875 0.512258215625 0.3621801390625 0.523924771875 0.3738747171875 0.523924771875
9 0.38381510625000004 0.49009174062499994 0.38849298125 0.512258215625 0.40252649687500003 0.52159149375 0.41422107500000005 0.512258215625 0.41948364375 0.47142518593749994 0.4165600125 0.4422587671875 0.4095432546875 0.38742584999999996 0.4042806859375 0.3384262359375 0.39083186406250003 0.313926428125 0.3804001890625 0.28232730156249997 0.37153577968749996 0.25909353749999997 0.36042595 0.2672601484375 0.3592564546875 0.295259928125 0.366857959375 0.344259540625 0.377383096875 0.428258878125 0.37796784375 0.45509201718750003 0.38381510625000004 0.49009174062499994
11 0.42182258125 0.500591659375 0.439364475 0.50409163125 0.45924525312500003 0.48775840937500003 0.4545674328125 0.4469253796875 0.45281324375 0.3979257671875 0.4405339171875 0.3337596234375 0.423392928125 0.2998153796875 0.4130516328125 0.2870933421875 0.40311119062499995 0.290593315625 0.3996028109375 0.3185930953125 0.407789065625 0.35825943125 0.4165600125 0.42475890625 0.4165600125 0.47142518593749994 0.42182258125 0.500591659375
11 0.45339799062499997 0.49009174062499994 0.46275363281250004 0.5064249109375 0.4785413375 0.5145915484375 0.49199015937499996 0.5099248828125 0.5001763593749999 0.4924250203125 0.5007611062499999 0.4364254625 0.4931596015625 0.3979257671875 0.487312284375 0.3559260984375 0.47603709843750003 0.3103082265625 0.4650925703125 0.2870933421875 0.4411186640625 0.302259871875 0.44228810625000003 0.331426290625 0.45047430625 0.38742584999999996 0.4516438015625 0.43175885 0.451059053125 0.4515920453125 0.45339799062499997 0.49009174062499994
3 0.547539475 0.445758740625 0.5463700328125001 0.40492571093749996 0.5463700328125001 0.33609295625 0.54461584375 0.3045932046875 0.5253197593750001 0.3034265109375 0.5190298390625 0.3295451140625 0.5095320546875 0.3792592640625 0.4995916109375 0.4352588234375 0.4995916109375 0.48192510312500003 0.5013458015625 0.5099248828125 0.522396075 0.5180915203125 0.5381837796875 0.5075916031250001 0.5452005375 0.48659177031249995 0.547539475 0.445758740625
3 0.58613164375 0.4515920453125 0.5943178421875001 0.3955924875 0.6048429796875 0.33492626406250003 0.5954873375 0.3174264015625 0.581453821875 0.3174264015625 0.5685897484375 0.3512594859375 0.5528020421875001 0.41425898749999995 0.5422769062499999 0.4690919078125 0.55046310625 0.5134248546875 0.5720981265625 0.5204248 0.5820385156250001 0.50409163125 0.58613164375 0.4515920453125
1 0.6241390640625 0.5157581890625 0.625308559375 0.45509201718750003 0.6305711265625 0.3792592640625 0.6387573265625 0.3127597890625 0.6364183890625 0.289426621875 0.626478 0.2870933421875 0.623440778125 0.3015641875 0.6001651578125 0.36175940156249997 0.5908094640625 0.40492571093749996 0.5832080109375 0.450425353125 0.5761912546875 0.4924250203125 0.581453821875 0.52159149375 0.5966567796875 0.5379246625 0.6130292328125 0.532091409375 0.6241390640625 0.5157581890625
7 0.6545450328125 0.428258878125 0.66507016875 0.3605927625 0.6715021796875 0.3162597625 0.6574686640625 0.302259871875 0.6488854609375 0.3068106109375 0.6288169375 0.3839258765625 0.614783421875 0.4469253796875 0.6077666640625 0.49592499375 0.612444484375 0.5274247453124999 0.6299863796875 0.5402579953125 0.6446046437499999 0.541424634375 0.65045190625 0.5017582984375 0.6545450328125 0.428258878125
7 0.6855356953125 0.48425843593750006 0.6890440734375 0.40959237656249997 0.6995692109375 0.32092637343749997 0.692552453125 0.302259871875 0.68222676875 0.32254988125 0.6662396109375 0.35942607031249996 0.6586381593749999 0.41075901718749996 0.651036653125 0.4667585734375 0.6410962640625 0.5204248 0.65045190625 0.5390913546875 0.6726716749999999 0.5472579390625001 0.6855356953125 0.5227581328124999 0.6855356953125 0.48425843593750006
5 0.7299752328125 0.5180915203125 0.726466853125 0.4597586296875 0.739330875 0.3827592375 0.7527796953125 0.32559303906250003 0.7399155687500001 0.3034265109375 0.7243421062500001 0.30855941875 0.6972303265625001 0.33609295625 0.6849510000000001 0.40725904375 0.6738411156249999 0.4889250484375 0.67325636875 0.5227581328124999 0.6861204421875 0.5472579390625001 0.7077554640625 0.5425913265625 0.7223736734374999 0.5425913265625 0.7299752328125 0.5180915203125
5 0.771490978125 0.5285914375 0.7790925375 0.48775840937500003 0.77324516875 0.4434254078125 0.77324516875 0.3932591546875 0.78225069375 0.3382891515625 0.7545338859374999 0.3057598453125 0.742839253125 0.34892615312499997 0.732314115625 0.403759071875 0.7270515484375 0.4690919078125 0.726466853125 0.516924828125 0.7405003703124999 0.5344246890625 0.771490978125 0.5285914375
5 0.7937107484375 0.516924828125 0.81768470625 0.5064249109375 0.8328876109375001 0.4725918796875 0.8258708515625001 0.4375921546875 0.8170999046875 0.39092582187499997 0.8173468078124999 0.3417867671875 0.8170999046875 0.32559303906250003 0.7978038203125 0.3127597890625 0.7802619265625 0.3640927359375 0.7749993578125001 0.4235922671875 0.7749993578125001 0.4725918796875 0.7802619265625 0.5110915765625 0.7937107484375 0.516924828125