10 0.46364138749999995 0.5346225718750001 0.44710201562499996 0.5346225718750001 0.43883235625 0.5523008468749999 0.44237650312500004 0.6194782937500001 0.44367967343750003 0.6703484984375 0.4447392859375 0.7031555359375 0.4465113609375 0.73379784375 0.46482275156249997 0.7373334984375 0.47250175624999996 0.709048259375 0.47250175624999996 0.6536563109375 0.47545519374999995 0.5923716406249999 0.478999340625 0.5511223140625 0.46364138749999995 0.5346225718750001
10 0.5103060125 0.5640864 0.5049897921875 0.5381582265625 0.48904112812499995 0.5346225718750001 0.476045903125 0.5393368140625 0.47427382968750004 0.5629078125 0.4707296828125 0.635978034375 0.4707296828125 0.6772273625 0.46836690000000003 0.7114053265625 0.47781797656249997 0.73379784375 0.48963178437500005 0.73379784375 0.49553871406249994 0.726726534375 0.4990828609375 0.6913699828125 0.5020362984375 0.631263846875 0.5049897921875 0.5935501750000001 0.5103060125 0.5640864
2 0.5297988234375001 0.553479434375 0.5162128890625 0.54169388125 0.50617115625 0.5393368140625 0.4990828609375 0.5428724703125 0.4990828609375 0.5664434671875 0.5008549343750001 0.6642632765625 0.5067618656249999 0.696084225 0.5197570359375 0.71494098125 0.5321615515625 0.69844129375 0.531570896875 0.666620396875 0.5286174046875 0.6430493453125 0.5286174046875 0.610049915625 0.5286174046875 0.5746933656250001 0.5297988234375001 0.553479434375
2 0.5357056984375 0.52401560625 0.52211981875 0.5334440375 0.5244826015624999 0.579407553125 0.530389478125 0.6395136906250001 0.5447233546875 0.7056812406249999 0.5534264359375001 0.725547946875 0.5616961484375 0.743226221875 0.5746913203124999 0.7184766359375 0.568193734375 0.6807630171875 0.5581520015625 0.6253710703124999 0.5575612921875 0.571157709375 0.5534264359375001 0.5322655046875 0.5357056984375 0.52401560625
0 0.5947748390625 0.5746933656250001 0.588277253125 0.54169388125 0.5699658078125001 0.5334440375 0.5593333656249999 0.5452295375 0.5516543625 0.569979121875 0.5581520015625 0.626549603125 0.572328590625 0.69726270625 0.59081345625 0.7251142500000001 0.595956203125 0.7361549125 0.6036352078125 0.7573688421875 0.614858359375 0.7573688421875 0.617811796875 0.7302621890625 0.614858359375 0.689012915625 0.6065886453125 0.65012065625 0.5977282765624999 0.6171212265625 0.5947748390625 0.5746933656250001
6 0.635532534375 0.5464081234375 0.62135594375 0.5263727281249999 0.60245384375 0.5287298484375 0.593002765625 0.5511223140625 0.590049328125 0.5640864 0.5906399828125 0.591193053125 0.595956203125 0.610049915625 0.6036352078125 0.6583705 0.6244946828125 0.741013984375 0.6331697515625 0.755011775 0.6443929015625 0.743226221875 0.6438021921875 0.7196552234375 0.638485971875 0.692548571875 0.6361232421875 0.6548348453124999 0.6361232421875 0.6135855718750001 0.6361232421875 0.5782290203125 0.635532534375 0.5464081234375
6 0.6485277593750001 0.505158796875 0.627262875 0.5122301078125 0.622537309375 0.5405153484375 0.6231280171875 0.5664434671875 0.661721303125 0.6950814171874999 0.67274608125 0.725547946875 0.6904668171874999 0.7208338109375 0.6875133796874999 0.6819416046875 0.6792436656249999 0.63715656875 0.67274608125 0.5853003296875 0.66802056875 0.5487651921875 0.660341565625 0.5098729859375 0.6485277593750001 0.505158796875
4 0.65975085625 0.4921947109375 0.6609322734374999 0.5334440375 0.670383296875 0.5746933656250001 0.6810157390625 0.6336209140625 0.698061575 0.6827149578125 0.722954853125 0.71494098125 0.75130803125 0.668977465625 0.7477638843750001 0.628906725 0.7306338015625 0.5664434671875 0.7247269265625 0.531086915625 0.7182292875 0.47687355625 0.6975551125 0.46155240312499995 0.65975085625 0.4921947109375
4 0.7654846203125001 0.43562422968750003 0.7536707609375 0.42855291875 0.7442197359375 0.43798135 0.7365407875 0.44623119375 0.724136271875 0.46155240312499995 0.7158665578125001 0.47687355625 0.715275903125 0.5063373312499999 0.7324058765625 0.5640864 0.7592195937499999 0.615582746875 0.7743449890625 0.6442278796875 0.7956098734375 0.6418708109375 0.8091958078125 0.6135855718750001 0.8097864625 0.5746933656250001 0.7973819468750001 0.5405153484375 0.779661209375 0.505158796875 0.773754334375 0.4686237125 0.7654846203125001 0.43562422968750003
4 0.781433284375 0.436802815625 0.7761170625 0.479230678125 0.7719822609375 0.502801675 0.7867495046874999 0.5299083828125 0.8194912640625001 0.5537504453125 0.833414075 0.557015090625 0.8487720828124999 0.5428724703125 0.8534976484374999 0.514587228125 0.8464093546875 0.47215936718749996 0.8328234203125 0.4450526609375 0.8174654125 0.42619585156250006 0.7967912921875 0.41087464375 0.781433284375 0.436802815625
8 0.4323347703125 0.5452295375 0.41933954531250006 0.5499437796875 0.4069350296875 0.569979121875 0.40220951875 0.62065688125 0.38685151093750003 0.6854772609374999 0.37917256093749996 0.7208338109375 0.37621906875 0.7573688421875 0.40024861562499997 0.75338044375 0.41697676250000004 0.7314407765625 0.42465576718750003 0.7019769484375 0.43587891875 0.6725131203125 0.44178579375 0.6418708109375 0.44887408906250004 0.61122845 0.45241823593749997 0.5864788640625 0.43883235625 0.5640864 0.4323347703125 0.5452295375
14 0.40752573906249995 0.6135855718750001 0.413432615625 0.5959072953125 0.4199302546875 0.5723362437499999 0.41520468906249997 0.5475866578125 0.40220951875 0.5263727281249999 0.3874422203125 0.5299083828125 0.3703121921875 0.544051003125 0.36558662656249996 0.6029786046875001 0.3603629515625 0.6827149578125 0.356135603125 0.7078696703125 0.356135603125 0.7385120875 0.36558662656249996 0.755011775 0.3756284125 0.744404809375 0.3850794375 0.7055126031250001 0.3945305140625 0.6713345859375 0.40280017343749996 0.6383351578124999 0.40752573906249995 0.6135855718750001
14 0.363814553125 0.522837071875 0.3502286734375 0.50751591875 0.3360520828125 0.5275512625000001 0.331326571875 0.5523008468749999 0.32246620312499996 0.600621484375 0.31183376093750004 0.6595490875000001 0.301791975 0.6996198812500001 0.29824782656250004 0.725547946875 0.306517540625 0.7420477421875 0.31959094062500004 0.7357140734375001 0.32660100625 0.7125839140625 0.33959623125 0.6807630171875 0.352000746875 0.6512991890625 0.360861115625 0.6182997593749999 0.3732656296875 0.579407553125 0.37917256093749996 0.5605507453125 0.380944634375 0.535801159375 0.363814553125 0.522837071875
12 0.3106523421875 0.47687355625 0.2899781671875 0.4709807796875 0.2781643625 0.4910161765625 0.27225743125 0.544051003125 0.25630876874999997 0.6065142609375 0.2421321796875 0.6395136906250001 0.2391787140625 0.6807630171875 0.2462670078125 0.7066911921875 0.27704623125 0.7145144265625001 0.29824782656250004 0.6842986734375 0.3112430515625 0.648942121875 0.3206941296875 0.6124069828125001 0.331326571875 0.5770504328125 0.34254966875 0.5428724703125 0.34373108750000003 0.5063373312499999 0.3307358625 0.4921947109375 0.3106523421875 0.47687355625
12 0.288796803125 0.4804092125 0.27698294218749997 0.456838159375 0.260443625 0.4509454375 0.2492204734375 0.439159884375 0.239769396875 0.430910040625 0.23209041875 0.4509454375 0.2202765859375 0.502801675 0.20196516718750002 0.54169388125 0.1836537484375 0.5770504328125 0.176565453125 0.6076927953125 0.1871978953125 0.6430493453125 0.2087974296875 0.6579820375 0.2291369546875 0.640692225 0.2415414703125 0.6230139484375 0.2551273765625 0.5947287078125 0.2610342796875 0.5782290203125 0.26753191875 0.5581936234375 0.2787550171875 0.5428724703125 0.28820609375 0.5122301078125 0.288796803125 0.4804092125
12 0.181290965625 0.409696109375 0.1736119875 0.4509454375 0.156481934375 0.513408640625 0.151756421875 0.544051003125 0.1617981546875 0.5782290203125 0.1777752453125 0.5855499140625 0.2072813875 0.5428724703125 0.225002125 0.5004446078125 0.23445317499999999 0.4650880578125 0.235043884375 0.4250172640625 0.222048659375 0.41087464375 0.2084627796875 0.3990891453125 0.19428619062500002 0.4026248 0.181290965625 0.409696109375
3 0.5457474859375 0.522837071875 0.5487009234375 0.4933732984375 0.546338140625 0.436802815625 0.546338140625 0.3578398171875 0.546338140625 0.29773368125 0.5416126296875 0.2741626828125 0.52699639375 0.285221596875 0.5150315234375 0.31541195625 0.5079432296874999 0.3672682484375 0.503808371875 0.41087464375 0.503808371875 0.448588315625 0.5020362984375 0.5063373312499999 0.5043990828125 0.5299083828125 0.5244826015624999 0.531086915625 0.5457474859375 0.522837071875
3 0.5782354671875 0.5086944515625 0.581188959375 0.47805208906249996 0.5788261765625 0.436802815625 0.57646339375 0.335447353125 0.57173788125 0.28830530312499997 0.5553595328125 0.2728551375 0.5439754125 0.3000908015625 0.5439754125 0.3672682484375 0.5439754125 0.4214816078125 0.5427939937499999 0.46037381406250005 0.5457474859375 0.496908953125 0.5498822890625 0.5169442953125001 0.567603025 0.5204799515625 0.5782354671875 0.5086944515625
1 0.6207652343750001 0.4709807796875 0.6195838703125001 0.41205323125 0.613676940625 0.3696253703125 0.613676940625 0.294198025 0.610723503125 0.2600200625 0.5987905890625 0.255188765625 0.588867909375 0.278876871875 0.5776448109375 0.344875784375 0.5746913203124999 0.422660196875 0.5794168859375 0.483944865625 0.5865051796875 0.5110515734375001 0.6059979906249999 0.5287298484375 0.6172210875 0.514587228125 0.6207652343750001 0.4709807796875
7 0.645574265625 0.4992660203125 0.6526625609375001 0.479230678125 0.6538439796875 0.45565962656250003 0.65207190625 0.4214816078125 0.64793705 0.3979106109375 0.647346340625 0.31659054375 0.647346340625 0.2611985953125 0.6333581640625 0.253422128125 0.6201745796875 0.27651975 0.6154490140625 0.3189476109375 0.60836071875 0.370803903125 0.6030444984375001 0.42030307499999997 0.6077700640625 0.46744512499999996 0.613676940625 0.4910161765625 0.6313976765625 0.4980874875 0.645574265625 0.4992660203125
7 0.6514811968750001 0.46273093593750003 0.6627043484375 0.48276633281250003 0.6786530109375 0.4898376421875 0.688104034375 0.456838159375 0.6827878140625 0.42855291875 0.679834375 0.36373259375 0.6745181546875 0.32719750937500003 0.661721303125 0.2763884109375 0.6508904875 0.2694484390625 0.6449836109375 0.28830530312499997 0.646164975 0.33426881875 0.646164975 0.38141086875 0.6420301187499999 0.40851757656250004 0.642620828125 0.439159884375 0.6514811968750001 0.46273093593750003
5 0.7329966390625 0.4450526609375 0.7394941703125 0.4250172640625 0.730043146875 0.380232334375 0.72531758125 0.337804475 0.7223641984375 0.2741626828125 0.7170479765625 0.231734821875 0.6998342703125 0.23752239375 0.68869474375 0.258841475 0.679834375 0.3083406453125 0.6792436656249999 0.3719824375 0.6768809375 0.41441029843750005 0.680425084375 0.4474097828125 0.6898761078125 0.45919528125 0.715275903125 0.45919528125 0.7329966390625 0.4450526609375
5 0.7790705546875001 0.392017834375 0.7820239390625 0.36255405937499996 0.773754334375 0.337804475 0.7578056703125 0.29891226875 0.748945303125 0.2364490109375 0.7424476624999999 0.21052086406249998 0.7317428015624999 0.22338929531249999 0.7223641984375 0.2411632 0.7205921234375 0.28712671562500003 0.722954853125 0.343697196875 0.7294524921875001 0.409696109375 0.7341779500000001 0.42855291875 0.7518986859375001 0.42973150625 0.7684381124999999 0.40851757656250004 0.7790705546875001 0.392017834375
5 0.773754334375 0.3413401296875 0.7891122328125 0.32837604374999996 0.8021075124999999 0.31659054375 0.8074237343749999 0.294198025 0.8056516609375001 0.2694484390625 0.7967912921875 0.247055975 0.7867495046874999 0.22112785625 0.780491946875 0.188056553125 0.7643032015625 0.1751643140625 0.7477638843750001 0.1869498390625 0.7477638843750001 0.21994926874999998 0.7477638843750001 0.258841475 0.7518986859375001 0.296555146875 0.7613498187500001 0.32719750937500003 0.773754334375 0.3413401296875
11 0.46482275156249997 0.51930141875 0.4736831203125 0.52519419375 0.4943573484375 0.5287298484375 0.5073525203125 0.5169442953125001 0.5067618656249999 0.4980874875 0.505580446875 0.4214816078125 0.50144564375 0.3896607125 0.49672007812499996 0.33309023125000004 0.4853380328125 0.2693218625 0.478999340625 0.2529487515625 0.46777624375000004 0.26826990624999997 0.46777624375000004 0.3130548890625 0.46482275156249997 0.380232334375 0.46600417031249997 0.4450526609375 0.463050678125 0.496908953125 0.46482275156249997 0.51930141875
11 0.46777624375000004 0.502801675 0.46777624375000004 0.4450526609375 0.46777624375000004 0.3955534890625 0.46777624375000004 0.323661853125 0.46777624375000004 0.2776983375 0.46482275156249997 0.247055975 0.45431584999999997 0.249888853125 0.4447392859375 0.2729840953125 0.43646957343750004 0.3319116984375 0.43174406093749995 0.3896607125 0.429381278125 0.46744512499999996 0.429381278125 0.49573036562499995 0.4429672125 0.5086944515625 0.45773445781250005 0.513408640625 0.46777624375000004 0.502801675
9 0.38685151093750003 0.48276633281250003 0.389805003125 0.5063373312499999 0.40516295625 0.5204799515625 0.417567471875 0.51930141875 0.43410684374999997 0.49455183125 0.43410684374999997 0.43798135 0.429381278125 0.3613754734375 0.4240650578125 0.30362645625 0.41088479375000003 0.249888853125 0.4010281 0.2293777 0.3909863671875 0.249413096875 0.39039565781249996 0.284769646875 0.39039565781249996 0.3495899734375 0.39039565781249996 0.401446265625 0.38685151093750003 0.44387412656249997 0.38685151093750003 0.48276633281250003
15 0.39689329687499997 0.4804092125 0.40043744531250003 0.448588315625 0.40043744531250003 0.41323176406249995 0.395711878125 0.38141086875 0.3939398046875 0.31659054375 0.3939398046875 0.2694484390625 0.3850794375 0.2411632 0.37099912968750004 0.2746217734375 0.35967975 0.33309023125000004 0.356135603125 0.38141086875 0.356135603125 0.430910040625 0.3490473078125 0.479230678125 0.3502286734375 0.4980874875 0.3703121921875 0.505158796875 0.388623584375 0.49573036562499995 0.39689329687499997 0.4804092125
15 0.34727523437499996 0.4851234 0.35495418437500004 0.47215936718749996 0.36204247968750003 0.44269553906250003 0.36322389843749997 0.40026767812499997 0.36322389843749997 0.3696253703125 0.359089040625 0.267091371875 0.3488404265625 0.2622553140625 0.33487071875 0.28594818125 0.3283730796875 0.32837604374999996 0.323056859375 0.38494652500000004 0.31892205625000003 0.4250172640625 0.3171499828125 0.456838159375 0.321284784375 0.47805208906249996 0.3325079359375 0.48865905625000006 0.34727523437499996 0.4851234
13 0.26930399375 0.40616045468750006 0.26930399375 0.44623119375 0.2811178 0.4650880578125 0.3035640484375 0.46744512499999996 0.3201034203125 0.458016746875 0.32660100625 0.43444569531250005 0.3283730796875 0.392017834375 0.3242382765625 0.335447353125 0.31604554687499997 0.2587220390625 0.31892205625000003 0.2411632 0.301791975 0.2152350796875 0.2822991640625 0.2258420453125 0.2811178 0.270627028125 0.2828898734375 0.31659054375 0.2740295046875 0.3660897140625 0.26930399375 0.40616045468750006
13 0.28170850937499997 0.3873036453125 0.2811178 0.33073316406250003 0.2811178 0.25648440781250004 0.2834805828125 0.2152350796875 0.2669412109375 0.19637824375 0.2551273765625 0.2046281140625 0.2522284859375 0.22338929531249999 0.2456763265625 0.278876871875 0.2415414703125 0.3189476109375 0.2273648796875 0.3743395578125 0.22559280625000003 0.401446265625 0.2450856171875 0.43326716249999997 0.2663505015625 0.43562422968750003 0.275801578125 0.42619585156250006 0.28170850937499997 0.3873036453125
13 0.250992546875 0.267091371875 0.250992546875 0.231734821875 0.24331354374999997 0.20698520937499998 0.230909028125 0.1987353375 0.22209265 0.20748956093749998 0.213779 0.2411632 0.197239628125 0.278876871875 0.185425821875 0.3224832671875 0.2055093140625 0.3684467828125 0.2238207328125 0.3861250578125 0.23681595781250003 0.3684467828125 0.24449493437499997 0.323661853125 0.250992546875 0.267091371875