13 0.2779407859375 0.376890615625 0.2809235046875 0.33404292343750003 0.28271311250000003 0.2900049828125 0.2856957765625 0.23763561718749998 0.28688882968749996 0.198358565625 0.2791338953125 0.17693469374999998 0.26899274375000004 0.16741299375000002 0.254079375 0.16741299375000002 0.238627653125 0.1935011015625 0.2421486140625 0.23049433437500003 0.2421486140625 0.279293059375 0.233797125 0.311428828125 0.2278317453125 0.3495156828125 0.23499017968749997 0.3911731796875 0.254079375 0.4030752984375 0.26899274375000004 0.3983144625 0.2779407859375 0.376890615625
13 0.32089139375000003 0.44116215312499996 0.3292429375 0.4161676671875 0.334015209375 0.35903741093749997 0.3334186546875 0.292385428125 0.3334186546875 0.241206259375 0.32506716562500004 0.2078802390625 0.31015374218749997 0.1995487625 0.2798031109375 0.211342284375 0.28032694999999996 0.2721517765625 0.2815200046875 0.3102386328125 0.2773442875 0.34713523749999997 0.27137890625 0.38522209375 0.27137890625 0.412597025 0.2821165578125 0.43164042656249996 0.3000126453125 0.44235235 0.32089139375000003 0.44116215312499996
15 0.3214879484375 0.43402087187499994 0.3310325453125 0.4590153578125 0.3489286328125 0.46258600000000005 0.36026278437500003 0.432830621875 0.365035109375 0.3959340171875 0.3638420015625 0.3257113921875 0.361258909375 0.23631994218750002 0.3501216859375 0.21026068437499998 0.328049828125 0.23049433437500003 0.3244706109375 0.2697713859375 0.3244706109375 0.31976036093750004 0.32327755625 0.35903741093749997 0.316119121875 0.409026384375 0.3214879484375 0.43402087187499994
15 0.34713902343749997 0.413787221875 0.348332078125 0.4447327953125 0.3608593390625 0.46972728124999996 0.3805450328125 0.45425446718750007 0.39545845625 0.44354254531250004 0.40202033750000005 0.41497741718750003 0.40202033750000005 0.3507058796875 0.3948619015625 0.292385428125 0.38632223125 0.22561523125 0.365631609375 0.21264113125 0.3590697296875 0.23168453125 0.3590697296875 0.254298571875 0.358473175 0.2900049828125 0.3560870671875 0.33999395625 0.35250784999999996 0.376890615625 0.34713902343749997 0.413787221875
9 0.3835276953125 0.3780808109375 0.3835276953125 0.4173578625 0.3817380875 0.45425446718750007 0.3918792390625 0.4768685640625 0.4061961078125 0.4816294 0.41812681406249996 0.4732979234375 0.42468869375 0.44949363125 0.42767141249999996 0.40545574375 0.42409219531250003 0.3269016421875 0.419441621875 0.2327517046875 0.41931986875 0.2043095984375 0.40202033750000005 0.19597812187500002 0.39605495625 0.21383132656249998 0.39068613124999996 0.25191818125 0.38651041406250003 0.286434340625 0.3835276953125 0.331662478125 0.3835276953125 0.3780808109375
11 0.426478303125 0.4732979234375 0.440198671875 0.4828195953125 0.45093632499999997 0.4637761953125 0.45332243281249995 0.42449914531250005 0.45630515000000005 0.372129725 0.4557085953125 0.3042875453125 0.45524636718749995 0.22918346875 0.44198828125 0.2007389578125 0.4270748578125 0.216211771875 0.421109478125 0.2721517765625 0.4199164234375 0.337613565625 0.4199164234375 0.394743821875 0.41872336875 0.4554447171875 0.426478303125 0.4732979234375
11 0.44914671562499997 0.4828195953125 0.45630515000000005 0.49472176875 0.472411628125 0.49472176875 0.489711159375 0.485200040625 0.4920973234375 0.43164042656249996 0.4909042140625 0.356656965625 0.4910511140625 0.23631994218750002 0.47121851875000004 0.223353053125 0.45690165 0.241206259375 0.45153282499999997 0.3007169046875 0.45153282499999997 0.35546677031249996 0.45093632499999997 0.3983144625 0.44735710781250004 0.44949363125 0.44914671562499997 0.4828195953125
3 0.5386271484375 0.40426549375 0.54339941875 0.34594504375 0.54339941875 0.2709615828125 0.5344513765625 0.2423964546875 0.5098486046875 0.23810406093749997 0.49448343125000005 0.337613565625 0.4879215515625 0.42925997968749996 0.489711159375 0.4756783140625 0.5022384203125 0.49234132343750003 0.5320652124999999 0.48758048593750003 0.5386271484375 0.47448811874999997 0.5386271484375 0.4304502296875 0.5386271484375 0.40426549375
3 0.568453940625 0.47448811874999997 0.5732262109375 0.45782510781249997 0.5732262109375 0.42211869843749994 0.56905049375 0.3745101703125 0.5678573859375 0.32809183750000004 0.56445084375 0.25237700625000004 0.5457855828125 0.23763561718749998 0.5422063640625 0.2733420265625 0.5368375390625 0.3745101703125 0.5314687124999999 0.4173578625 0.533258321875 0.46853703125 0.5416098093749999 0.4816294 0.568453940625 0.47448811874999997
1 0.607228775 0.376890615625 0.6030530578125 0.2709615828125 0.6030530578125 0.22573344374999998 0.59231540625 0.20311940312500001 0.584143453125 0.218478759375 0.576208928125 0.2935756234375 0.5702435484375 0.3614178015625 0.568453940625 0.44354254531250004 0.5803846453125 0.485200040625 0.6024565046875 0.49234132343750003 0.61021149375 0.46139575 0.6120011015625 0.42449914531250005 0.607228775 0.376890615625
7 0.61856298125 0.4768685640625 0.6424244484375 0.47448811874999997 0.6507759375 0.45306427187500004 0.643617503125 0.41854805781250004 0.6424244484375 0.37570036562500003 0.637055621875 0.3304722828125 0.6288993859375 0.2577293609375 0.608421884375 0.22216280312499997 0.6000703406250001 0.2590594625 0.5982807328125 0.34356459687499996 0.59529806875 0.3995046578125 0.599473840625 0.44116215312499996 0.606035721875 0.46615664062500006 0.61856298125 0.4768685640625
7 0.6758304578125001 0.3911731796875 0.669268578125 0.33523311875 0.6644962515625 0.2638203 0.6609170343749999 0.24001600937499998 0.6495828828125 0.2209726078125 0.6382486765625 0.23644536718750003 0.6293006328125 0.2495377359375 0.6310902421875 0.3257113921875 0.6382486765625 0.40426549375 0.64182789375 0.46139575 0.6525655453125 0.4792489546875 0.6734442953124999 0.4732979234375 0.6800062296875 0.439971903125 0.6758304578125001 0.3911731796875
5 0.67404085 0.45425446718750007 0.6859715546875 0.46615664062500006 0.7038676421875001 0.46139575 0.720570728125 0.44235235 0.71997411875 0.4197383078125 0.712219184375 0.368559084375 0.70804346875 0.3078581875 0.709460065625 0.23631994218750002 0.69670920625 0.216211771875 0.67404085 0.22216280312499997 0.66211014375 0.24477690000000002 0.66211014375 0.287624590625 0.66509280625 0.356656965625 0.669865078125 0.413787221875 0.67404085 0.45425446718750007
5 0.7169915109375 0.432830621875 0.7330979890625 0.42806978593749995 0.750397465625 0.4161676671875 0.7623282265625 0.3780808109375 0.7563629015625 0.3626080515625 0.751590575 0.3078581875 0.7479501671875 0.2309675875 0.7390633140625 0.19121728437500002 0.715798403125 0.2007389578125 0.7104295765625 0.2281138890625 0.70565725 0.280483309375 0.712219184375 0.3518961296875 0.712219184375 0.3983144625 0.7169915109375 0.432830621875
5 0.796330790625 0.3673688890625 0.804682334375 0.3257113921875 0.796330790625 0.30309735 0.7784347046875 0.2590594625 0.766747659375 0.2077740484375 0.7492044671875 0.20192920781249998 0.745028640625 0.2197824125 0.750397465625 0.28405395 0.750397465625 0.3304722828125 0.7569594015625001 0.38522209375 0.7760485953125 0.3959340171875 0.796330790625 0.3673688890625
4 0.7026746421875 0.48996087812500005 0.6853750562500001 0.47448811874999997 0.6710581859375 0.49353151874999995 0.6525655453125 0.5280477328125001 0.6525655453125 0.5673247828125 0.6593334203125 0.57351830625 0.677620065625 0.6042213890625 0.7038676421875001 0.6351669625 0.7247464453125 0.660161503125 0.745028640625 0.6696831765625 0.7575559015625 0.6351669625 0.7456252484375 0.591129075 0.71997411875 0.537569459375 0.7026746421875 0.48996087812500005
4 0.7396598140624999 0.42449914531250005 0.7193776203125 0.4387817078125 0.698498815625 0.4673468359375 0.70565725 0.505433690625 0.7271325531249999 0.5637541421875001 0.7408529234375 0.581607346875 0.7563629015625 0.6113626703125 0.7706797703125 0.6113626703125 0.7849966390625001 0.6018409984375 0.78976885625 0.5661345875 0.7855931390625 0.530428178125 0.7724693796875 0.48996087812500005 0.7575559015625 0.44354254531250004 0.7396598140624999 0.42449914531250005
6 0.61617681875 0.510194528125 0.6000703406250001 0.522096646875 0.5917188515625 0.5459009375 0.6000703406250001 0.6042213890625 0.606632275 0.6649222859374999 0.61547260625 0.691270115625 0.6173699265625 0.733954715625 0.6293006328125 0.7446666375000001 0.6412313390625 0.733954715625 0.6412313390625 0.6982483046875 0.637055621875 0.6173137578125 0.6406348390625001 0.5601835015625001 0.634669459375 0.5197162546875 0.61617681875 0.510194528125
6 0.6006668953125 0.51376516875 0.58694658125 0.503053246875 0.56905049375 0.5078140828125 0.5612955046875 0.5328085687499999 0.5618920593750001 0.57803670625 0.562488559375 0.6173137578125 0.5662410812500001 0.682349525 0.5702435484375 0.7268134328125 0.5779985375 0.7649002328125001 0.5905257984375 0.749427528125 0.59291190625 0.716101509375 0.59291190625 0.6661125359375 0.5970876781250001 0.6113626703125 0.6030530578125 0.550661775 0.6006668953125 0.51376516875
0 0.5511544078124999 0.5066238875 0.5356444296875 0.503053246875 0.5260998875 0.5113847234375 0.5231171703124999 0.5459009375 0.524310278125 0.6458788859375 0.530436334375 0.6859177609375 0.5320652124999999 0.7327644656250001 0.539223646875 0.7708513734375 0.56069895 0.747047028125 0.5636816687499999 0.7041993375 0.5618920593750001 0.64825933125 0.5630851140625001 0.570895425 0.5636816687499999 0.5256672874999999 0.5511544078124999 0.5066238875
8 0.426478303125 0.5328085687499999 0.42528524843750004 0.49948260468749994 0.411564934375 0.48996087812500005 0.3936688484375 0.498292409375 0.38651041406250003 0.5161456140625 0.38472080468750003 0.5935094656250001 0.3818466375 0.639530684375 0.3793519796875 0.6934874140625 0.3751762078125 0.7327644656250001 0.3871069140625 0.7565688109375001 0.4008272828125 0.71967215 0.4085822171875 0.6732538171875 0.41275798906250005 0.6268354859375 0.4199164234375 0.5887486296875 0.426478303125 0.5328085687499999
10 0.43065407499999997 0.485200040625 0.4199164234375 0.504243440625 0.4199164234375 0.542330296875 0.42212697656250003 0.62704185625 0.4199164234375 0.6708734265625 0.423495640625 0.707769978125 0.43781250937499994 0.7065798375 0.4443743890625 0.66135164375 0.446760553125 0.5958899109375 0.446760553125 0.53399881875 0.4461639984375 0.485200040625 0.43065407499999997 0.485200040625
10 0.44735710781250004 0.48758048593750003 0.44497094375 0.5149553640625 0.4461639984375 0.5661345875 0.44181958750000005 0.639530684375 0.440198671875 0.676824459375 0.452129378125 0.6994385546874999 0.4616739765625 0.6684929265624999 0.4694289109375 0.5923192703125 0.475394290625 0.5387596546875 0.4759908453125 0.5018630500000001 0.46286703124999995 0.48877068125 0.44735710781250004 0.48758048593750003
2 0.501045365625 0.503053246875 0.4891146046875 0.4863902359375 0.47300812812500004 0.4816294 0.4670428015625 0.503053246875 0.470025465625 0.5756562609375 0.473148740625 0.628825975 0.4670428015625 0.6744440671875 0.4670428015625 0.6934874140625 0.478376953125 0.7041993375 0.4849388890625 0.68872663125 0.48732499687499997 0.6625418953125 0.4932903765625 0.6244550390625 0.4980626484375 0.5566128609375001 0.501045365625 0.503053246875
2 0.5231171703124999 0.505433690625 0.5070106921875001 0.49591196406250004 0.4932903765625 0.49591196406250004 0.4891146046875 0.51376516875 0.4920973234375 0.55780305625 0.4920973234375 0.6006507484375 0.4901559953125 0.6341783296875 0.48672849687499997 0.68158535 0.4909042140625 0.710150478125 0.5093968546875 0.708960228125 0.5159587359375 0.66373214375 0.5237137234375 0.591129075 0.533854821875 0.5387596546875 0.5344513765625 0.5161456140625 0.5231171703124999 0.505433690625
14 0.3823346421875 0.5125749734375 0.3644385546875 0.5066238875 0.35310435 0.5209064515625 0.3548939578125 0.55780305625 0.355888196875 0.6306100921875 0.345945915625 0.7220525421875 0.3548939578125 0.7506176703125 0.3704039359375 0.71967215 0.37457965312499997 0.6661125359375 0.3805450328125 0.6113626703125 0.39068613124999996 0.5649443375 0.3948619015625 0.537569459375 0.3823346421875 0.5125749734375
14 0.3256637203125 0.504243440625 0.32387411093749996 0.550661775 0.3191883328125 0.6252577390625 0.316119121875 0.68158535 0.3322256 0.7125308687499999 0.348332078125 0.64706908125 0.36026278437500003 0.5673247828125 0.36682471875 0.5328085687499999 0.362648946875 0.504243440625 0.34296325156249996 0.49353151874999995 0.3256637203125 0.504243440625
12 0.2373763421875 0.46853703125 0.22663869062500003 0.5113847234375 0.2057599140625 0.5875584328125 0.2069529953125 0.6244550390625 0.2206733109375 0.6411180484375001 0.2332569421875 0.6520195125 0.25169321093749997 0.6089822796875 0.267203134375 0.574466065625 0.28688882968749996 0.537569459375 0.29464381875 0.48996087812500005 0.2880819390625 0.4637761953125 0.2725719609375 0.44354254531250004 0.254675875 0.43759151249999995 0.2373763421875 0.46853703125