13 0.26469248749999996 0.48578514375 0.26469248749999996 0.39517186249999997 0.2575861953125 0.3384021234375 0.2374024171875 0.337735684375 0.23517400937500002 0.3984470421875 0.225881146875 0.47268443125 0.2187748546875 0.5032527453125 0.2187748546875 0.5370962859375 0.2384538390625 0.557839065625 0.255399625 0.56111424375 0.26469248749999996 0.5338211078125 0.26469248749999996 0.48578514375
13 0.3412218828125 0.5261789921875 0.3412218828125 0.478143078125 0.33684879218749997 0.4432078265625 0.3193563265625 0.43774918124999995 0.295639865625 0.4457437875 0.29585090625 0.49342720937499995 0.292571075 0.557839065625 0.29147776406250003 0.58731566875 0.3073303140625 0.6091502078125 0.3291958203125 0.6102419171875 0.34504836875 0.5905908484375 0.34504836875 0.56111424375 0.3412218828125 0.5261789921875
9 0.4237643109375 0.4235567578125 0.41009833125000006 0.4049973984375 0.4013521 0.4170064015625 0.4030920625 0.4555627078125 0.39643235312499997 0.5327293484375 0.38987269062499996 0.60478326875 0.3942458328125 0.635351634375 0.41611133906250003 0.6473605874999999 0.4292306625 0.6386268109375 0.4319638875 0.56984806875 0.4319638875 0.49015203281249997 0.4237643109375 0.4235567578125
11 0.458749140625 0.6429936984375 0.4576558796875 0.593866025 0.45328278906249997 0.5229038140625 0.449025825 0.45065324687499997 0.4330571484375 0.4191898703125 0.42704414062499996 0.43993265 0.42704414062499996 0.5043445046875 0.42540422656250004 0.58731566875 0.42868405625 0.6408102296875 0.44398990156249996 0.6528192328125 0.458749140625 0.6429936984375
11 0.45820253437499997 0.6571861203125 0.4762416046875 0.665919946875 0.4948272796875 0.6539109437499999 0.498653765625 0.6309846953125 0.49646719531250005 0.6157005640625 0.48772101250000005 0.56548113125 0.48006804062499997 0.4988858578125 0.4728129515625 0.447380275 0.4636688859375 0.4170064015625 0.45820253437499997 0.4235567578125 0.4500029578125 0.4301071140625 0.45382939375 0.5141700390625 0.4543760484375 0.5807653125 0.4543760484375 0.6211591609375 0.45820253437499997 0.6571861203125
3 0.5309054203125 0.5480135296875 0.52817224375 0.491243790625 0.527078984375 0.4410243578125 0.5221592375 0.4180981109375 0.5063066875 0.4202815796875 0.501521553125 0.43101541093750007 0.5008403359375 0.475959609375 0.49756050625 0.555655596875 0.49318736406249997 0.5949577359375 0.49318736406249997 0.6331681640625 0.5073999984374999 0.6539109437499999 0.5292655046875 0.6539109437499999 0.5352785609375 0.6331681640625 0.5309054203125 0.5480135296875
3 0.548397884375 0.6506357640625 0.5615172078125 0.6309846953125 0.5593306375 0.584040490625 0.5538642359375 0.5043445046875 0.5441743328124999 0.41792351875 0.539104996875 0.3995388015625 0.5292655046875 0.4039056890625 0.52543906875 0.4432078265625 0.52817224375 0.551288709375 0.5303588140625 0.6255260984375 0.536371821875 0.6528192328125 0.548397884375 0.6506357640625
1 0.59322220625 0.5327293484375 0.5893957703125 0.46395060624999995 0.5893957703125 0.4071808671875 0.5844760250000001 0.37115390625 0.5691701296875 0.37115390625 0.56632096875 0.385193790625 0.5615172078125 0.44757471562499995 0.5565974625 0.5250872828125 0.5565974625 0.584040490625 0.56261046875 0.6309846953125 0.5779163625 0.6408102296875 0.594862121875 0.6298929859375 0.5986886078125 0.58731566875 0.59322220625 0.5327293484375
7 0.6063415296875 0.6309846953125 0.6314869171875 0.6146088046875 0.632580178125 0.568756309375 0.6282070859375 0.5250872828125 0.6265671703125 0.47268443125 0.6245584187500001 0.3884667640625 0.595408778125 0.3831629109375 0.588849115625 0.4159146921875 0.5844760250000001 0.465042365625 0.582836109375 0.5349128171875 0.5806495390624999 0.5927743171875 0.5899423765625 0.6146088046875 0.6063415296875 0.6309846953125
5 0.6981767953125 0.5141700390625 0.6981767953125 0.43774918124999995 0.691070528125 0.3984470421875 0.67139154375 0.4082725765625 0.668851690625 0.4195600046875 0.65553899375 0.502161034375 0.647886071875 0.5523804171875 0.6451528953125 0.5851322 0.65280581875 0.5971412046875 0.6686583171875 0.6015080921875 0.688337303125 0.60259985 0.7009100218750001 0.576398425 0.6981767953125 0.5141700390625
5 0.7107495140625 0.58294878125 0.7271486687500001 0.576398425 0.7408145968750001 0.558930775 0.738081471875 0.5349128171875 0.72988189375 0.44757471562499995 0.7328308609375 0.385193790625 0.7293351890625 0.36242008124999997 0.711842825 0.36569525937499997 0.69927010625 0.37988773125 0.695990275 0.4301071140625 0.6948969640625 0.5010693265625 0.6954436703125 0.5676646 0.7107495140625 0.58294878125
5 0.7397213875 0.5480135296875 0.7512007953125 0.55674735625 0.7665066390625 0.553472178125 0.7812658781249999 0.5392797046875 0.784545709375 0.5174452171875 0.7801725687500001 0.5010693265625 0.7725196953125 0.4279236453125 0.7672811828125 0.3737383859375 0.765960034375 0.36242008124999997 0.7637734140625 0.3547780140625 0.7517474 0.3427690109375 0.7402679921875001 0.370062196875 0.7353482453125 0.43993265 0.7353482453125 0.4923355015625 0.7397213875 0.5480135296875
4 0.7550272312499999 0.558930775 0.7358948515625 0.57421495625 0.7244154421875 0.5927743171875 0.7260553578125 0.6178839828125 0.7566179875000001 0.689580265625 0.7741596109375 0.7390655765624999 0.7960251171875 0.7412490953125 0.809144440625 0.7084973140625 0.8003982593750001 0.65827788125 0.7932918921875001 0.6211591609375 0.7867322296875 0.577490134375 0.771972990625 0.551288709375 0.7550272312499999 0.558930775
4 0.7025499359375 0.5982329125 0.68341755625 0.6146088046875 0.675764634375 0.6429936984375 0.6905239234375 0.7052220859375 0.7156056984375 0.7354018859375 0.7320684140625 0.7903767703125 0.75776045625 0.7925601890625 0.765960034375 0.7357904000000001 0.7512007953125 0.6822958375 0.7397213875 0.6473605874999999 0.731521809375 0.6058750296875 0.7194956968749999 0.5905908484375 0.7025499359375 0.5982329125
4 0.6806843812500001 0.6222509203125 0.6681117125 0.6091502078125 0.6495259875 0.6091502078125 0.6364066640625 0.628801278125 0.6200075093749999 0.6364433421875 0.62766043125 0.6866627249999999 0.6380465796875 0.7194145078124999 0.651626528125 0.7730410734375 0.6812310359375 0.8242202109375001 0.697630190625 0.8176698546875001 0.7134827390625 0.8034774828125 0.718949090625 0.7674505218750001 0.706923078125 0.7412490953125 0.691617134375 0.7030386171874999 0.681777640625 0.665919946875 0.6806843812500001 0.6222509203125
6 0.6331268328124999 0.6342598734375 0.6205541640625001 0.6266178078125 0.5970486921875 0.6320764546875 0.59048903125 0.6473605874999999 0.594862121875 0.6833875468749999 0.610168015625 0.7412490953125 0.6212774359375001 0.7730410734375 0.632033571875 0.8089360796875 0.6407797546875 0.8351375046875 0.6544457328125 0.8449630406249999 0.6686583171875 0.8133030171875 0.65608565 0.761991825 0.6451528953125 0.7117724921875 0.6396864953125 0.6670116562499999 0.6331268328124999 0.6342598734375
6 0.6063415296875 0.648452346875 0.5893957703125 0.641901990625 0.5784629671875 0.64954405625 0.5708100453125 0.6702868343749999 0.5740898765625 0.7084973140625 0.5822894546875 0.7488911125 0.594209325 0.784496478125 0.60907475625 0.8231285515625 0.6243806000000001 0.8449630406249999 0.6309402625 0.8329540859375 0.6282070859375 0.8012939640625 0.6178209390625 0.75980840625 0.61180793125 0.7314235609375 0.60907475625 0.679020659375 0.6063415296875 0.648452346875
0 0.5740898765625 0.66264476875 0.55331763125 0.6462688765625 0.5396516515625 0.655002703125 0.5401983078125 0.6735620124999999 0.5462113140625 0.7292400437500001 0.551677715625 0.784918071875 0.557298265625 0.8008613421874999 0.5691701296875 0.8427796203125 0.5844760250000001 0.8646141093749999 0.6030617 0.8646141093749999 0.6052482703125001 0.8416878609375 0.5970486921875 0.8034774828125 0.5872092 0.75980840625 0.579556278125 0.7052220859375 0.5740898765625 0.66264476875
8 0.45656261875000004 0.6670116562499999 0.43907015468750005 0.6648282375 0.4281374015625 0.681204128125 0.4248575703125 0.7412490953125 0.425238696875 0.766495128125 0.42267099999999996 0.8034774828125 0.42267099999999996 0.8242202109375001 0.42704414062499996 0.847146459375 0.44016346562499997 0.8427796203125 0.45164287343750004 0.8056609015625 0.458749140625 0.74670769375 0.46202897031249995 0.68884619375 0.45656261875000004 0.6670116562499999
10 0.45820253437499997 0.68884619375 0.458749140625 0.7226896859374999 0.45710922500000006 0.8078443203125 0.46585545625 0.8329540859375 0.4767882109375 0.8143946765625 0.480614696875 0.7609001656250001 0.480614696875 0.7084973140625 0.47952143593749996 0.6822958375 0.4691352875 0.672470303125 0.45984245 0.67574548125 0.45820253437499997 0.68884619375
10 0.4849877875 0.669195125 0.48006804062499997 0.67792895 0.47952143593749996 0.6932130812499999 0.47952143593749996 0.7357904000000001 0.4818356546875 0.7648586421875 0.48334787187500006 0.8176698546875001 0.49264075937499996 0.8187616140625 0.50029368125 0.8034774828125 0.49974702656250003 0.7663587625 0.5024802515625 0.7270566234375 0.5035735125 0.679020659375 0.4948272796875 0.6648282375 0.4849877875 0.669195125
2 0.507946603125 0.672470303125 0.50029368125 0.6822958375 0.5035735125 0.7434325140625 0.505213428125 0.771817359375 0.5112264343749999 0.7980187859375001 0.5155995765625 0.8318623265625 0.5303588140625 0.8416878609375 0.5374650812499999 0.8122112578125 0.5303588140625 0.7510746312500001 0.5259856734375 0.7106807328125 0.5205193218749999 0.67574548125 0.507946603125 0.672470303125
2 0.547304575 0.669195125 0.535825165625 0.6560944125 0.5221592375 0.6604612999999999 0.51286635 0.6648282375 0.5221592375 0.7292400437500001 0.5310504015624999 0.7795870203125 0.5336386453124999 0.8220367921875 0.53473190625 0.8427796203125 0.5489444890625 0.862430690625 0.5593306375 0.8416878609375 0.554410890625 0.8045691421875001 0.5494911453125 0.756533228125 0.547304575 0.7041303765625 0.547304575 0.669195125
14 0.4341504078125 0.6910296625 0.4297773171875 0.6637364781249999 0.40900507187499996 0.6528192328125 0.40025883906250004 0.661553059375 0.3975256640625 0.6855710171875 0.3916086203125 0.7599491828125 0.3860462546875 0.7969271265625 0.3751134515625 0.8307705671875001 0.381126509375 0.8646141093749999 0.399712184375 0.849329978125 0.40900507187499996 0.8100278390625 0.41611133906250003 0.7740008781250001 0.42595083125000005 0.7325152203124999 0.4341504078125 0.6910296625
14 0.405725240625 0.64954405625 0.39151260625 0.6397185203125 0.37566010781250003 0.6386268109375 0.36527395937499996 0.6451771671875 0.36254078437500004 0.69539655 0.353877315625 0.7419478328125 0.3488748046875 0.791468428125 0.35215463593749996 0.8253119703125 0.359260953125 0.8438712796875001 0.37675336718749997 0.8176698546875001 0.38713951562500004 0.769633940625 0.3975256640625 0.7095889734374999 0.41009833125000006 0.67137859375 0.405725240625 0.64954405625
12 0.287651328125 0.6015080921875 0.28546475781249997 0.6277095171875 0.2745320046875 0.66264476875 0.2575861953125 0.7030386171874999 0.24556013124999998 0.7368821578125 0.23517400937500002 0.7609001656250001 0.23353409374999998 0.789285009375 0.2433735859375 0.8122112578125 0.256492909375 0.8198533734375 0.2669312640625 0.804134315625 0.292571075 0.75980840625 0.312250059375 0.7205062671875 0.33684879218749997 0.6833875468749999 0.33302230625 0.6462688765625 0.3209962421875 0.6309846953125 0.31115675 0.60259985 0.2963975109375 0.5927743171875 0.287651328125 0.6015080921875
12 0.25266644843749997 0.557839065625 0.23244080781249998 0.555655596875 0.22697443125 0.60041638125 0.2111219078125 0.648452346875 0.194722753125 0.6833875468749999 0.1919895765625 0.7194145078124999 0.200735784375 0.74670769375 0.2209975015625 0.7452208046875 0.2433735859375 0.7215980265625 0.2619592859375 0.6986717296875 0.2772651796875 0.6648282375 0.294210990625 0.6397185203125 0.2931176796875 0.6113336265625 0.27999835625 0.5949577359375 0.2625059421875 0.57421495625 0.25266644843749997 0.557839065625