11 0.4794108796875 0.3613932296875 0.46471220156250004 0.3776692703125 0.45981264375 0.4916015625 0.45736286406250004 0.516015625 0.454096490625 0.5615885421875 0.4606292359375 0.584375 0.4957427421875 0.5778645828125 0.49410955625 0.5127604171875 0.481860659375 0.4232421875 0.4794108796875 0.3613932296875
3 0.5365724015625 0.49485677031249997 0.5292230625000001 0.47044270781249997 0.524323503125 0.3646484375 0.5088082328125 0.3613932296875 0.4998257078125 0.3711588546875 0.5030920812499999 0.45904947968750004 0.503908675 0.4818359375 0.4998257078125 0.5225260421875 0.49819252187499996 0.5680989578125 0.5226903171874999 0.5794921875 0.5406553671875 0.5680989578125 0.5406553671875 0.5290364578125 0.5365724015625 0.49485677031249997
9 0.445930559375 0.45904947968750004 0.44511396562499994 0.3955729171875 0.4393978140625 0.3483723953125 0.4287821015625 0.3223307296875 0.419799578125 0.3581380203125 0.4157166109375 0.41673177031249997 0.41898298437500003 0.48020833281249997 0.4206161703125 0.5078776046875 0.41898298437500003 0.56484375 0.436131440625 0.5876302078125 0.45491308437500005 0.5453125 0.45491308437500005 0.5095052078125 0.445930559375 0.45904947968750004
15 0.41734979843750003 0.5013671875 0.414083425 0.43951822968750004 0.4116336453125 0.398828125 0.39040222343750003 0.418359375 0.38305288437499996 0.5046223953125 0.38060310468749997 0.5290364578125 0.3814196984375 0.56484375 0.3895856296875 0.5811197921875 0.40020134062499996 0.5632161453125 0.41490001875000004 0.5680989578125 0.418166390625 0.5485677078125 0.41734979843750003 0.5013671875
15 0.38713585 0.3955729171875 0.3642712421875 0.4037109375 0.356105309375 0.5013671875 0.34793937812500003 0.5453125 0.356105309375 0.5811197921875 0.366721021875 0.5680989578125 0.3773367328125 0.555078125 0.3797865125 0.50625 0.3797865125 0.47044270781249997 0.38713585 0.3955729171875
13 0.3495725640625 0.49811197968750004 0.3495725640625 0.379296875 0.338956853125 0.340234375 0.320991803125 0.359765625 0.3111926859375 0.45579427031249997 0.29976038125 0.49811197968750004 0.30221016093749997 0.535546875 0.3111926859375 0.5518229171875 0.320991803125 0.5469401046875 0.3414066328125 0.5567057296875 0.34793937812500003 0.5339192703125 0.3495725640625 0.49811197968750004
13 0.31609224375 0.3337239578125 0.29404422812500003 0.3386067703125 0.2760791796875 0.40696614531249997 0.2532145703125 0.45416666718750004 0.2564809421875 0.48509114531249997 0.28914466875 0.5208984375 0.2973106015625 0.50625 0.30710971875 0.46067708281249997 0.312825871875 0.3776692703125 0.31609224375 0.3337239578125
13 0.26056390937499996 0.2751302078125 0.241782265625 0.3044270828125 0.2523979765625 0.3320963546875 0.259747315625 0.3744140625 0.276895771875 0.3744140625 0.3062931265625 0.3093098953125 0.29404422812500003 0.2686197921875 0.276895771875 0.2507161453125 0.26056390937499996 0.2751302078125
1 0.57331909375 0.3239583328125 0.5561706375 0.3272135421875 0.5561706375 0.3581380203125 0.54800470625 0.47858072968750004 0.541471959375 0.5127604171875 0.54637151875 0.5615885421875 0.5651531624999999 0.5762369796875 0.577402059375 0.5469401046875 0.5749522812500001 0.47858072968750004 0.5765854671875 0.3744140625 0.57331909375 0.3239583328125
7 0.6116989734375 0.49973958281249997 0.6157819390625 0.42486979218750004 0.5953671093749999 0.3532552078125 0.5847513984375 0.3646484375 0.579035246875 0.42161458281249997 0.5798518390625 0.457421875 0.577402059375 0.4818359375 0.5806684328125 0.5583333328125 0.5921007375 0.5518229171875 0.604349634375 0.5632161453125 0.6190483125 0.5453125 0.6116989734375 0.49973958281249997
7 0.639463140625 0.476953125 0.63456358125 0.41673177031249997 0.6182317187499999 0.3565104171875 0.6076160078124999 0.3630208328125 0.6198649046875 0.418359375 0.6157819390625 0.49973958281249997 0.622314684375 0.5436848953125 0.6329303953125 0.5567057296875 0.649262259375 0.5322916671875 0.639463140625 0.476953125
5 0.684375765625 0.42975260468750004 0.6819259859375 0.3255859375 0.6459958859375 0.3369791671875 0.648445665625 0.4232421875 0.6468124796875 0.4818359375 0.6517120390625 0.5404296875 0.6729434609375 0.5404296875 0.6778430203125 0.5274088546875 0.6990744421875 0.5095052078125 0.6949914765625 0.4671875 0.684375765625 0.42975260468750004
5 0.6974412562500001 0.3027994796875 0.6900919171875 0.3093098953125 0.6900919171875 0.437890625 0.7031574078125 0.5029947921875 0.7301049828124999 0.476953125 0.74235388125 0.46067708281249997 0.74235388125 0.42486979218750004 0.7252054234374999 0.3972005203125 0.7145897125 0.3353515625 0.6974412562500001 0.3027994796875
5 0.7578691515625 0.2962890625 0.7415372875 0.2539713546875 0.7211224578125 0.2588541671875 0.7056071875 0.2832682296875 0.7096901546875001 0.3190755203125 0.720305865625 0.3532552078125 0.7407206937499999 0.3467447921875 0.7488866265625 0.3158203125 0.7578691515625 0.2962890625
14 0.39693496875 0.7569010421875 0.401017934375 0.6787760421875 0.40591749374999997 0.6543619796875 0.4034677140625 0.6104166671875 0.3953017828125 0.5925130203125 0.378153325 0.6022786453125 0.374886953125 0.6413411453125 0.38060310468749997 0.7422526046875 0.3773367328125 0.7878255203125 0.38713585 0.7975911453125 0.39693496875 0.7569010421875
8 0.43776462812499994 0.60390625 0.41898298437500003 0.5860026046875 0.4051009 0.613671875 0.40918386562500003 0.6543619796875 0.41245023906249995 0.79921875 0.427148915625 0.8252604171875 0.43449825468750003 0.68203125 0.43776462812499994 0.60390625
10 0.44184759375000004 0.60146484375 0.43817292343750003 0.65029296875 0.444297371875 0.67958984375 0.444297371875 0.7845703125 0.4553213796875 0.79677734375 0.467570278125 0.789453125 0.467570278125 0.6673828125 0.4724698375 0.59169921875 0.44184759375000004 0.60146484375
10 0.4724698375 0.58681640625 0.4724698375 0.65029296875 0.46879516718750003 0.769921875 0.485943625 0.78701171875 0.4957427421875 0.64052734375 0.4932929625 0.594140625 0.4724698375 0.58681640625
2 0.5190156484374999 0.5990234375 0.4994174125 0.594140625 0.5006423015625 0.64296875 0.5055418609375 0.6673828125 0.5006423015625 0.80166015625 0.515340978125 0.79921875 0.5226903171874999 0.672265625 0.5190156484374999 0.5990234375
2 0.5226903171874999 0.594140625 0.5275898765625 0.66005859375 0.52391520625 0.78212890625 0.5410636640625001 0.789453125 0.5520876718750001 0.6478515625 0.5496378921875 0.5990234375 0.5226903171874999 0.594140625
0 0.5855679921875 0.6511067703125 0.5839348046875 0.5908854171875 0.570052721875 0.5794921875 0.5529042640624999 0.594140625 0.55535404375 0.6445963546875 0.5651531624999999 0.8073567703125001 0.579035246875 0.8057291671875 0.5798518390625 0.6673828125 0.5855679921875 0.6511067703125
6 0.6157819390625 0.711328125 0.6182317187499999 0.633203125 0.6165985328125 0.5908854171875 0.603533040625 0.5762369796875 0.586384584375 0.5957682296875 0.5872011781250001 0.633203125 0.5937339234375 0.6608723953125 0.604349634375 0.7813151046875 0.6182317187499999 0.7813151046875 0.6157819390625 0.711328125
6 0.6680439015624999 0.7341145828125 0.6525286312499999 0.6380859375 0.653345225 0.6104166671875 0.648445665625 0.5664713546875 0.6288474296875 0.5632161453125 0.6165985328125 0.584375 0.6198649046875 0.6218098953125 0.6288474296875 0.6397135421875 0.653345225 0.7520182296875 0.6647775296875 0.7617838546875 0.6680439015624999 0.7341145828125
4 0.7170394921875001 0.6315755203125 0.7056071875 0.6055338546875 0.7056071875 0.5632161453125 0.6949914765625 0.5322916671875 0.649262259375 0.5632161453125 0.6549784109375001 0.6022786453125 0.6688604953125 0.6299479171875 0.6811093921875 0.6869140625 0.69825785 0.7276041671875 0.7366377281250001 0.711328125 0.7170394921875001 0.6315755203125
4 0.75868574375 0.56484375 0.755419371875 0.5208984375 0.7448036609375001 0.49811197968750004 0.7325547625 0.48346354218750004 0.701524221875 0.5208984375 0.7080569671875 0.5680989578125 0.7235722375 0.5908854171875 0.7619521171875 0.6559895828125 0.7807337609375 0.6364583328125 0.75868574375 0.56484375
14 0.347122784375 0.5925130203125 0.34059003906249996 0.6299479171875 0.3275245484375 0.7471354171875 0.32670795625000004 0.7780598953125 0.3373236671875 0.7878255203125 0.365904428125 0.6608723953125 0.374070359375 0.6380859375 0.3773367328125 0.5973958328125 0.347122784375 0.5925130203125
12 0.32915773593750003 0.64296875 0.3414066328125 0.6234375 0.34467300624999997 0.584375 0.2973106015625 0.5469401046875 0.28914466875 0.584375 0.2883280765625 0.6169270828125 0.27281280625000004 0.6836588546875 0.259747315625 0.7259765625 0.294860821875 0.7666666671875 0.32915773593750003 0.64296875
12 0.242598859375 0.5339192703125 0.2181010640625 0.6478515625 0.241782265625 0.6641276046875 0.285061703125 0.5925130203125 0.295677415625 0.5420572921875 0.26056390937499996 0.496484375 0.2532145703125 0.5046223953125 0.242598859375 0.5339192703125