13 0.31323416875 0.36708984375 0.3156839484375 0.46474609375 0.304659940625 0.535546875 0.338956853125 0.55751953125 0.3732537671875 0.5404296875 0.3646795375 0.4818359375 0.365904428125 0.41103515625 0.3414066328125 0.32314453125 0.31323416875 0.36708984375
9 0.41000045937499996 0.48671875 0.3977515625 0.57216796875 0.41490001875000004 0.5892578125 0.4430724828125 0.574609375 0.44797204218750003 0.38173828125 0.43572314375000004 0.35 0.419799578125 0.38173828125 0.41000045937499996 0.48671875
1 0.581485025 0.4134765625 0.5753605765625001 0.4623046875 0.5753605765625001 0.5404296875 0.5716859078125001 0.58193359375 0.5900592546875 0.613671875 0.6023081515625 0.60146484375 0.6072077109375 0.53798828125 0.6023081515625 0.4037109375 0.581485025 0.4134765625
5 0.6562033015625001 0.5208984375 0.66232775 0.43056640625 0.6415046234374999 0.4037109375 0.6121072703125 0.44765625 0.6121072703125 0.52333984375 0.6059828203125 0.555078125 0.603533040625 0.60390625 0.65865308125 0.613671875 0.6562033015625001 0.5208984375
3 0.5578038234375 0.40208333281249997 0.5496378921875 0.476953125 0.54800470625 0.5306640625 0.5406553671875 0.5664713546875 0.542288553125 0.5925130203125 0.5741356875 0.594140625 0.5725025015625 0.5469401046875 0.5757688734374999 0.3972005203125 0.5578038234375 0.40208333281249997
3 0.525140096875 0.3858072921875 0.5177907578125 0.47044270781249997 0.5137077921875 0.5192708328125 0.5030920812499999 0.5794921875 0.53902218125 0.5925130203125 0.543105146875 0.5453125 0.542288553125 0.43626302031249997 0.5357558078125 0.3825520828125 0.525140096875 0.3858072921875
14 0.4475637453125 0.6022786453125 0.42551572968749996 0.6185546875 0.4304152890625 0.68203125 0.427148915625 0.740625 0.43449825468750003 0.7813151046875 0.4508301171875 0.7585286453125 0.4565462703125 0.7031901046875 0.45572967656249996 0.6625 0.4565462703125 0.6283203125 0.4475637453125 0.6022786453125
10 0.45817945625 0.6348307296875 0.46226242187500005 0.6641276046875 0.4696117609375 0.76015625 0.4843104375 0.7455078125 0.481044065625 0.6559895828125 0.4843104375 0.5827473953125 0.45572967656249996 0.5827473953125 0.45817945625 0.6348307296875
10 0.507991640625 0.5973958328125 0.48757681093749994 0.5876302078125 0.485943625 0.6234375 0.485943625 0.6738932296875 0.48757681093749994 0.750390625 0.5022754875000001 0.750390625 0.4998257078125 0.6445963546875 0.507991640625 0.5973958328125
2 0.525140096875 0.6559895828125 0.5267732828125 0.6087890625 0.5226903171874999 0.594140625 0.5112580125 0.594140625 0.503908675 0.6348307296875 0.5047252671875 0.6559895828125 0.503908675 0.750390625 0.516974165625 0.7536458328125 0.525140096875 0.6559895828125
2 0.5292230625000001 0.6576171875 0.5235069109375 0.7389973953125 0.53902218125 0.7471354171875 0.5537208578125 0.6071614578125 0.5275898765625 0.5973958328125 0.5292230625000001 0.6576171875
6 0.5765854671875 0.7780598953125 0.5798518390625 0.7080729171875 0.577402059375 0.6673828125 0.5823016187500001 0.6576171875 0.5831182125 0.6169270828125 0.5749522812500001 0.5973958328125 0.5545374515625 0.5990234375 0.5520876718750001 0.6511067703125 0.5520876718750001 0.6755208328125 0.55698723125 0.7438802078125 0.569236128125 0.789453125 0.5765854671875 0.7780598953125