3 0.4969676328125 0.44033203125 0.49819252187499996 0.5404296875 0.4871685140625 0.60634765625 0.5141160890625 0.633203125 0.528814765625 0.62587890625 0.534939215625 0.5404296875 0.521465428125 0.418359375 0.4969676328125 0.418359375 0.4969676328125 0.44033203125
3 0.5337143249999999 0.40126953125 0.5410636640625001 0.52578125 0.5337143249999999 0.62099609375 0.5582121203125 0.64052734375 0.5667863484375 0.5306640625 0.5606619 0.4232421875 0.5337143249999999 0.40126953125
1 0.5974085921875 0.51357421875 0.5974085921875 0.3890625 0.5765854671875 0.3744140625 0.56433656875 0.4134765625 0.5716859078125001 0.5111328125 0.56433656875 0.59658203125 0.5900592546875 0.613671875 0.6072077109375 0.5892578125 0.5974085921875 0.51357421875
7 0.6378299546874999 0.39638671875 0.630480615625 0.476953125 0.6182317187499999 0.51357421875 0.6329303953125 0.56240234375 0.657428190625 0.5599609375 0.65865308125 0.50625 0.6684521984375 0.3841796875 0.643954403125 0.37685546875 0.6378299546874999 0.39638671875
5 0.6868255453125001 0.3451171875 0.6635526390625001 0.35244140625 0.6721268671875 0.3841796875 0.6672273093750001 0.4623046875 0.65865308125 0.57216796875 0.7211224578125 0.57705078125 0.7088735609375 0.46962890625 0.6868255453125001 0.3451171875
5 0.7713429390625001 0.50869140625 0.7443953640625 0.4427734375 0.7260220171875 0.34267578125 0.7174477890625 0.3109375 0.6905002140625001 0.34755859375 0.714998009375 0.4623046875 0.7174477890625 0.5306640625 0.7235722375 0.55751953125 0.741945584375 0.52822265625 0.7713429390625001 0.50869140625
11 0.44919693125000004 0.437890625 0.453396553125 0.509040178125 0.4554963640625 0.5536830359375 0.46179579843749996 0.6290178578125001 0.48769346718750006 0.6234375 0.4883934046875 0.56484375 0.471594915625 0.418359375 0.44919693125000004 0.4197544640625 0.44919693125000004 0.437890625
11 0.4260990109375 0.41138392812499996 0.42119945156250005 0.43091517812499996 0.42189938906249996 0.5467075890624999 0.41420008125 0.5704241078125001 0.419099640625 0.6234375 0.454096490625 0.6220424109375 0.454796428125 0.571819196875 0.4477970578125 0.535546875 0.444297371875 0.4295200890625 0.4260990109375 0.41138392812499996
9 0.40440096406250003 0.3876674109375 0.3862026015625 0.3974330359375 0.392502034375 0.542522321875 0.419799578125 0.552287946875 0.419099640625 0.46439732187500005 0.41280020781250004 0.4071986609375 0.40440096406250003 0.3876674109375
15 0.3694041125 0.3890625 0.35890505781250004 0.4030133921875 0.35820512031249996 0.47416294687500005 0.3554053734375 0.509040178125 0.34630619218750003 0.5536830359375 0.3638046171875 0.5857700890624999 0.39110215937500004 0.5704241078125001 0.3890023484375 0.516015625 0.383402853125 0.3974330359375 0.3694041125 0.3890625
15 0.34350644375 0.3681361609375 0.33020764062499997 0.3639508921875 0.3316075140625 0.38487723281249997 0.3225083328125 0.4922991078125 0.3113093421875 0.542522321875 0.32530808125 0.571819196875 0.339306821875 0.5662388390624999 0.3498058765625 0.5271763390624999 0.3533055625 0.4909040171875 0.3498058765625 0.4002232140625 0.34350644375 0.3681361609375
13 0.2889113578125 0.5508928578125001 0.30430997187500003 0.542522321875 0.30430997187500003 0.46997767812499996 0.313409153125 0.3737165171875 0.2931109796875 0.333258928125 0.277712365625 0.343024553125 0.2672133109375 0.4420758921875 0.25531438125 0.47974330312499996 0.25391450625 0.5104352671875 0.2672133109375 0.5397321421875 0.2889113578125 0.5508928578125001
13 0.223817215625 0.4518415171875 0.23711601875000002 0.5006696421875 0.251114759375 0.49369419687500005 0.26441356250000003 0.4490513390625 0.2756125546875 0.3220982140625 0.24621520000000002 0.313727678125 0.24201557812500002 0.333258928125 0.223817215625 0.4518415171875
12 0.22101746718749998 0.645758928125 0.24551526250000003 0.616462053125 0.2665133734375 0.60390625 0.27211286874999996 0.5760044640624999 0.2749126171875 0.5634486609375 0.2434154515625 0.4978794640625 0.2315165234375 0.496484375 0.22241734218749998 0.5439174109375 0.1769214359375 0.591350446875 0.18462074374999998 0.6373883921875 0.22101746718749998 0.645758928125
14 0.34420638124999997 0.613671875 0.338606884375 0.6638950890624999 0.338606884375 0.789453125 0.34420638124999997 0.7936383921875 0.356805246875 0.769921875 0.365904428125 0.6764508921875 0.3820029796875 0.6248325890624999 0.356805246875 0.60390625 0.34420638124999997 0.613671875
14 0.36100486875 0.815959821875 0.3820029796875 0.7950334828125001 0.3995014046875 0.691796875 0.409300521875 0.652734375 0.400901278125 0.6276227671875 0.3848027265625 0.613671875 0.3715039234375 0.6611049109375 0.3729037984375 0.6806361609375 0.365204490625 0.762946428125 0.3512057515625 0.8034040171875001 0.36100486875 0.815959821875
8 0.409300521875 0.8006138390625 0.43239844375 0.7057477671875 0.44009774999999995 0.6443638390624999 0.428898759375 0.633203125 0.4079006484375 0.633203125 0.4058008375 0.6736607140624999 0.3988014671875 0.723883928125 0.38270291562500003 0.802008928125 0.39040222343750003 0.8340959828125 0.409300521875 0.8006138390625
10 0.46809523124999997 0.6569196421875 0.4386978765625 0.6471540171875 0.436598065625 0.6959821421875 0.43239844375 0.7392299109375 0.42189938906249996 0.8103794640625 0.437298003125 0.811774553125 0.45759617500000005 0.7322544640624999 0.46809523124999997 0.6569196421875
10 0.4918930890625 0.6666852671875 0.4918930890625 0.6513392859375 0.471594915625 0.645758928125 0.46179579843749996 0.7196986609375 0.44079768750000003 0.808984375 0.45059680625 0.8173549109374999 0.47929422343750006 0.7322544640624999 0.4918930890625 0.6666852671875
2 0.48909334062500004 0.6973772328125001 0.46739529375 0.776897321875 0.5002923328125 0.7936383921875 0.5107913890625 0.6680803578125001 0.4918930890625 0.659709821875 0.48909334062500004 0.6973772328125001
2 0.5135911359375 0.655524553125 0.5009922703125 0.8075892859374999 0.5156909468750001 0.811774553125 0.5394888046874999 0.6638950890624999 0.5317894984375 0.6471540171875 0.5135911359375 0.655524553125
0 0.5499878609375 0.6541294640624999 0.53878886875 0.6764508921875 0.5233902546875 0.786662946875 0.569586096875 0.7936383921875 0.57238584375 0.6973772328125001 0.5667863484375 0.652734375 0.5499878609375 0.6541294640624999
6 0.6010832625 0.6680803578125001 0.59058420625 0.6290178578125001 0.57238584375 0.6192522328125001 0.5674862859375 0.6415736609375 0.5716859078125001 0.698772321875 0.603883009375 0.7978236609375 0.6241811828125 0.7838727671875 0.6059828203125 0.711328125 0.6010832625 0.6680803578125001
6 0.6528786 0.7448102671875 0.6423795453125 0.68203125 0.639579796875 0.6485491078125001 0.6276808671875 0.601116071875 0.6164818765625 0.5927455359375 0.59198408125 0.616462053125 0.603883009375 0.6666852671875 0.612982190625 0.691796875 0.6332803640625 0.767131696875 0.6500788515625 0.7755022328125001 0.6528786 0.7448102671875
4 0.763468646875 0.5174107140624999 0.736871040625 0.5411272328125001 0.7228723015625 0.5690290171875 0.7179727421875 0.584375 0.727771859375 0.6150669640624999 0.746670159375 0.6192522328125001 0.7781673234375 0.6471540171875 0.8068647421874999 0.645758928125 0.8187636703125 0.6541294640624999 0.8278628515625 0.620647321875 0.7760675125 0.542522321875 0.763468646875 0.5174107140624999