3 0.49819252187499996 0.35558035781249997 0.4827939078125 0.5313616078125001 0.4918930890625 0.56484375 0.5100914515625 0.5634486609375 0.514991009375 0.5215959828125001 0.5142910734374999 0.362555803125 0.49819252187499996 0.35558035781249997
11 0.462495734375 0.3513950890625 0.4568962390625 0.362555803125 0.4470971203125 0.42533482187500005 0.444997309375 0.5271763390624999 0.454096490625 0.5564732140624999 0.47089497812500003 0.5564732140624999 0.479994159375 0.496484375 0.471594915625 0.398828125 0.471594915625 0.366741071875 0.462495734375 0.3513950890625
15 0.365904428125 0.3095424109375 0.3533055625 0.3123325890625 0.339306821875 0.386272321875 0.3225083328125 0.4197544640625 0.3190086484375 0.46439732187500005 0.3323074515625 0.46997767812499996 0.3554053734375 0.46021205312499996 0.36240474375 0.4323102671875 0.3722038609375 0.32628348281249997 0.365904428125 0.3095424109375
12 0.2707129953125 0.6443638390624999 0.3106094046875 0.5760044640624999 0.3169088375 0.5564732140624999 0.3106094046875 0.528571428125 0.2889113578125 0.50625 0.2630136875 0.5313616078125001 0.23291639687500001 0.6625 0.2448153265625 0.6806361609375 0.2707129953125 0.6443638390624999
14 0.39670165625 0.5760044640624999 0.391802096875 0.5453125 0.375003609375 0.532756696875 0.35890505781250004 0.5341517859375 0.3456062546875 0.5983258921875 0.339306821875 0.689006696875 0.32600801874999996 0.7350446421875 0.3330073890625 0.757366071875 0.3449063171875 0.7517857140624999 0.36100486875 0.7071428578125001 0.38830241249999997 0.6276227671875 0.39670165625 0.5760044640624999
10 0.427498884375 0.786662946875 0.45269661718750004 0.6736607140624999 0.45759617500000005 0.5983258921875 0.45269661718750004 0.584375 0.43449825468750003 0.571819196875 0.42049951406249997 0.6290178578125001 0.42329926249999994 0.652734375 0.41000045937499996 0.769921875 0.41490001875000004 0.7978236609375 0.427498884375 0.786662946875
8 0.4337983171875 0.5704241078125001 0.41350014375 0.552287946875 0.40370102656249995 0.5662388390624999 0.39110215937500004 0.613671875 0.3715039234375 0.7657366078125001 0.37990316874999996 0.776897321875 0.3897022859375 0.762946428125 0.4086005859375 0.6862165171875 0.41839970312499997 0.645758928125 0.4246991359375 0.5983258921875 0.4337983171875 0.5704241078125001
10 0.47929422343750006 0.6150669640624999 0.4743946640625 0.60390625 0.46109586093750005 0.596930803125 0.4554963640625 0.6638950890624999 0.45269661718750004 0.7462053578125001 0.45899605 0.7657366078125001 0.476494475 0.762946428125 0.47929422343750006 0.6150669640624999
2 0.48139403437499995 0.6080915171875 0.48139403437499995 0.669475446875 0.47929422343750006 0.7350446421875 0.4939929 0.7448102671875 0.49819252187499996 0.684821428125 0.49889245937500004 0.6248325890624999 0.48139403437499995 0.6080915171875
2 0.52898975 0.7364397328125001 0.5233902546875 0.6387834828125001 0.50169220625 0.6345982140624999 0.5135911359375 0.7364397328125001 0.52898975 0.7364397328125001
0 0.534589246875 0.6415736609375 0.5282898125 0.6583147328125001 0.530389625 0.7420200890624999 0.542288553125 0.743415178125 0.5485879859375 0.6778459828125001 0.542288553125 0.640178571875 0.534589246875 0.6415736609375
4 0.813164175 0.5564732140624999 0.7739677031250001 0.4853236609375 0.7578691515625 0.4295200890625 0.7361711046875 0.4323102671875 0.7235722375 0.4616071421875 0.728471796875 0.528571428125 0.7389708515625 0.538337053125 0.7676682687499999 0.5732142859375 0.799865371875 0.5801897328125001 0.813164175 0.5564732140624999
4 0.7228723015625 0.49369419687500005 0.6997743796875 0.5215959828125001 0.6815760171874999 0.567633928125 0.685075703125 0.5983258921875 0.7165728671875 0.6192522328125001 0.7669683328125 0.6834263390624999 0.7753675765625 0.6736607140624999 0.7774673875 0.6513392859375 0.7396707890625 0.5411272328125001 0.7249721124999999 0.528571428125 0.7228723015625 0.49369419687500005