11 0.49819252187499996 0.48950892812499996 0.4974925859375 0.4267299109375 0.4953927734375 0.3639508921875 0.48979327812499995 0.35 0.4757945375 0.3583705359375 0.471594915625 0.4727678578125 0.46669535624999997 0.503459821875 0.46459554531249997 0.567633928125 0.5009922703125 0.574609375 0.49819252187499996 0.48950892812499996
11 0.46949510468750005 0.45044642812499996 0.471594915625 0.382087053125 0.472294853125 0.34581473281249997 0.4554963640625 0.340234375 0.4519966796875 0.3541852671875 0.4435974359375 0.418359375 0.444297371875 0.46997767812499996 0.444297371875 0.503459821875 0.436598065625 0.542522321875 0.4421975625 0.5634486609375 0.462495734375 0.56484375 0.46669535624999997 0.503459821875 0.46949510468750005 0.45044642812499996
9 0.44639718281249996 0.372321428125 0.444997309375 0.3318638390625 0.43239844375 0.327678571875 0.4260990109375 0.340234375 0.4169998296875 0.39464285781249997 0.41839970312499997 0.46021205312499996 0.4086005859375 0.5341517859375 0.41420008125 0.5606584828125001 0.43169850624999995 0.5564732140624999 0.44079768750000003 0.5048549109375 0.44079768750000003 0.46021205312499996 0.44639718281249996 0.372321428125
15 0.4169998296875 0.4462611609375 0.41490001875000004 0.376506696875 0.42049951406249997 0.3388392859375 0.3890023484375 0.33604910781249997 0.392502034375 0.35 0.3820029796875 0.418359375 0.3757035453125 0.4630022328125 0.3722038609375 0.5299665171875 0.3757035453125 0.5508928578125001 0.3890023484375 0.5411272328125001 0.393201971875 0.5271763390624999 0.4051009 0.5439174109375 0.4169998296875 0.4462611609375
13 0.37010405 0.428125 0.3687041765625 0.366741071875 0.357505184375 0.323493303125 0.3169088375 0.340234375 0.312709215625 0.362555803125 0.329507703125 0.4434709828125 0.3246081453125 0.5118303578125001 0.3316075140625 0.5369419640624999 0.3456062546875 0.5313616078125001 0.36240474375 0.542522321875 0.3708039875 0.535546875 0.3736037359375 0.46021205312499996 0.37010405 0.428125
13 0.25531438125 0.4616071421875 0.2672133109375 0.4727678578125 0.2819119875 0.4727678578125 0.29101116875 0.44068080312499996 0.2889113578125 0.4030133921875 0.2882114203125 0.3248883921875 0.2819119875 0.28722098281249997 0.2700130578125 0.27745535781249997 0.250414821875 0.30675223281249997 0.2525146328125 0.3681361609375 0.23781595625000002 0.418359375 0.2399157671875 0.44486607187500005 0.25531438125 0.4616071421875
3 0.533189371875 0.5076450890624999 0.534589246875 0.4685825890625 0.534589246875 0.4099888390625 0.5324894359375001 0.347209821875 0.5142910734374999 0.3416294640625 0.5086915765625 0.476953125 0.5023921437500001 0.5313616078125001 0.5030920812499999 0.5732142859375 0.53808893125 0.577399553125 0.5408886796875 0.5467075890624999 0.533189371875 0.5076450890624999
3 0.5646865375 0.48392857187500005 0.565386475 0.4323102671875 0.5576871671875 0.39464285781249997 0.5548874203125 0.347209821875 0.5366890578125 0.3444196421875 0.53738899375 0.513225446875 0.5436884281250001 0.542522321875 0.5408886796875 0.567633928125 0.5681862234375 0.562053571875 0.5716859078125001 0.532756696875 0.5646865375 0.48392857187500005
1 0.5954837656249999 0.46021205312499996 0.5898842703125 0.379296875 0.59128414375 0.33604910781249997 0.5842847734375 0.317912946875 0.57308578125 0.3346540171875 0.5674862859375 0.43510044687500005 0.569586096875 0.46997767812499996 0.5674862859375 0.48950892812499996 0.57238584375 0.552287946875 0.587784459375 0.5606584828125001 0.596183703125 0.5439174109375 0.5968836390625001 0.503459821875 0.5954837656249999 0.46021205312499996
7 0.613682128125 0.5662388390624999 0.6297806796875001 0.5467075890624999 0.6192816234375 0.4657924109375 0.622781309375 0.3318638390625 0.6192816234375 0.320703125 0.6010832625 0.3193080359375 0.5926840171875 0.379296875 0.5982835140625 0.44068080312499996 0.5982835140625 0.5439174109375 0.604582946875 0.5439174109375 0.613682128125 0.5662388390624999
7 0.6458792296875 0.4420758921875 0.6458792296875 0.317912946875 0.6255810578125 0.3151227671875 0.622081371875 0.46021205312499996 0.631180553125 0.5313616078125001 0.6360801125 0.5397321421875 0.647979040625 0.5467075890624999 0.6556783484375 0.528571428125 0.6458792296875 0.4420758921875
5 0.692775009375 0.5243861609375 0.701874190625 0.5006696421875 0.6948748203124999 0.4490513390625 0.7053738765625 0.4002232140625 0.71517299375 0.337444196875 0.6997743796875 0.3220982140625 0.670377025 0.3318638390625 0.66267771875 0.4127790171875 0.6507787890625 0.4755580359375 0.6556783484375 0.5118303578125001 0.6710769625 0.538337053125 0.692775009375 0.5243861609375
5 0.7410706625000001 0.4727678578125 0.7326714187500001 0.3974330359375 0.7417706 0.3193080359375 0.7333713562499999 0.29140625 0.7207724890625 0.3095424109375 0.7130731828125 0.3737165171875 0.69697463125 0.45044642812499996 0.7032740656249999 0.48671875 0.720072553125 0.48671875 0.7410706625000001 0.4727678578125
8 0.4561963015625 0.669475446875 0.45269661718750004 0.616462053125 0.45269661718750004 0.5829799109375 0.427498884375 0.5885602671875 0.42819882187499997 0.6276227671875 0.426798946875 0.6736607140624999 0.42959869531250006 0.7448102671875 0.426798946875 0.802008928125 0.4330983796875 0.8201450890625 0.44989686874999996 0.802008928125 0.4561963015625 0.7364397328125001 0.4561963015625 0.669475446875
10 0.4771944125 0.591350446875 0.453396553125 0.5885602671875 0.45829611249999996 0.669475446875 0.45829611249999996 0.6973772328125001 0.462495734375 0.8075892859374999 0.48069409687500003 0.806194196875 0.47929422343750006 0.711328125 0.476494475 0.675055803125 0.4771944125 0.6220424109375 0.4771944125 0.591350446875
10 0.4974925859375 0.5955357140624999 0.4785942859375 0.5899553578125001 0.48139403437499995 0.64296875 0.4820939703125 0.684821428125 0.47929422343750006 0.7713169640624999 0.4967926484375 0.776897321875 0.49959239687499996 0.6541294640624999 0.4974925859375 0.5955357140624999
14 0.38830241249999997 0.6666852671875 0.3981015296875 0.6234375 0.41000045937499996 0.5857700890624999 0.3680042390625 0.5760044640624999 0.3694041125 0.5885602671875 0.36660436406249997 0.6443638390624999 0.3638046171875 0.6708705359375 0.36240474375 0.7169084828125001 0.356105309375 0.7364397328125001 0.35890505781250004 0.7852678578125001 0.37010405 0.7782924109375 0.38060310468749997 0.723883928125 0.38830241249999997 0.6666852671875
14 0.41280020781250004 0.789453125 0.41350014375 0.7643415171875 0.419099640625 0.7029575890624999 0.422599325 0.665290178125 0.4260990109375 0.6094866078125001 0.42049951406249997 0.5927455359375 0.410700396875 0.5885602671875 0.40020134062499996 0.630412946875 0.3988014671875 0.6513392859375 0.39670165625 0.6973772328125001 0.391802096875 0.7685267859375 0.3953017828125 0.7978236609375 0.41280020781250004 0.789453125
12 0.29031123124999997 0.689006696875 0.30430997187500003 0.6485491078125001 0.320408521875 0.6318080359375 0.3365070734375 0.6080915171875 0.3449063171875 0.5829799109375 0.3197085859375 0.5341517859375 0.2980105375 0.5174107140624999 0.286811546875 0.5606584828125001 0.2651134984375 0.6025111609375 0.2294167109375 0.652734375 0.263713625 0.7196986609375 0.29031123124999997 0.689006696875
12 0.2742126796875 0.574609375 0.285411671875 0.5592633921875 0.3015102234375 0.5118303578125001 0.2749126171875 0.48392857187500005 0.24971488437499997 0.4685825890625 0.24551526250000003 0.47974330312499996 0.2385158921875 0.528571428125 0.224517153125 0.5592633921875 0.22101746718749998 0.5997209828125001 0.20071929531250002 0.6248325890624999 0.22031753125 0.6611049109375 0.2441153890625 0.6290178578125001 0.2616138140625 0.601116071875 0.2742126796875 0.574609375
2 0.5191906328125 0.5997209828125001 0.49959239687499996 0.5927455359375 0.50169220625 0.6834263390624999 0.5051918921875 0.7294642859375 0.5044919546875 0.79921875 0.524790128125 0.811774553125 0.5184906953125 0.675055803125 0.5191906328125 0.5997209828125001
2 0.5394888046874999 0.6736607140624999 0.542288553125 0.655524553125 0.5415886171875 0.594140625 0.52129044375 0.591350446875 0.5226903171874999 0.6736607140624999 0.5261900015625 0.747600446875 0.5268899390625 0.7978236609375 0.5499878609375 0.79921875 0.542988490625 0.730859375 0.5394888046874999 0.6736607140624999
0 0.581485025 0.8201450890625 0.5702860328125 0.743415178125 0.57238584375 0.689006696875 0.5674862859375 0.645758928125 0.5702860328125 0.5983258921875 0.5625867265625 0.591350446875 0.542288553125 0.5857700890624999 0.5450883015625 0.630412946875 0.5450883015625 0.6764508921875 0.5506877968749999 0.7643415171875 0.5625867265625 0.8243303578125 0.581485025 0.8201450890625
6 0.60948250625 0.7852678578125001 0.5996833875 0.6904017859375 0.5940838921875 0.6248325890624999 0.594783828125 0.591350446875 0.5709859703125 0.5885602671875 0.569586096875 0.6415736609375 0.5751855921875 0.665290178125 0.5807850890624999 0.711328125 0.5982835140625 0.8047991078125 0.6059828203125 0.8034040171875001 0.60948250625 0.7852678578125001
6 0.6325804265625 0.789453125 0.64377941875 0.7908482140624999 0.6465791671875001 0.7364397328125001 0.6283808046875 0.6345982140624999 0.6297806796875001 0.616462053125 0.6248811203125 0.577399553125 0.6087825687499999 0.5704241078125001 0.5954837656249999 0.5829799109375 0.5954837656249999 0.6122767859375 0.604582946875 0.6443638390624999 0.6108823796875 0.689006696875 0.6192816234375 0.7155133921875 0.6325804265625 0.789453125
4 0.6731767734375 0.5397321421875 0.6528786 0.587165178125 0.66267771875 0.6178571421875 0.6864755765624999 0.640178571875 0.7263719859375 0.72109375 0.7620687734375 0.665290178125 0.7305716078125 0.6094866078125001 0.7130731828125 0.5787946421875 0.7032740656249999 0.5174107140624999 0.6731767734375 0.5397321421875
4 0.7977655609375 0.633203125 0.76836820625 0.5760044640624999 0.7585690875 0.5271763390624999 0.7522696546875001 0.4783482140625 0.7221723640625 0.48671875 0.70677375 0.509040178125 0.7123732453125 0.56484375 0.7340712921875 0.6025111609375 0.7480700328125 0.6373883921875 0.7669683328125 0.6625 0.7977655609375 0.633203125