11 0.46109586093750005 0.5202008921875 0.4736947265625 0.5397321421875 0.50169220625 0.5313616078125001 0.5044919546875 0.46997767812499996 0.4967926484375 0.437890625 0.49959239687499996 0.376506696875 0.4834938453125 0.29140625 0.47089497812500003 0.2830357140625 0.4652954828125 0.308147321875 0.46669535624999997 0.359765625 0.4652954828125 0.391852678125 0.4652954828125 0.4462611609375 0.46109586093750005 0.46021205312499996 0.46109586093750005 0.5202008921875
11 0.4603959234375 0.5202008921875 0.45899605 0.46439732187500005 0.462495734375 0.45044642812499996 0.46109586093750005 0.4197544640625 0.46109586093750005 0.382087053125 0.463195671875 0.3444196421875 0.463195671875 0.30675223281249997 0.44639718281249996 0.3053571421875 0.4386978765625 0.3513950890625 0.4337983171875 0.39464285781249997 0.43029863281249997 0.4434709828125 0.42189938906249996 0.476953125 0.4253990734375 0.5118303578125001 0.435198190625 0.5313616078125001 0.45129674218750004 0.532756696875 0.4603959234375 0.5202008921875
9 0.422599325 0.49927455312499996 0.419099640625 0.4713727671875 0.42819882187499997 0.44765625 0.4246991359375 0.4030133921875 0.428898759375 0.3444196421875 0.43029863281249997 0.31651785781249997 0.4239992 0.2830357140625 0.4162998921875 0.271875 0.4051009 0.274665178125 0.40440096406250003 0.33046875 0.3995014046875 0.3779017859375 0.39460184531250003 0.437890625 0.38690253750000003 0.4783482140625 0.39600171875 0.5243861609375 0.4051009 0.52578125 0.42049951406249997 0.5146205359375 0.422599325 0.49927455312499996
15 0.3848027265625 0.47416294687500005 0.39040222343750003 0.4490513390625 0.393201971875 0.4239397328125 0.3988014671875 0.356975446875 0.3995014046875 0.3109375 0.3995014046875 0.284430803125 0.3897022859375 0.271875 0.3771034203125 0.27745535781249997 0.3715039234375 0.31651785781249997 0.3694041125 0.37511160781249997 0.3638046171875 0.4099888390625 0.3540054984375 0.4713727671875 0.3596049953125 0.509040178125 0.3722038609375 0.509040178125 0.3813030421875 0.496484375 0.38830241249999997 0.48950892812499996 0.3848027265625 0.47416294687500005
15 0.3694041125 0.313727678125 0.3708039875 0.2900111609375 0.3673043015625 0.2635044640625 0.35470543593750004 0.2635044640625 0.349105940625 0.2760602671875 0.34280650625 0.32628348281249997 0.3358071375 0.35558035781249997 0.3351072 0.4141741078125 0.3358071375 0.46439732187500005 0.352605625 0.4671875 0.36310467968750004 0.4002232140625 0.3680042390625 0.362555803125 0.3694041125 0.313727678125
13 0.3232082703125 0.4630022328125 0.32670795625000004 0.4560267859375 0.333707325 0.45044642812499996 0.3330073890625 0.366741071875 0.3358071375 0.333258928125 0.329507703125 0.2565290171875 0.29101116875 0.255133928125 0.29171110625 0.2732700890625 0.2931109796875 0.3639508921875 0.286111609375 0.39464285781249997 0.277712365625 0.418359375 0.2784123015625 0.4420758921875 0.28961129375 0.4685825890625 0.305009909375 0.4685825890625 0.3099094671875 0.46021205312499996 0.3232082703125 0.4630022328125
13 0.2749126171875 0.418359375 0.2840117984375 0.398828125 0.2819119875 0.376506696875 0.2882114203125 0.327678571875 0.2875114828125 0.249553571875 0.2791122390625 0.2188616078125 0.26441356250000003 0.22583705312500002 0.2616138140625 0.2411830359375 0.250414821875 0.2900111609375 0.250414821875 0.3318638390625 0.2357161453125 0.366741071875 0.22661696406249998 0.396037946875 0.2385158921875 0.44068080312499996 0.2630136875 0.4560267859375 0.277712365625 0.4392857140625 0.2749126171875 0.418359375
13 0.247615075 0.3290736609375 0.2490149484375 0.284430803125 0.26441356250000003 0.220256696875 0.2623137515625 0.1881696421875 0.250414821875 0.18258928593749998 0.23711601875000002 0.1881696421875 0.2315165234375 0.2118861609375 0.2231172796875 0.2481584828125 0.20211916875 0.269084821875 0.188820365625 0.3053571421875 0.2077186640625 0.3388392859375 0.21331816093749997 0.3513950890625 0.22031753125 0.352790178125 0.2385158921875 0.3583705359375 0.247615075 0.3290736609375
3 0.524790128125 0.532756696875 0.542988490625 0.5243861609375 0.5471881125 0.47974330312499996 0.5408886796875 0.4323102671875 0.5457882390625 0.3834821421875 0.5471881125 0.320703125 0.5541874828125 0.274665178125 0.5268899390625 0.2662946421875 0.5177907578125 0.320703125 0.5100914515625 0.39464285781249997 0.5037920171875 0.4462611609375 0.5051918921875 0.457421875 0.5030920812499999 0.5243861609375 0.524790128125 0.532756696875
3 0.5506877968749999 0.4727678578125 0.5457882390625 0.5118303578125001 0.5639866 0.5299665171875 0.578685278125 0.5104352671875 0.5828849 0.47416294687500005 0.57448565625 0.4323102671875 0.577285403125 0.4169642859375 0.5737857187500001 0.37511160781249997 0.57238584375 0.2900111609375 0.5681862234375 0.27745535781249997 0.55698723125 0.2732700890625 0.5534875453125 0.3123325890625 0.5506877968749999 0.359765625 0.55558735625 0.42533482187500005 0.54788805 0.46021205312499996 0.5506877968749999 0.4727678578125
1 0.5821849625 0.496484375 0.6024831359375 0.518805803125 0.6108823796875 0.5118303578125001 0.6171818124999999 0.4727678578125 0.60948250625 0.4225446421875 0.60948250625 0.4002232140625 0.604582946875 0.359765625 0.603883009375 0.27745535781249997 0.587084521875 0.2760602671875 0.579385215625 0.3025669640625 0.579385215625 0.347209821875 0.5821849625 0.38487723281249997 0.5807850890624999 0.4532366078125 0.5849847109375 0.46997767812499996 0.5821849625 0.496484375
7 0.62698093125 0.49927455312499996 0.638879859375 0.509040178125 0.6500788515625 0.5020647328125001 0.649378915625 0.4657924109375 0.6409796703125 0.4323102671875 0.6346802390625 0.3513950890625 0.635380175 0.3025669640625 0.6255810578125 0.2928013390625 0.6122822546875 0.3109375 0.6108823796875 0.3779017859375 0.613682128125 0.4267299109375 0.6199815609375 0.46997767812499996 0.6157819390625 0.49927455312499996 0.62698093125 0.49927455312499996
7 0.6633776546875 0.4657924109375 0.6689771515625 0.391852678125 0.6647775296875 0.3583705359375 0.6633776546875 0.294196428125 0.6598779703125001 0.2858258921875 0.6458792296875 0.288616071875 0.638879859375 0.3444196421875 0.638879859375 0.37511160781249997 0.6423795453125 0.4239397328125 0.6500788515625 0.4685825890625 0.6633776546875 0.4657924109375
5 0.6752765843749999 0.5020647328125001 0.6913751359375 0.4922991078125 0.694174884375 0.503459821875 0.70677375 0.4978794640625 0.7172728046875 0.4616071421875 0.7130731828125 0.43091517812499996 0.7046739390625001 0.3974330359375 0.7074736859375 0.36534598281249997 0.7046739390625001 0.2900111609375 0.6913751359375 0.271875 0.6731767734375 0.2900111609375 0.667577278125 0.343024553125 0.6710769625 0.37511160781249997 0.670377025 0.396037946875 0.66267771875 0.4685825890625 0.6752765843749999 0.5020647328125001
5 0.7179727421875 0.4434709828125 0.7179727421875 0.4713727671875 0.729171734375 0.4783482140625 0.7431704734375 0.4588169640625 0.7529695921874999 0.4560267859375 0.7627687109375 0.44068080312499996 0.759269025 0.4030133921875 0.7417706 0.35558035781249997 0.7417706 0.320703125 0.7340712921875 0.2509486609375 0.7270719234375 0.2467633921875 0.711673309375 0.2481584828125 0.7074736859375 0.278850446875 0.7088735609375 0.333258928125 0.7123732453125 0.3806919640625 0.7123732453125 0.4225446421875 0.7179727421875 0.4434709828125
5 0.7627687109375 0.4295200890625 0.7844667578125 0.4392857140625 0.7963656859375 0.418359375 0.8019651828125 0.3904575890625 0.799865371875 0.36534598281249997 0.7830668828125 0.33604910781249997 0.76836820625 0.3025669640625 0.763468646875 0.2369977671875 0.7536695296875 0.2314174109375 0.7410706625000001 0.2565290171875 0.7410706625000001 0.294196428125 0.7487699703125 0.347209821875 0.754369465625 0.382087053125 0.7627687109375 0.4071986609375 0.7627687109375 0.4295200890625
10 0.5086915765625 0.740625 0.5261900015625 0.740625 0.5184906953125 0.6471540171875 0.5191906328125 0.610881696875 0.5156909468750001 0.557868303125 0.5051918921875 0.552287946875 0.48769346718750006 0.5606584828125001 0.48979327812499995 0.6025111609375 0.4946928375 0.620647321875 0.49889245937500004 0.665290178125 0.5009922703125 0.708537946875 0.5086915765625 0.740625
2 0.5401887421875 0.747600446875 0.54788805 0.7224888390624999 0.5443883640625 0.6973772328125001 0.5443883640625 0.669475446875 0.5394888046874999 0.633203125 0.5408886796875 0.6080915171875 0.5352891828125 0.571819196875 0.5310895609374999 0.5634486609375 0.5184906953125 0.5634486609375 0.52129044375 0.6080915171875 0.5226903171874999 0.649944196875 0.5261900015625 0.6862165171875 0.5310895609374999 0.7350446421875 0.5401887421875 0.747600446875
2 0.54788805 0.6904017859375 0.5499878609375 0.737834821875 0.55698723125 0.7657366078125001 0.569586096875 0.76015625 0.5681862234375 0.6931919640624999 0.5639866 0.6373883921875 0.568886159375 0.6192522328125001 0.5681862234375 0.5690290171875 0.5660864125 0.5592633921875 0.5394888046874999 0.555078125 0.5359891203125 0.56484375 0.5415886171875 0.5955357140624999 0.5415886171875 0.6192522328125001 0.5443883640625 0.6387834828125001 0.54788805 0.6904017859375
0 0.5849847109375 0.792243303125 0.5975835765624999 0.782477678125 0.5940838921875 0.7364397328125001 0.596183703125 0.630412946875 0.5989834515625 0.601116071875 0.5968836390625001 0.5760044640624999 0.5821849625 0.5564732140624999 0.568886159375 0.56484375 0.569586096875 0.6192522328125001 0.5716859078125001 0.665290178125 0.57308578125 0.704352678125 0.577985340625 0.7322544640624999 0.5849847109375 0.792243303125
6 0.638879859375 0.645758928125 0.6451792937499999 0.679241071875 0.648678978125 0.7350446421875 0.654278475 0.7615513390624999 0.6731767734375 0.769921875 0.66267771875 0.6178571421875 0.6633776546875 0.5829799109375 0.6633776546875 0.542522321875 0.654278475 0.5299665171875 0.6374799859375 0.5271763390624999 0.631180553125 0.5397321421875 0.622081371875 0.555078125 0.6248811203125 0.5787946421875 0.6332803640625 0.5997209828125001 0.638879859375 0.645758928125
6 0.6276808671875 0.6876116078125001 0.6276808671875 0.633203125 0.6290807421875 0.5983258921875 0.6234812468750001 0.5829799109375 0.6199815609375 0.5439174109375 0.6073826953125 0.5397321421875 0.5989834515625 0.5662388390624999 0.6010832625 0.6053013390624999 0.605282884375 0.645758928125 0.604582946875 0.6806361609375 0.6241811828125 0.769921875 0.6332803640625 0.7587611609375 0.631880490625 0.7127232140624999 0.6276808671875 0.6876116078125001
4 0.720072553125 0.5997209828125001 0.7312715453124999 0.6541294640624999 0.75156971875 0.6959821421875 0.781667009375 0.6708705359375 0.7788672609375 0.6345982140624999 0.764168584375 0.596930803125 0.755769340625 0.5662388390624999 0.75086978125 0.5048549109375 0.7445703484374999 0.49369419687500005 0.7340712921875 0.4825334828125 0.7214724265625 0.509040178125 0.7039740015625 0.49927455312499996 0.6906751984375 0.5215959828125001 0.69697463125 0.562053571875 0.720072553125 0.5997209828125001
10 0.4911931515625 0.6276227671875 0.48909334062500004 0.5955357140624999 0.48559365625 0.562053571875 0.462495734375 0.5508928578125001 0.4568962390625 0.581584821875 0.47019504218749997 0.6862165171875 0.4834938453125 0.7489955359375 0.49959239687499996 0.7392299109375 0.5002923328125 0.7169084828125001 0.49609271093749996 0.6834263390624999 0.4932929625 0.6471540171875 0.4911931515625 0.6276227671875
8 0.454096490625 0.5801897328125001 0.45969598593749994 0.555078125 0.44919693125000004 0.5341517859375 0.42959869531250006 0.552287946875 0.4253990734375 0.5885602671875 0.43029863281249997 0.633203125 0.4309985703125 0.6904017859375 0.435898128125 0.7517857140624999 0.4561963015625 0.7643415171875 0.462495734375 0.7350446421875 0.46179579843749996 0.6290178578125001 0.454096490625 0.5801897328125001
14 0.426798946875 0.6234375 0.42329926249999994 0.5829799109375 0.428898759375 0.5439174109375 0.409300521875 0.5313616078125001 0.3981015296875 0.538337053125 0.38830241249999997 0.574609375 0.391802096875 0.6122767859375 0.3981015296875 0.6708705359375 0.3939019078125 0.7420200890624999 0.40370102656249995 0.7657366078125001 0.41210027031249996 0.747600446875 0.4260990109375 0.672265625 0.426798946875 0.6234375
14 0.387602475 0.620647321875 0.39040222343750003 0.584375 0.38690253750000003 0.562053571875 0.39740159375 0.5313616078125001 0.392502034375 0.5146205359375 0.3729037984375 0.518805803125 0.35890505781250004 0.5271763390624999 0.35470543593750004 0.56484375 0.35820512031249996 0.5983258921875 0.3533055625 0.659709821875 0.3512057515625 0.7057477671875 0.348406003125 0.740625 0.3715039234375 0.733649553125 0.38060310468749997 0.672265625 0.387602475 0.620647321875
12 0.3512057515625 0.584375 0.35470543593750004 0.574609375 0.35470543593750004 0.5369419640624999 0.3729037984375 0.5118303578125001 0.356105309375 0.5076450890624999 0.3519056875 0.5006696421875 0.32530808125 0.4909040171875 0.3183087109375 0.4922991078125 0.3015102234375 0.5439174109375 0.30710971875 0.5592633921875 0.267913246875 0.679241071875 0.30850959375000003 0.7322544640624999 0.3225083328125 0.7057477671875 0.3379069484375 0.6625 0.348406003125 0.616462053125 0.3512057515625 0.584375
12 0.29451085312499997 0.577399553125 0.302910096875 0.557868303125 0.298710475 0.5397321421875 0.3183087109375 0.4811383921875 0.29381091718749996 0.4727678578125 0.28121205 0.4727678578125 0.269313121875 0.457421875 0.2567142546875 0.4616071421875 0.25601431875 0.476953125 0.2483150109375 0.4922991078125 0.250414821875 0.542522321875 0.242715515625 0.581584821875 0.21891765625 0.6415736609375 0.25391450625 0.689006696875 0.2658134359375 0.6680803578125001 0.2798121765625 0.630412946875 0.29451085312499997 0.577399553125
12 0.24971488437499997 0.5118303578125001 0.24621520000000002 0.4922991078125 0.2525146328125 0.4727678578125 0.2448153265625 0.457421875 0.2364160828125 0.4532366078125 0.223817215625 0.437890625 0.21121835 0.4434709828125 0.196519671875 0.44068080312499996 0.18322086875000002 0.4657924109375 0.1769214359375 0.5048549109375 0.18952030312499998 0.555078125 0.18252093281249998 0.596930803125 0.20141923125 0.626227678125 0.21821772031250003 0.626227678125 0.233616334375 0.5732142859375 0.23711601875000002 0.5439174109375 0.24971488437499997 0.5118303578125001