11 0.4652954828125 0.56484375 0.47929422343750006 0.5704241078125001 0.4974925859375 0.571819196875 0.5058918296875 0.555078125 0.5037920171875 0.513225446875 0.5023921437500001 0.47416294687500005 0.49819252187499996 0.396037946875 0.49609271093749996 0.3318638390625 0.48909334062500004 0.3248883921875 0.479994159375 0.333258928125 0.471594915625 0.3834821421875 0.4652954828125 0.4657924109375 0.45969598593749994 0.48950892812499996 0.45829611249999996 0.552287946875 0.4652954828125 0.56484375
11 0.45829611249999996 0.4922991078125 0.45899605 0.4364955359375 0.463895609375 0.40859375 0.47299479062499994 0.3248883921875 0.4603959234375 0.3193080359375 0.4519966796875 0.33604910781249997 0.44639718281249996 0.3932477671875 0.43029863281249997 0.46997767812499996 0.42329926249999994 0.5076450890624999 0.419099640625 0.5215959828125001 0.42119945156250005 0.5508928578125001 0.444997309375 0.562053571875 0.45759617500000005 0.5564732140624999 0.45829611249999996 0.4922991078125
15 0.42329926249999994 0.4922991078125 0.419799578125 0.46997767812499996 0.42119945156250005 0.4323102671875 0.419799578125 0.39464285781249997 0.42049951406249997 0.36534598281249997 0.42189938906249996 0.3151227671875 0.42189938906249996 0.2928013390625 0.410700396875 0.284430803125 0.4023011515625 0.301171875 0.39670165625 0.36534598281249997 0.391802096875 0.4030133921875 0.391802096875 0.4434709828125 0.3848027265625 0.4755580359375 0.3813030421875 0.5076450890624999 0.39670165625 0.5494977671875 0.419799578125 0.5299665171875 0.42329926249999994 0.4922991078125
15 0.3848027265625 0.4239397328125 0.383402853125 0.39464285781249997 0.39110215937500004 0.343024553125 0.387602475 0.3151227671875 0.3813030421875 0.2858258921875 0.36310467968750004 0.30675223281249997 0.35470543593750004 0.3709263390625 0.35470543593750004 0.418359375 0.3449063171875 0.4950892859375 0.36240474375 0.5146205359375 0.3722038609375 0.5118303578125001 0.3813030421875 0.5076450890624999 0.3862026015625 0.4588169640625 0.3848027265625 0.4239397328125
13 0.3533055625 0.4099888390625 0.35470543593750004 0.3611607140625 0.3603049328125 0.29698660781249997 0.35050581406250003 0.28722098281249997 0.3379069484375 0.2858258921875 0.3274078921875 0.2928013390625 0.3113093421875 0.3834821421875 0.30011035 0.4141741078125 0.2924110421875 0.4420758921875 0.30011035 0.476953125 0.3141090890625 0.4950892859375 0.32180839687499996 0.4881138390625 0.3449063171875 0.48950892812499996 0.3533055625 0.4099888390625
13 0.2973106015625 0.4169642859375 0.2959107265625 0.3904575890625 0.2980105375 0.333258928125 0.29451085312499997 0.29698660781249997 0.286811546875 0.2509486609375 0.277712365625 0.2314174109375 0.26441356250000003 0.24536830312500002 0.258814065625 0.3611607140625 0.242715515625 0.391852678125 0.24131564062500002 0.4225446421875 0.25461444375000003 0.4490513390625 0.27211286874999996 0.4588169640625 0.29101116875 0.46021205312499996 0.29031123124999997 0.44068080312499996 0.2973106015625 0.4169642859375
3 0.5268899390625 0.5760044640624999 0.5415886171875 0.5760044640624999 0.5541874828125 0.557868303125 0.551387734375 0.503459821875 0.542988490625 0.4727678578125 0.5324894359375001 0.333258928125 0.51989056875 0.3290736609375 0.5121912625 0.36953125 0.5121912625 0.4267299109375 0.5086915765625 0.4909040171875 0.506591765625 0.518805803125 0.5037920171875 0.562053571875 0.5268899390625 0.5760044640624999
3 0.5709859703125 0.56484375 0.5898842703125 0.5564732140624999 0.59058420625 0.5146205359375 0.586384584375 0.4811383921875 0.577285403125 0.4490513390625 0.581485025 0.42114955312499996 0.5702860328125 0.3486049109375 0.5520876718750001 0.337444196875 0.5492879234375 0.379296875 0.5583871046875 0.4141741078125 0.5583871046875 0.476953125 0.5534875453125 0.5006696421875 0.55558735625 0.562053571875 0.5709859703125 0.56484375
7 0.6171818124999999 0.4755580359375 0.6150820015625 0.4532366078125 0.6150820015625 0.4197544640625 0.6108823796875 0.3904575890625 0.6073826953125 0.359765625 0.6031830734375 0.327678571875 0.5954837656249999 0.3053571421875 0.5842847734375 0.3220982140625 0.5884843953125001 0.40859375 0.587084521875 0.437890625 0.59198408125 0.4671875 0.5891843328124999 0.496484375 0.5954837656249999 0.5411272328125001 0.6108823796875 0.552287946875 0.62698093125 0.5146205359375 0.6171818124999999 0.4755580359375
7 0.6290807421875 0.5118303578125001 0.6416796078125 0.52578125 0.654278475 0.5202008921875 0.66267771875 0.48950892812499996 0.6563782859375 0.4560267859375 0.6465791671875001 0.41556919687500005 0.6409796703125 0.396037946875 0.6339803015625 0.36534598281249997 0.6283808046875 0.31651785781249997 0.6199815609375 0.3123325890625 0.60948250625 0.317912946875 0.6101824437500001 0.35 0.6185816875000001 0.3904575890625 0.6185816875000001 0.42533482187500005 0.61788175 0.45463169687500005 0.6290807421875 0.5118303578125001
5 0.710273434375 0.4588169640625 0.7088735609375 0.42533482187500005 0.6913751359375 0.3806919640625 0.6829758921875 0.2858258921875 0.649378915625 0.269084821875 0.648678978125 0.3318638390625 0.6507787890625 0.376506696875 0.6472791046874999 0.40859375 0.6647775296875 0.48392857187500005 0.6836758281249999 0.4825334828125 0.710273434375 0.4588169640625
5 0.7312715453124999 0.4462611609375 0.7571692140625 0.428125 0.7578691515625 0.4044084828125 0.755069403125 0.379296875 0.7445703484374999 0.3486049109375 0.7389708515625 0.313727678125 0.736871040625 0.230022321875 0.701174253125 0.23560267812500002 0.7032740656249999 0.3095424109375 0.7046739390625001 0.359765625 0.7032740656249999 0.4044084828125 0.710973371875 0.4295200890625 0.711673309375 0.4532366078125 0.7312715453124999 0.4462611609375
10 0.5121912625 0.5997209828125001 0.4967926484375 0.5955357140624999 0.4820939703125 0.60390625 0.48489371875 0.6443638390624999 0.4869935296875 0.704352678125 0.48629359375 0.747600446875 0.507991640625 0.747600446875 0.5093915140624999 0.68203125 0.5114913249999999 0.6541294640624999 0.5142910734374999 0.6318080359375 0.5121912625 0.5997209828125001
10 0.47019504218749997 0.5857700890624999 0.44639718281249996 0.5997209828125001 0.45269661718750004 0.6680803578125001 0.45129674218750004 0.76015625 0.46739529375 0.753180803125 0.471594915625 0.6931919640624999 0.4757945375 0.6569196421875 0.48069409687500003 0.6234375 0.48139403437499995 0.5997209828125001 0.47019504218749997 0.5857700890624999
8 0.44639718281249996 0.6150669640624999 0.444297371875 0.584375 0.4337983171875 0.571819196875 0.4162998921875 0.5787946421875 0.4079006484375 0.5997209828125001 0.4058008375 0.626227678125 0.3729037984375 0.730859375 0.37920323125 0.7657366078125001 0.39740159375 0.740625 0.42959869531250006 0.669475446875 0.4386978765625 0.64296875 0.44639718281249996 0.6150669640624999
14 0.40650077500000004 0.596930803125 0.4155999546875 0.571819196875 0.410700396875 0.5494977671875 0.39740159375 0.555078125 0.387602475 0.5467075890624999 0.37990316874999996 0.5508928578125001 0.365204490625 0.5955357140624999 0.365904428125 0.6276227671875 0.3379069484375 0.740625 0.3449063171875 0.757366071875 0.36100486875 0.7448102671875 0.37640348281249997 0.6904017859375 0.3953017828125 0.6318080359375 0.40650077500000004 0.596930803125
12 0.330907578125 0.6764508921875 0.3512057515625 0.613671875 0.3680042390625 0.584375 0.3813030421875 0.5439174109375 0.38690253750000003 0.5271763390624999 0.3687041765625 0.516015625 0.3603049328125 0.5202008921875 0.3414066328125 0.496484375 0.3281078296875 0.4922991078125 0.321108459375 0.49369419687500005 0.313409153125 0.5243861609375 0.313409153125 0.5397321421875 0.3099094671875 0.571819196875 0.2931109796875 0.606696428125 0.2714129328125 0.672265625 0.28961129375 0.7196986609375 0.3113093421875 0.7029575890624999 0.330907578125 0.6764508921875
12 0.312709215625 0.5341517859375 0.3183087109375 0.4950892859375 0.29451085312499997 0.476953125 0.2889113578125 0.476953125 0.282611925 0.4630022328125 0.2672133109375 0.4685825890625 0.2574141921875 0.5006696421875 0.25461444375000003 0.532756696875 0.2273169015625 0.6485491078125001 0.2448153265625 0.68203125 0.263713625 0.6513392859375 0.28961129375 0.6025111609375 0.2980105375 0.5634486609375 0.312709215625 0.5341517859375
12 0.25391450625 0.5104352671875 0.26441356250000003 0.4616071421875 0.24131564062500002 0.4337053578125 0.233616334375 0.4337053578125 0.228716775 0.4225446421875 0.21681784531249998 0.4239397328125 0.21331816093749997 0.46021205312499996 0.207018728125 0.4853236609375 0.20211916875 0.5411272328125001 0.188820365625 0.5732142859375 0.2077186640625 0.6025111609375 0.23291639687500001 0.5732142859375 0.2448153265625 0.5369419640624999 0.25391450625 0.5104352671875
2 0.542988490625 0.743415178125 0.5541874828125 0.733649553125 0.546488175 0.6904017859375 0.5443883640625 0.6443638390624999 0.542288553125 0.5983258921875 0.5317894984375 0.5955357140624999 0.516390884375 0.596930803125 0.5177907578125 0.6345982140624999 0.51989056875 0.649944196875 0.5226903171874999 0.6876116078125001 0.52898975 0.733649553125 0.542988490625 0.743415178125
2 0.5940838921875 0.7489955359375 0.578685278125 0.6541294640624999 0.579385215625 0.630412946875 0.5751855921875 0.601116071875 0.55628729375 0.581584821875 0.5415886171875 0.594140625 0.5527876078125 0.652734375 0.5611868531249999 0.691796875 0.5716859078125001 0.728069196875 0.579385215625 0.7489955359375 0.5940838921875 0.7489955359375
0 0.6241811828125 0.7489955359375 0.6360801125 0.7587611609375 0.6416796078125 0.733649553125 0.614382065625 0.6290178578125001 0.6122822546875 0.6025111609375 0.6024831359375 0.577399553125 0.5968836390625001 0.56484375 0.5835848359375 0.567633928125 0.5751855921875 0.5927455359375 0.5821849625 0.6318080359375 0.5933839546875 0.6611049109375 0.6073826953125 0.7071428578125001 0.6241811828125 0.7489955359375
14 0.6297806796875001 0.652734375 0.6430794828125 0.6876116078125001 0.66267771875 0.740625 0.68017614375 0.733649553125 0.654278475 0.640178571875 0.6472791046874999 0.591350446875 0.6381799234375001 0.5453125 0.6192816234375 0.5397321421875 0.6150820015625 0.557868303125 0.6087825687499999 0.5536830359375 0.6024831359375 0.5704241078125001 0.6122822546875 0.5899553578125001 0.6150820015625 0.6094866078125001 0.6297806796875001 0.652734375
4 0.6710769625 0.6513392859375 0.6864755765624999 0.7001674109375 0.7123732453125 0.728069196875 0.737570978125 0.694587053125 0.7263719859375 0.6290178578125001 0.710973371875 0.591350446875 0.69767456875 0.5453125 0.7004743171875 0.5313616078125001 0.6955747578125 0.4922991078125 0.6780763328125 0.49369419687500005 0.6647775296875 0.49927455312499996 0.654278475 0.5243861609375 0.6360801125 0.5299665171875 0.6500788515625 0.5857700890624999 0.66267771875 0.6053013390624999 0.6710769625 0.6513392859375
4 0.7137731203125 0.5704241078125001 0.727771859375 0.6178571421875 0.7494699078125 0.6680803578125001 0.773267765625 0.645758928125 0.75156971875 0.5341517859375 0.7529695921874999 0.5104352671875 0.75016984375 0.4922991078125 0.7417706 0.44486607187500005 0.728471796875 0.45044642812499996 0.719372615625 0.46439732187500005 0.7081736234375 0.46439732187500005 0.69767456875 0.4881138390625 0.701174253125 0.513225446875 0.701174253125 0.5439174109375 0.7137731203125 0.5704241078125001
4 0.8012652453125 0.5606584828125001 0.8117642999999999 0.5411272328125001 0.8005653078125 0.48671875 0.7872665046875 0.46439732187500005 0.7697680796874999 0.45044642812499996 0.759269025 0.44765625 0.7571692140625 0.46439732187500005 0.75016984375 0.48392857187500005 0.755069403125 0.503459821875 0.7522696546875001 0.535546875 0.7823669468750001 0.557868303125 0.8012652453125 0.5606584828125001