11 0.4561963015625 0.5955357140624999 0.47019504218749997 0.616462053125 0.4785942859375 0.610881696875 0.4974925859375 0.610881696875 0.49959239687499996 0.555078125 0.49609271093749996 0.52578125 0.49609271093749996 0.5104352671875 0.4939929 0.4825334828125 0.4953927734375 0.3876674109375 0.48979327812499995 0.3806919640625 0.4785942859375 0.3806919640625 0.4659954203125 0.4127790171875 0.45969598593749994 0.4588169640625 0.45969598593749994 0.5118303578125001 0.454796428125 0.5536830359375 0.4561963015625 0.5955357140624999
11 0.4561963015625 0.594140625 0.454796428125 0.5453125 0.45269661718750004 0.5118303578125001 0.454796428125 0.4713727671875 0.4652954828125 0.386272321875 0.46809523124999997 0.35 0.45829611249999996 0.337444196875 0.444997309375 0.36534598281249997 0.436598065625 0.3890625 0.435198190625 0.4518415171875 0.427498884375 0.4825334828125 0.4260990109375 0.5202008921875 0.419799578125 0.5397321421875 0.4169998296875 0.574609375 0.4239992 0.6053013390624999 0.444297371875 0.60390625 0.4561963015625 0.594140625
9 0.37640348281249997 0.571819196875 0.3848027265625 0.5997209828125001 0.3953017828125 0.60390625 0.41000045937499996 0.5983258921875 0.4155999546875 0.574609375 0.42119945156250005 0.5299665171875 0.4162998921875 0.5146205359375 0.41490001875000004 0.4853236609375 0.41420008125 0.41556919687500005 0.409300521875 0.356975446875 0.40160121562500006 0.35 0.3897022859375 0.356975446875 0.38410279062499997 0.391852678125 0.383402853125 0.45463169687500005 0.38060310468749997 0.518805803125 0.3715039234375 0.5606584828125001 0.37640348281249997 0.571819196875
15 0.37010405 0.555078125 0.3757035453125 0.5215959828125001 0.374303671875 0.49369419687500005 0.37780335625 0.4462611609375 0.37640348281249997 0.396037946875 0.3715039234375 0.3583705359375 0.36100486875 0.3444196421875 0.356105309375 0.3709263390625 0.35470543593750004 0.4588169640625 0.348406003125 0.4853236609375 0.347706065625 0.516015625 0.34000675937499997 0.5592633921875 0.3456062546875 0.5885602671875 0.3596049953125 0.5955357140624999 0.374303671875 0.574609375 0.37010405 0.555078125
15 0.347006128125 0.5104352671875 0.3456062546875 0.45463169687500005 0.3456062546875 0.42533482187500005 0.347706065625 0.4030133921875 0.34420638124999997 0.376506696875 0.3421065703125 0.359765625 0.339306821875 0.340234375 0.33020764062499997 0.33604910781249997 0.321108459375 0.36534598281249997 0.3225083328125 0.4616071421875 0.30920952968750004 0.538337053125 0.3113093421875 0.5662388390624999 0.32600801874999996 0.581584821875 0.33440726249999997 0.5704241078125001 0.34000675937499997 0.567633928125 0.34070669531250003 0.5467075890624999 0.347006128125 0.5104352671875
13 0.30780965625 0.522991071875 0.312709215625 0.48950892812499996 0.3197085859375 0.44765625 0.3190086484375 0.418359375 0.3190086484375 0.386272321875 0.3246081453125 0.343024553125 0.32530808125 0.32628348281249997 0.3113093421875 0.3346540171875 0.298710475 0.35558035781249997 0.2749126171875 0.437890625 0.2714129328125 0.47974330312499996 0.259514003125 0.52578125 0.26441356250000003 0.5592633921875 0.2805121140625 0.5704241078125001 0.2931109796875 0.5760044640624999 0.312009278125 0.5704241078125001 0.30780965625 0.522991071875
13 0.25601431875 0.5397321421875 0.2672133109375 0.47974330312499996 0.269313121875 0.45044642812499996 0.2756125546875 0.4002232140625 0.2784123015625 0.3639508921875 0.27701242812500004 0.340234375 0.27211286874999996 0.3193080359375 0.2630136875 0.313727678125 0.2574141921875 0.337444196875 0.242715515625 0.4141741078125 0.225217090625 0.4392857140625 0.215417971875 0.4713727671875 0.214718034375 0.5006696421875 0.225217090625 0.516015625 0.2350162078125 0.516015625 0.2434154515625 0.5397321421875 0.25601431875 0.5397321421875
13 0.21121835 0.47416294687500005 0.228716775 0.42533482187500005 0.2434154515625 0.3932477671875 0.2532145703125 0.3388392859375 0.258814065625 0.3151227671875 0.24971488437499997 0.2955915171875 0.2357161453125 0.2830357140625 0.21751778281249998 0.3318638390625 0.20141923125 0.366741071875 0.18252093281249998 0.3876674109375 0.171321940625 0.40580357187500005 0.1734217515625 0.44068080312499996 0.18602061718750001 0.4518415171875 0.19441986093750002 0.47974330312499996 0.21121835 0.47416294687500005
3 0.49889245937500004 0.596930803125 0.5086915765625 0.6150669640624999 0.52898975 0.613671875 0.53878886875 0.596930803125 0.5401887421875 0.5606584828125001 0.5366890578125 0.5341517859375 0.5436884281250001 0.4713727671875 0.5485879859375 0.3806919640625 0.542988490625 0.3639508921875 0.5310895609374999 0.356975446875 0.5240901906250001 0.40161830312499996 0.516390884375 0.4462611609375 0.5058918296875 0.503459821875 0.5002923328125 0.535546875 0.49889245937500004 0.596930803125
3 0.53878886875 0.596930803125 0.5457882390625 0.606696428125 0.5541874828125 0.6053013390624999 0.57238584375 0.6025111609375 0.5765854671875 0.577399553125 0.5758855296875 0.552287946875 0.5716859078125001 0.5215959828125001 0.57238584375 0.5020647328125001 0.5709859703125 0.4532366078125 0.5702860328125 0.40580357187500005 0.568886159375 0.376506696875 0.5576871671875 0.386272321875 0.5527876078125 0.4295200890625 0.54788805 0.4657924109375 0.54788805 0.5174107140624999 0.542988490625 0.5411272328125001 0.53878886875 0.596930803125
1 0.577985340625 0.5732142859375 0.5842847734375 0.5983258921875 0.5926840171875 0.5983258921875 0.6080826312500001 0.591350446875 0.613682128125 0.5787946421875 0.6150820015625 0.5467075890624999 0.6108823796875 0.5146205359375 0.6115823171875 0.48950892812499996 0.6115823171875 0.457421875 0.612982190625 0.37511160781249997 0.6087825687499999 0.3541852671875 0.5933839546875 0.3583705359375 0.587784459375 0.391852678125 0.5849847109375 0.437890625 0.5800851515625001 0.513225446875 0.5758855296875 0.5369419640624999 0.577985340625 0.5732142859375
7 0.6164818765625 0.528571428125 0.6164818765625 0.5704241078125001 0.6346802390625 0.591350446875 0.64377941875 0.584375 0.6500788515625 0.5564732140624999 0.64447935625 0.5243861609375 0.6430794828125 0.50625 0.639579796875 0.4532366078125 0.638879859375 0.3737165171875 0.63678005 0.35558035781249997 0.6241811828125 0.35558035781249997 0.61788175 0.3834821421875 0.61788175 0.42114955312499996 0.61788175 0.4616071421875 0.61788175 0.49927455312499996 0.6164818765625 0.528571428125
7 0.6640775921875 0.574609375 0.67947620625 0.5606584828125001 0.68017614375 0.5369419640624999 0.6717769 0.496484375 0.670377025 0.4713727671875 0.6682772140625 0.4295200890625 0.667577278125 0.35558035781249997 0.6472791046874999 0.35558035781249997 0.6472791046874999 0.3932477671875 0.6458792296875 0.4225446421875 0.6465791671875001 0.4657924109375 0.6451792937499999 0.5048549109375 0.649378915625 0.5606584828125001 0.6640775921875 0.574609375
5 0.675976521875 0.503459821875 0.6822759546875 0.555078125 0.6913751359375 0.5606584828125001 0.7039740015625 0.5453125 0.7172728046875 0.5494977671875 0.7270719234375 0.5202008921875 0.7242721750000001 0.496484375 0.7179727421875 0.4630022328125 0.71447305625 0.4239397328125 0.7123732453125 0.3681361609375 0.7137731203125 0.35 0.6731767734375 0.35 0.6717769 0.4044084828125 0.6710769625 0.43510044687500005 0.6752765843749999 0.457421875 0.6731767734375 0.4922991078125 0.675976521875 0.503459821875
5 0.729171734375 0.513225446875 0.7424705375 0.5202008921875 0.75156971875 0.5006696421875 0.764168584375 0.496484375 0.7676682687499999 0.4671875 0.7606689 0.4323102671875 0.75156971875 0.418359375 0.7445703484374999 0.386272321875 0.736871040625 0.3388392859375 0.7333713562499999 0.30675223281249997 0.718672678125 0.3095424109375 0.71447305625 0.3486049109375 0.7179727421875 0.38487723281249997 0.719372615625 0.43510044687500005 0.718672678125 0.457421875 0.729171734375 0.513225446875
5 0.7879664421875 0.47974330312499996 0.7949658125 0.4671875 0.7949658125 0.4420758921875 0.8012652453125 0.4295200890625 0.799165434375 0.3876674109375 0.7886663796875 0.3513950890625 0.7697680796874999 0.3290736609375 0.759269025 0.28722098281249997 0.7445703484374999 0.29140625 0.7445703484374999 0.327678571875 0.747370096875 0.362555803125 0.75156971875 0.391852678125 0.7606689 0.4197544640625 0.7669683328125 0.457421875 0.7879664421875 0.47974330312499996
10 0.45829611249999996 0.7517857140624999 0.463895609375 0.7908482140624999 0.47929422343750006 0.792243303125 0.47929422343750006 0.6959821421875 0.48139403437499995 0.6736607140624999 0.48069409687500003 0.6345982140624999 0.47019504218749997 0.626227678125 0.454796428125 0.630412946875 0.454796428125 0.649944196875 0.4554963640625 0.6666852671875 0.4568962390625 0.6973772328125001 0.4554963640625 0.730859375 0.45829611249999996 0.7517857140624999
10 0.44919693125000004 0.691796875 0.453396553125 0.6638950890624999 0.45269661718750004 0.6276227671875 0.4393978140625 0.6234375 0.4246991359375 0.635993303125 0.42329926249999994 0.6638950890624999 0.4260990109375 0.6904017859375 0.4239992 0.7448102671875 0.4239992 0.7685267859375 0.4337983171875 0.7978236609375 0.4470971203125 0.7755022328125001 0.45059680625 0.7224888390624999 0.44919693125000004 0.691796875
8 0.4155999546875 0.7001674109375 0.42049951406249997 0.669475446875 0.42329926249999994 0.630412946875 0.409300521875 0.6178571421875 0.39460184531250003 0.6220424109375 0.383402853125 0.6415736609375 0.38690253750000003 0.6764508921875 0.387602475 0.7392299109375 0.38690253750000003 0.7908482140624999 0.39110215937500004 0.821540178125 0.400901278125 0.831305803125 0.41140033281250005 0.7950334828125001 0.41490001875000004 0.740625 0.4155999546875 0.7001674109375
14 0.3687041765625 0.7880580359375 0.37640348281249997 0.757366071875 0.37920323125 0.728069196875 0.37920323125 0.684821428125 0.3848027265625 0.6638950890624999 0.3820029796875 0.635993303125 0.3897022859375 0.6276227671875 0.3757035453125 0.610881696875 0.36310467968750004 0.6080915171875 0.3540054984375 0.6220424109375 0.349105940625 0.645758928125 0.3512057515625 0.665290178125 0.3512057515625 0.689006696875 0.3512057515625 0.7322544640624999 0.349105940625 0.7713169640624999 0.347006128125 0.802008928125 0.357505184375 0.8173549109374999 0.3687041765625 0.7880580359375
14 0.34000675937499997 0.753180803125 0.34280650625 0.711328125 0.3449063171875 0.679241071875 0.349105940625 0.6625 0.347706065625 0.635993303125 0.356805246875 0.6122767859375 0.347006128125 0.5983258921875 0.3379069484375 0.5997209828125001 0.3169088375 0.60390625 0.3155089640625 0.635993303125 0.3183087109375 0.6638950890624999 0.3141090890625 0.7155133921875 0.30780965625 0.762946428125 0.305009909375 0.7908482140624999 0.312709215625 0.8201450890625 0.329507703125 0.7978236609375 0.34000675937499997 0.753180803125
12 0.2119182875 0.6583147328125001 0.19861948437500002 0.6862165171875 0.19232005000000002 0.728069196875 0.21121835 0.753180803125 0.24551526250000003 0.7350446421875 0.2665133734375 0.7029575890624999 0.2833118609375 0.6778459828125001 0.29661066406250003 0.6638950890624999 0.30430997187500003 0.6345982140624999 0.303610034375 0.616462053125 0.29031123124999997 0.6080915171875 0.29031123124999997 0.5857700890624999 0.26861318437500004 0.5704241078125001 0.25811412968749997 0.5690290171875 0.2385158921875 0.6178571421875 0.2119182875 0.6583147328125001
12 0.242715515625 0.5955357140624999 0.259514003125 0.5690290171875 0.2532145703125 0.5467075890624999 0.2385158921875 0.5369419640624999 0.228716775 0.516015625 0.215417971875 0.509040178125 0.209818475 0.496484375 0.20281910625 0.5006696421875 0.18602061718750001 0.5439174109375 0.16712231875 0.5885602671875 0.13702502656249999 0.6234375 0.1594230109375 0.6876116078125001 0.196519671875 0.6736607140624999 0.22591702656249998 0.6373883921875 0.23221645937500002 0.610881696875 0.242715515625 0.5955357140624999
2 0.517090821875 0.7755022328125001 0.517090821875 0.7545758921875 0.514991009375 0.698772321875 0.5114913249999999 0.669475446875 0.5086915765625 0.640178571875 0.5093915140624999 0.6220424109375 0.4820939703125 0.6248325890624999 0.48419378125 0.6680803578125001 0.4939929 0.7127232140624999 0.4939929 0.743415178125 0.5030920812499999 0.7782924109375 0.517090821875 0.7755022328125001
2 0.5317894984375 0.7950334828125001 0.5457882390625 0.776897321875 0.5450883015625 0.7294642859375 0.5408886796875 0.691796875 0.5436884281250001 0.669475446875 0.542288553125 0.635993303125 0.5317894984375 0.6276227671875 0.517090821875 0.6290178578125001 0.5114913249999999 0.64296875 0.5177907578125 0.684821428125 0.5219903796875001 0.7196986609375 0.525490065625 0.76015625 0.5317894984375 0.7950334828125001
0 0.5625867265625 0.7489955359375 0.57308578125 0.7950334828125001 0.587784459375 0.8201450890625 0.6066827578125 0.806194196875 0.5982835140625 0.7741071421875 0.5891843328124999 0.7364397328125001 0.581485025 0.68203125 0.5842847734375 0.6569196421875 0.577285403125 0.6318080359375 0.57448565625 0.6192522328125001 0.5590870406249999 0.610881696875 0.5443883640625 0.630412946875 0.5457882390625 0.6666852671875 0.5485879859375 0.6834263390624999 0.55558735625 0.718303571875 0.5625867265625 0.7489955359375
6 0.621381434375 0.806194196875 0.6381799234375001 0.8047991078125 0.6248811203125 0.7420200890624999 0.621381434375 0.6959821421875 0.6164818765625 0.6680803578125001 0.614382065625 0.620647321875 0.5898842703125 0.6094866078125001 0.5828849 0.6443638390624999 0.5835848359375 0.665290178125 0.596183703125 0.6959821421875 0.604582946875 0.7420200890624999 0.60948250625 0.772712053125 0.621381434375 0.806194196875
6 0.654278475 0.792243303125 0.66267771875 0.7880580359375 0.6577781593750001 0.7155133921875 0.648678978125 0.6666852671875 0.6514787265625 0.649944196875 0.649378915625 0.6080915171875 0.6297806796875001 0.596930803125 0.6164818765625 0.6122767859375 0.6185816875000001 0.6541294640624999 0.62628099375 0.672265625 0.6339803015625 0.714118303125 0.6430794828125 0.7643415171875 0.654278475 0.792243303125
4 0.7774673875 0.6764508921875 0.7662683953125 0.6443638390624999 0.75086978125 0.6122767859375 0.7438704109375001 0.5857700890624999 0.7333713562499999 0.535546875 0.719372615625 0.548102678125 0.7074736859375 0.552287946875 0.7032740656249999 0.5704241078125001 0.685075703125 0.581584821875 0.6864755765624999 0.5927455359375 0.68787545 0.620647321875 0.6990744421875 0.6387834828125001 0.7123732453125 0.6569196421875 0.7270719234375 0.68203125 0.7389708515625 0.7127232140624999 0.7676682687499999 0.7294642859375 0.7844667578125 0.711328125 0.7774673875 0.6764508921875
4 0.7725678281249999 0.649944196875 0.781667009375 0.669475446875 0.7977655609375 0.675055803125 0.8222633546875 0.630412946875 0.8096644890625001 0.601116071875 0.7977655609375 0.5592633921875 0.7949658125 0.5243861609375 0.7837668203125 0.4881138390625 0.7760675125 0.4811383921875 0.7606689 0.50625 0.7445703484374999 0.516015625 0.7354711671875 0.5369419640624999 0.747370096875 0.584375 0.759269025 0.6178571421875 0.7725678281249999 0.649944196875