3 0.4946928375 0.4755580359375 0.49259302656250004 0.5118303578125001 0.4953927734375 0.5215959828125001 0.5135911359375 0.5271763390624999 0.5317894984375 0.5215959828125001 0.5324894359375001 0.47974330312499996 0.530389625 0.4616071421875 0.5275898765625 0.4392857140625 0.530389625 0.42533482187500005 0.52898975 0.4044084828125 0.530389625 0.366741071875 0.5282898125 0.3123325890625 0.52059050625 0.2997767859375 0.506591765625 0.2997767859375 0.50169220625 0.3318638390625 0.50169220625 0.382087053125 0.4974925859375 0.4002232140625 0.4967926484375 0.4518415171875 0.4946928375 0.4755580359375
11 0.4561963015625 0.4657924109375 0.454096490625 0.4853236609375 0.454096490625 0.518805803125 0.4659954203125 0.5243861609375 0.47929422343750006 0.528571428125 0.4911931515625 0.5243861609375 0.4911931515625 0.4783482140625 0.48979327812499995 0.4462611609375 0.4918930890625 0.4169642859375 0.48979327812499995 0.396037946875 0.4869935296875 0.3513950890625 0.4869935296875 0.2997767859375 0.47929422343750006 0.29140625 0.47089497812500003 0.288616071875 0.4659954203125 0.3318638390625 0.463895609375 0.36953125 0.4603959234375 0.4169642859375 0.45829611249999996 0.4518415171875 0.4561963015625 0.4657924109375
11 0.45269661718750004 0.49927455312499996 0.4561963015625 0.4630022328125 0.45759617500000005 0.4239397328125 0.45829611249999996 0.3806919640625 0.45829611249999996 0.35558035781249997 0.45829611249999996 0.32628348281249997 0.4561963015625 0.294196428125 0.4519966796875 0.2830357140625 0.445697246875 0.298381696875 0.4393978140625 0.343024553125 0.436598065625 0.37511160781249997 0.43029863281249997 0.4364955359375 0.428898759375 0.4630022328125 0.4260990109375 0.49369419687500005 0.4309985703125 0.5076450890624999 0.4477970578125 0.5202008921875 0.45269661718750004 0.49927455312499996
9 0.3939019078125 0.47416294687500005 0.39670165625 0.49927455312499996 0.41000045937499996 0.50625 0.42049951406249997 0.5020647328125001 0.4246991359375 0.4532366078125 0.426798946875 0.428125 0.4260990109375 0.38487723281249997 0.427498884375 0.3444196421875 0.42819882187499997 0.2900111609375 0.4169998296875 0.284430803125 0.4079006484375 0.3109375 0.40370102656249995 0.3318638390625 0.40370102656249995 0.3513950890625 0.4023011515625 0.3904575890625 0.3988014671875 0.4337053578125 0.3939019078125 0.47416294687500005
15 0.3694041125 0.4337053578125 0.3596049953125 0.4630022328125 0.36660436406249997 0.49369419687500005 0.37920323125 0.49369419687500005 0.38270291562500003 0.49369419687500005 0.391802096875 0.4881138390625 0.39460184531250003 0.4518415171875 0.3988014671875 0.41138392812499996 0.400901278125 0.376506696875 0.400901278125 0.3486049109375 0.40300108906250004 0.3248883921875 0.40370102656249995 0.2900111609375 0.40160121562500006 0.27745535781249997 0.3890023484375 0.2830357140625 0.3820029796875 0.298381696875 0.37920323125 0.33046875 0.374303671875 0.3737165171875 0.3722038609375 0.4071986609375 0.3694041125 0.4337053578125
15 0.3596049953125 0.4671875 0.35820512031249996 0.457421875 0.3680042390625 0.4295200890625 0.37010405 0.398828125 0.3722038609375 0.37511160781249997 0.37640348281249997 0.3346540171875 0.37640348281249997 0.301171875 0.3820029796875 0.2662946421875 0.37990316874999996 0.24536830312500002 0.3708039875 0.2439732140625 0.36100486875 0.264899553125 0.35820512031249996 0.2830357140625 0.35050581406250003 0.333258928125 0.347006128125 0.36534598281249997 0.34280650625 0.4099888390625 0.33440726249999997 0.44068080312499996 0.3358071375 0.4630022328125 0.34070669531250003 0.47416294687500005 0.3540054984375 0.4727678578125 0.3596049953125 0.4671875
13 0.2931109796875 0.40161830312499996 0.2931109796875 0.42533482187500005 0.2980105375 0.4462611609375 0.3106094046875 0.44068080312499996 0.32600801874999996 0.4630022328125 0.3330073890625 0.4532366078125 0.338606884375 0.4141741078125 0.34000675937499997 0.3834821421875 0.339306821875 0.352790178125 0.3414066328125 0.327678571875 0.3421065703125 0.2760602671875 0.3372070109375 0.262109375 0.33020764062499997 0.255133928125 0.3183087109375 0.2732700890625 0.3141090890625 0.30675223281249997 0.305009909375 0.3346540171875 0.2973106015625 0.3779017859375 0.2931109796875 0.40161830312499996
13 0.2518146953125 0.391852678125 0.25601431875 0.4099888390625 0.2665133734375 0.4141741078125 0.2798121765625 0.4295200890625 0.2889113578125 0.428125 0.29171110625 0.4044084828125 0.29451085312499997 0.37511160781249997 0.2980105375 0.337444196875 0.2980105375 0.3123325890625 0.30221016093749997 0.2565290171875 0.2973106015625 0.24536830312500002 0.267913246875 0.23560267812500002 0.2672133109375 0.25234375 0.2672133109375 0.29698660781249997 0.259514003125 0.33604910781249997 0.2525146328125 0.3583705359375 0.2518146953125 0.391852678125
13 0.2609138765625 0.2900111609375 0.2609138765625 0.2565290171875 0.25531438125 0.23560267812500002 0.24061570312499997 0.2342075890625 0.2350162078125 0.2565290171875 0.228716775 0.3095424109375 0.223817215625 0.36534598281249997 0.23221645937500002 0.38487723281249997 0.24131564062500002 0.4030133921875 0.24971488437499997 0.396037946875 0.24971488437499997 0.3541852671875 0.259514003125 0.320703125 0.2609138765625 0.2900111609375
3 0.542288553125 0.5202008921875 0.5618867890625 0.4950892859375 0.559786978125 0.4490513390625 0.55628729375 0.41138392812499996 0.5548874203125 0.359765625 0.551387734375 0.3193080359375 0.542288553125 0.3053571421875 0.533889309375 0.3053571421875 0.5324894359375001 0.347209821875 0.5324894359375001 0.3834821421875 0.5317894984375 0.44765625 0.5359891203125 0.5146205359375 0.542288553125 0.5202008921875
1 0.596183703125 0.5048549109375 0.5968836390625001 0.4671875 0.5968836390625001 0.41138392812499996 0.596183703125 0.3806919640625 0.59128414375 0.337444196875 0.5835848359375 0.3123325890625 0.5667863484375 0.30675223281249997 0.5667863484375 0.3416294640625 0.5639866 0.3779017859375 0.5625867265625 0.41556919687500005 0.5604869156250001 0.4392857140625 0.5632866640625 0.5076450890624999 0.5702860328125 0.516015625 0.587784459375 0.513225446875 0.596183703125 0.5048549109375
7 0.5982835140625 0.49369419687500005 0.6157819390625 0.516015625 0.6255810578125 0.5118303578125001 0.631880490625 0.4881138390625 0.62698093125 0.4657924109375 0.622781309375 0.4225446421875 0.621381434375 0.391852678125 0.621381434375 0.35 0.613682128125 0.30675223281249997 0.604582946875 0.2928013390625 0.59198408125 0.288616071875 0.59198408125 0.317912946875 0.5968836390625001 0.352790178125 0.6010832625 0.39464285781249997 0.5989834515625 0.4420758921875 0.5982835140625 0.49369419687500005
7 0.631880490625 0.47974330312499996 0.648678978125 0.4950892859375 0.6584780968749999 0.47974330312499996 0.654278475 0.4420758921875 0.6514787265625 0.40859375 0.648678978125 0.376506696875 0.6409796703125 0.333258928125 0.6374799859375 0.281640625 0.6276808671875 0.274665178125 0.6206814984375 0.2900111609375 0.6206814984375 0.3248883921875 0.6234812468750001 0.3486049109375 0.6234812468750001 0.4044084828125 0.62698093125 0.4462611609375 0.631880490625 0.47974330312499996
5 0.6689771515625 0.476953125 0.6815760171874999 0.4657924109375 0.68787545 0.46997767812499996 0.6997743796875 0.4532366078125 0.6997743796875 0.428125 0.693474946875 0.40161830312499996 0.6899752609375 0.376506696875 0.6899752609375 0.35558035781249997 0.689275325 0.2830357140625 0.665477465625 0.274665178125 0.6535785375 0.2955915171875 0.6521786625 0.327678571875 0.6556783484375 0.356975446875 0.6535785375 0.40580357187500005 0.6591780328125 0.46997767812499996 0.6689771515625 0.476953125
5 0.702574128125 0.43510044687500005 0.7123732453125 0.4560267859375 0.728471796875 0.437890625 0.7424705375 0.4141741078125 0.737570978125 0.36953125 0.73197148125 0.33604910781249997 0.7333713562499999 0.269084821875 0.718672678125 0.2481584828125 0.69837450625 0.259319196875 0.69697463125 0.298381696875 0.6990744421875 0.327678571875 0.69767456875 0.3681361609375 0.6955747578125 0.40161830312499996 0.702574128125 0.43510044687500005
10 0.44639718281249996 0.6862165171875 0.44639718281249996 0.7224888390624999 0.454096490625 0.730859375 0.45899605 0.718303571875 0.45969598593749994 0.6625 0.462495734375 0.6248325890624999 0.462495734375 0.5997209828125001 0.46669535624999997 0.5467075890624999 0.45969598593749994 0.5397321421875 0.444297371875 0.5341517859375 0.444297371875 0.555078125 0.4435974359375 0.577399553125 0.444297371875 0.5997209828125001 0.444297371875 0.6471540171875 0.44639718281249996 0.6862165171875
10 0.462495734375 0.7224888390624999 0.472294853125 0.728069196875 0.4834938453125 0.669475446875 0.48629359375 0.6192522328125001 0.48979327812499995 0.5885602671875 0.4911931515625 0.5467075890624999 0.46879516718750003 0.5439174109375 0.46669535624999997 0.5760044640624999 0.46669535624999997 0.5983258921875 0.46739529375 0.6234375 0.463895609375 0.6541294640624999 0.462495734375 0.6834263390624999 0.462495734375 0.7224888390624999
8 0.428898759375 0.679241071875 0.435898128125 0.635993303125 0.44149762499999995 0.584375 0.44149762499999995 0.5341517859375 0.4260990109375 0.535546875 0.4176997671875 0.5369419640624999 0.41420008125 0.5662388390624999 0.41490001875000004 0.5885602671875 0.41420008125 0.626227678125 0.4079006484375 0.6680803578125001 0.4051009 0.747600446875 0.419799578125 0.7462053578125001 0.4246991359375 0.7252790171875 0.428898759375 0.679241071875
14 0.3820029796875 0.730859375 0.3981015296875 0.691796875 0.40020134062499996 0.669475446875 0.40650077500000004 0.6234375 0.410700396875 0.5857700890624999 0.41490001875000004 0.5564732140624999 0.41210027031249996 0.5341517859375 0.4051009 0.522991071875 0.3939019078125 0.528571428125 0.383402853125 0.574609375 0.383402853125 0.620647321875 0.3813030421875 0.6778459828125001 0.3736037359375 0.7224888390624999 0.3820029796875 0.730859375
14 0.34000675937499997 0.7099330359375 0.35470543593750004 0.7224888390624999 0.3715039234375 0.649944196875 0.37920323125 0.6025111609375 0.3848027265625 0.56484375 0.39600171875 0.5174107140624999 0.38060310468749997 0.509040178125 0.36310467968750004 0.509040178125 0.356805246875 0.5453125 0.35470543593750004 0.571819196875 0.349105940625 0.620647321875 0.3456062546875 0.6611049109375 0.34000675937499997 0.7099330359375
12 0.364504553125 0.5048549109375 0.3596049953125 0.4825334828125 0.347006128125 0.4909040171875 0.3323074515625 0.4685825890625 0.3155089640625 0.4825334828125 0.3106094046875 0.52578125 0.305009909375 0.5536830359375 0.2847117359375 0.640178571875 0.32670795625000004 0.689006696875 0.339306821875 0.640178571875 0.3421065703125 0.5997209828125001 0.3554053734375 0.548102678125 0.364504553125 0.5048549109375
12 0.3183087109375 0.46439732187500005 0.30780965625 0.4462611609375 0.2959107265625 0.45044642812499996 0.28961129375 0.4323102671875 0.2798121765625 0.43510044687500005 0.27351274375 0.4713727671875 0.25811412968749997 0.49927455312499996 0.23781595625000002 0.574609375 0.259514003125 0.620647321875 0.2749126171875 0.6150669640624999 0.29451085312499997 0.5606584828125001 0.30920952968750004 0.5076450890624999 0.3183087109375 0.46439732187500005
12 0.27281280625000004 0.4267299109375 0.259514003125 0.4225446421875 0.250414821875 0.40859375 0.2441153890625 0.40580357187500005 0.2364160828125 0.398828125 0.22661696406249998 0.44068080312499996 0.20141923125 0.5076450890624999 0.2301166484375 0.548102678125 0.24061570312499997 0.5369419640624999 0.25601431875 0.49927455312499996 0.2714129328125 0.4713727671875 0.2756125546875 0.4434709828125 0.27281280625000004 0.4267299109375
2 0.4939929 0.7266741078125001 0.5030920812499999 0.7294642859375 0.506591765625 0.6541294640624999 0.5100914515625 0.620647321875 0.5142910734374999 0.5885602671875 0.5142910734374999 0.5494977671875 0.507291703125 0.5453125 0.4932929625 0.5453125 0.4918930890625 0.591350446875 0.49259302656250004 0.6122767859375 0.49049321562500003 0.652734375 0.48979327812499995 0.6876116078125001 0.4939929 0.7266741078125001
2 0.5226903171874999 0.730859375 0.5359891203125 0.6638950890624999 0.53738899375 0.5983258921875 0.5408886796875 0.581584821875 0.53808893125 0.5341517859375 0.530389625 0.5369419640624999 0.5156909468750001 0.542522321875 0.516390884375 0.596930803125 0.516390884375 0.620647321875 0.514991009375 0.665290178125 0.5128911984375 0.723883928125 0.5226903171874999 0.730859375
0 0.542288553125 0.7322544640624999 0.55698723125 0.7420200890624999 0.5674862859375 0.6931919640624999 0.5709859703125 0.645758928125 0.569586096875 0.5997209828125001 0.5702860328125 0.571819196875 0.568886159375 0.5369419640624999 0.5527876078125 0.538337053125 0.53878886875 0.5299665171875 0.5436884281250001 0.571819196875 0.5401887421875 0.5899553578125001 0.5443883640625 0.635993303125 0.5443883640625 0.6764508921875 0.542288553125 0.7322544640624999
6 0.605282884375 0.584375 0.6080826312500001 0.620647321875 0.6108823796875 0.6569196421875 0.6192816234375 0.6973772328125001 0.6234812468750001 0.7294642859375 0.63678005 0.7266741078125001 0.6325804265625 0.6931919640624999 0.6325804265625 0.6387834828125001 0.6325804265625 0.591350446875 0.6325804265625 0.5634486609375 0.6332803640625 0.5341517859375 0.6241811828125 0.522991071875 0.6108823796875 0.522991071875 0.603883009375 0.5174107140624999 0.5975835765624999 0.5299665171875 0.5989834515625 0.5453125 0.6017831984375 0.5690290171875 0.605282884375 0.584375
6 0.5954837656249999 0.6736607140624999 0.5996833875 0.6248325890624999 0.6003833249999999 0.5997209828125001 0.6017831984375 0.577399553125 0.596183703125 0.538337053125 0.5849847109375 0.528571428125 0.57308578125 0.535546875 0.5709859703125 0.5494977671875 0.5716859078125001 0.584375 0.5737857187500001 0.6080915171875 0.5737857187500001 0.6387834828125001 0.5751855921875 0.679241071875 0.579385215625 0.6931919640624999 0.5807850890624999 0.7169084828125001 0.596183703125 0.711328125 0.5954837656249999 0.6736607140624999
4 0.727771859375 0.503459821875 0.7249721124999999 0.47974330312499996 0.718672678125 0.4588169640625 0.702574128125 0.4560267859375 0.694174884375 0.46997767812499996 0.6745766468750001 0.476953125 0.6724768359375 0.5006696421875 0.6885753875 0.5467075890624999 0.692775009375 0.571819196875 0.7004743171875 0.5955357140624999 0.7214724265625 0.645758928125 0.75016984375 0.610881696875 0.7522696546875001 0.5885602671875 0.737570978125 0.5411272328125001 0.727771859375 0.503459821875
4 0.755769340625 0.5662388390624999 0.7725678281249999 0.5411272328125001 0.7746676390625 0.516015625 0.773267765625 0.4881138390625 0.76906814375 0.45463169687500005 0.7599689625 0.418359375 0.7494699078125 0.4169642859375 0.737570978125 0.4295200890625 0.7179727421875 0.4532366078125 0.73197148125 0.48671875 0.7396707890625 0.5174107140624999 0.745270284375 0.5411272328125001 0.755769340625 0.5662388390624999