11 0.49959239687499996 0.437890625 0.4918930890625 0.398828125 0.48069409687500003 0.366741071875 0.46879516718750003 0.359765625 0.462495734375 0.3709263390625 0.462495734375 0.437890625 0.4652954828125 0.4727678578125 0.47019504218749997 0.5076450890624999 0.47089497812500003 0.552287946875 0.506591765625 0.548102678125 0.5051918921875 0.5118303578125001 0.5051918921875 0.4713727671875 0.49959239687499996 0.437890625
9 0.39110215937500004 0.503459821875 0.39600171875 0.522991071875 0.4072007109375 0.5341517859375 0.4176997671875 0.5271763390624999 0.42049951406249997 0.4922991078125 0.4162998921875 0.457421875 0.4176997671875 0.40580357187500005 0.41420008125 0.3513950890625 0.41000045937499996 0.3290736609375 0.40160121562500006 0.32628348281249997 0.3953017828125 0.372321428125 0.3939019078125 0.40161830312499996 0.391802096875 0.43510044687500005 0.39040222343750003 0.47416294687500005 0.39110215937500004 0.503459821875
15 0.393201971875 0.5118303578125001 0.3890023484375 0.4922991078125 0.3890023484375 0.4532366078125 0.393201971875 0.4071986609375 0.393201971875 0.366741071875 0.3813030421875 0.3611607140625 0.3736037359375 0.382087053125 0.365204490625 0.4323102671875 0.36240474375 0.4727678578125 0.36240474375 0.49927455312499996 0.36100486875 0.538337053125 0.36100486875 0.552287946875 0.3820029796875 0.5536830359375 0.391802096875 0.548102678125 0.393201971875 0.5118303578125001
15 0.347006128125 0.379296875 0.3372070109375 0.4044084828125 0.3358071375 0.4630022328125 0.3351072 0.4909040171875 0.3330073890625 0.552287946875 0.3603049328125 0.548102678125 0.3596049953125 0.4922991078125 0.36240474375 0.43091517812499996 0.36170480625 0.391852678125 0.347006128125 0.379296875
13 0.3246081453125 0.5508928578125001 0.3316075140625 0.542522321875 0.333707325 0.48950892812499996 0.3358071375 0.437890625 0.3330073890625 0.396037946875 0.3225083328125 0.3486049109375 0.29661066406250003 0.3611607140625 0.29451085312499997 0.3834821421875 0.2931109796875 0.4323102671875 0.29451085312499997 0.4560267859375 0.29451085312499997 0.4825334828125 0.29171110625 0.4950892859375 0.2875114828125 0.5299665171875 0.2931109796875 0.5439174109375 0.30221016093749997 0.548102678125 0.3246081453125 0.5508928578125001
13 0.29031123124999997 0.4950892859375 0.29031123124999997 0.4532366078125 0.29031123124999997 0.4099888390625 0.29031123124999997 0.3583705359375 0.2798121765625 0.34581473281249997 0.2700130578125 0.3486049109375 0.26021394062500003 0.356975446875 0.2567142546875 0.40859375 0.25531438125 0.4337053578125 0.2399157671875 0.4909040171875 0.2490149484375 0.5202008921875 0.2609138765625 0.5369419640624999 0.2714129328125 0.5397321421875 0.286811546875 0.532756696875 0.29031123124999997 0.4950892859375
3 0.5086915765625 0.5397321421875 0.5128911984375 0.5494977671875 0.5240901906250001 0.5564732140624999 0.5436884281250001 0.5508928578125001 0.5450883015625 0.5118303578125001 0.5471881125 0.476953125 0.5534875453125 0.4364955359375 0.551387734375 0.36534598281249997 0.5408886796875 0.35558035781249997 0.5261900015625 0.35 0.51989056875 0.37511160781249997 0.517090821875 0.4141741078125 0.5107913890625 0.457421875 0.506591765625 0.49369419687500005 0.5086915765625 0.5397321421875
3 0.5450883015625 0.548102678125 0.5485879859375 0.555078125 0.559786978125 0.5592633921875 0.5737857187500001 0.548102678125 0.57448565625 0.5118303578125001 0.5737857187500001 0.48392857187500005 0.5751855921875 0.46021205312499996 0.5800851515625001 0.4225446421875 0.578685278125 0.372321428125 0.57448565625 0.356975446875 0.5632866640625 0.3541852671875 0.5590870406249999 0.3834821421875 0.55558735625 0.4169642859375 0.5541874828125 0.457421875 0.54788805 0.48671875 0.5450883015625 0.548102678125
1 0.5765854671875 0.5048549109375 0.5758855296875 0.5439174109375 0.5849847109375 0.5536830359375 0.5996833875 0.555078125 0.6087825687499999 0.5397321421875 0.6087825687499999 0.509040178125 0.6087825687499999 0.4922991078125 0.60948250625 0.4616071421875 0.60948250625 0.4267299109375 0.614382065625 0.3737165171875 0.6115823171875 0.3583705359375 0.603883009375 0.3416294640625 0.5940838921875 0.376506696875 0.59198408125 0.39464285781249997 0.5856846484375 0.4323102671875 0.5807850890624999 0.4713727671875 0.5765854671875 0.5048549109375
5 0.6605779078125 0.552287946875 0.670377025 0.5634486609375 0.6913751359375 0.557868303125 0.7046739390625001 0.5467075890624999 0.701174253125 0.4950892859375 0.70677375 0.44486607187500005 0.7081736234375 0.3890625 0.7039740015625 0.379296875 0.6822759546875 0.3709263390625 0.6724768359375 0.3876674109375 0.6668773406249999 0.4337053578125 0.6647775296875 0.4755580359375 0.6577781593750001 0.5146205359375 0.6605779078125 0.552287946875
10 0.48629359375 0.7364397328125001 0.4953927734375 0.7392299109375 0.4967926484375 0.691796875 0.49609271093749996 0.640178571875 0.4967926484375 0.606696428125 0.49609271093749996 0.577399553125 0.4918930890625 0.567633928125 0.4771944125 0.5704241078125001 0.4750946015625 0.5927455359375 0.476494475 0.626227678125 0.47929422343750006 0.6541294640624999 0.4820939703125 0.6973772328125001 0.48629359375 0.7364397328125001
10 0.51989056875 0.737834821875 0.52059050625 0.684821428125 0.52059050625 0.6485491078125001 0.52129044375 0.6122767859375 0.517090821875 0.5787946421875 0.5086915765625 0.5704241078125001 0.49819252187499996 0.571819196875 0.49889245937500004 0.6234375 0.5023921437500001 0.6569196421875 0.506591765625 0.698772321875 0.5100914515625 0.7294642859375 0.51989056875 0.737834821875
2 0.5359891203125 0.7420200890624999 0.5401887421875 0.7015625 0.542988490625 0.6680803578125001 0.5443883640625 0.6485491078125001 0.542988490625 0.613671875 0.5457882390625 0.5760044640624999 0.5366890578125 0.5704241078125001 0.5177907578125 0.5704241078125001 0.5226903171874999 0.6192522328125001 0.5233902546875 0.6708705359375 0.5233902546875 0.711328125 0.5261900015625 0.740625 0.5359891203125 0.7420200890624999