11 0.45269661718750004 0.5397321421875 0.4519966796875 0.5857700890624999 0.46179579843749996 0.594140625 0.47299479062499994 0.5927455359375 0.4939929 0.5885602671875 0.4911931515625 0.538337053125 0.4869935296875 0.50625 0.48979327812499995 0.47974330312499996 0.48909334062500004 0.4420758921875 0.4869935296875 0.391852678125 0.4820939703125 0.3737165171875 0.46879516718750003 0.3611607140625 0.463895609375 0.3932477671875 0.4603959234375 0.4295200890625 0.4603959234375 0.47416294687500005 0.4568962390625 0.5215959828125001 0.45269661718750004 0.5397321421875
11 0.45059680625 0.5857700890624999 0.4519966796875 0.532756696875 0.453396553125 0.496484375 0.4561963015625 0.4434709828125 0.453396553125 0.40161830312499996 0.4484969953125 0.37511160781249997 0.43799793906250006 0.391852678125 0.43239844375 0.4323102671875 0.43239844375 0.4671875 0.42959869531250006 0.513225446875 0.4246991359375 0.5397321421875 0.42189938906249996 0.5690290171875 0.4309985703125 0.594140625 0.445697246875 0.5955357140624999 0.45059680625 0.5857700890624999
9 0.42049951406249997 0.552287946875 0.4246991359375 0.5215959828125001 0.4260990109375 0.4853236609375 0.42819882187499997 0.44765625 0.4260990109375 0.4044084828125 0.42189938906249996 0.37511160781249997 0.4079006484375 0.36953125 0.3988014671875 0.3834821421875 0.3988014671875 0.4434709828125 0.40020134062499996 0.476953125 0.3939019078125 0.5215959828125001 0.38830241249999997 0.5536830359375 0.393201971875 0.5801897328125001 0.4079006484375 0.5885602671875 0.42189938906249996 0.581584821875 0.42049951406249997 0.552287946875
15 0.3890023484375 0.5662388390624999 0.3862026015625 0.5467075890624999 0.393201971875 0.5146205359375 0.393201971875 0.47974330312499996 0.3939019078125 0.4420758921875 0.39670165625 0.4071986609375 0.39110215937500004 0.3890625 0.38270291562500003 0.391852678125 0.38060310468749997 0.4030133921875 0.37010405 0.4755580359375 0.3687041765625 0.5118303578125001 0.3603049328125 0.528571428125 0.35890505781250004 0.557868303125 0.365904428125 0.5760044640624999 0.3813030421875 0.571819196875 0.3890023484375 0.5662388390624999
15 0.35820512031249996 0.528571428125 0.36660436406249997 0.50625 0.37010405 0.4630022328125 0.3715039234375 0.4239397328125 0.3708039875 0.3932477671875 0.365904428125 0.3876674109375 0.35890505781250004 0.396037946875 0.3449063171875 0.44068080312499996 0.338606884375 0.4713727671875 0.338606884375 0.4922991078125 0.32600801874999996 0.535546875 0.3330073890625 0.5592633921875 0.3456062546875 0.562053571875 0.356805246875 0.557868303125 0.35820512031249996 0.528571428125
13 0.3274078921875 0.5494977671875 0.32670795625000004 0.5313616078125001 0.3372070109375 0.4881138390625 0.3379069484375 0.4490513390625 0.34070669531250003 0.4044084828125 0.34420638124999997 0.3611607140625 0.3351072 0.3388392859375 0.32180839687499996 0.340234375 0.3113093421875 0.3583705359375 0.30221016093749997 0.41556919687500005 0.2973106015625 0.45463169687500005 0.28961129375 0.4783482140625 0.286111609375 0.503459821875 0.29101116875 0.532756696875 0.3057098453125 0.5369419640624999 0.3155089640625 0.5508928578125001 0.3274078921875 0.5494977671875
13 0.258814065625 0.42114955312499996 0.2518146953125 0.44068080312499996 0.24971488437499997 0.4713727671875 0.251114759375 0.4825334828125 0.2623137515625 0.49369419687500005 0.2742126796875 0.509040178125 0.282611925 0.5118303578125001 0.29171110625 0.4671875 0.2931109796875 0.44068080312499996 0.29381091718749996 0.4044084828125 0.2959107265625 0.372321428125 0.295210790625 0.3290736609375 0.2980105375 0.313727678125 0.2924110421875 0.303962053125 0.2756125546875 0.30675223281249997 0.267913246875 0.32628348281249997 0.2658134359375 0.3541852671875 0.2651134984375 0.3834821421875 0.258814065625 0.42114955312499996
13 0.250414821875 0.4420758921875 0.25811412968749997 0.41138392812499996 0.2623137515625 0.38487723281249997 0.2651134984375 0.340234375 0.2672133109375 0.3025669640625 0.26441356250000003 0.27745535781249997 0.251114759375 0.269084821875 0.2448153265625 0.303962053125 0.2364160828125 0.35558035781249997 0.2301166484375 0.386272321875 0.21121835 0.428125 0.22031753125 0.4588169640625 0.2280168375 0.4755580359375 0.23711601875000002 0.4853236609375 0.2469151375 0.476953125 0.250414821875 0.4420758921875
3 0.4946928375 0.5369419640624999 0.4953927734375 0.591350446875 0.5324894359375001 0.594140625 0.5352891828125 0.548102678125 0.5317894984375 0.52578125 0.530389625 0.49369419687500005 0.530389625 0.44765625 0.5310895609374999 0.4099888390625 0.530389625 0.3890625 0.51989056875 0.36953125 0.5093915140624999 0.39464285781249997 0.5058918296875 0.4267299109375 0.5044919546875 0.4616071421875 0.5002923328125 0.516015625 0.4946928375 0.5369419640624999
3 0.5534875453125 0.5983258921875 0.5639866 0.587165178125 0.5646865375 0.5453125 0.5611868531249999 0.5215959828125001 0.559786978125 0.4881138390625 0.5611868531249999 0.45463169687500005 0.5548874203125 0.40580357187500005 0.5394888046874999 0.3932477671875 0.5394888046874999 0.45463169687500005 0.5394888046874999 0.4853236609375 0.53738899375 0.518805803125 0.533189371875 0.591350446875 0.5401887421875 0.5955357140624999 0.5534875453125 0.5983258921875
1 0.5646865375 0.5313616078125001 0.5667863484375 0.584375 0.5800851515625001 0.594140625 0.596183703125 0.5885602671875 0.6024831359375 0.5690290171875 0.5982835140625 0.5411272328125001 0.5954837656249999 0.5048549109375 0.5954837656249999 0.457421875 0.59198408125 0.42114955312499996 0.594783828125 0.3737165171875 0.5940838921875 0.3583705359375 0.5842847734375 0.352790178125 0.577285403125 0.3709263390625 0.5709859703125 0.4030133921875 0.568886159375 0.4420758921875 0.5681862234375 0.496484375 0.5646865375 0.5313616078125001
7 0.612982190625 0.5829799109375 0.61788175 0.584375 0.6255810578125 0.5732142859375 0.6276808671875 0.5439174109375 0.62698093125 0.4853236609375 0.6241811828125 0.4392857140625 0.61788175 0.3681361609375 0.6080826312500001 0.362555803125 0.596183703125 0.3611607140625 0.5968836390625001 0.41138392812499996 0.5968836390625001 0.4560267859375 0.5982835140625 0.5118303578125001 0.603883009375 0.5662388390624999 0.612982190625 0.5829799109375
7 0.638879859375 0.584375 0.6507787890625 0.584375 0.657078221875 0.5606584828125001 0.657078221875 0.5313616078125001 0.654278475 0.4881138390625 0.6521786625 0.4337053578125 0.647979040625 0.3890625 0.6423795453125 0.37511160781249997 0.631180553125 0.36953125 0.6290807421875 0.391852678125 0.62628099375 0.4295200890625 0.6283808046875 0.46997767812499996 0.6297806796875001 0.567633928125 0.638879859375 0.584375
5 0.6584780968749999 0.5104352671875 0.6584780968749999 0.5704241078125001 0.675976521875 0.5829799109375 0.689275325 0.584375 0.6997743796875 0.5704241078125001 0.7032740656249999 0.538337053125 0.7004743171875 0.5174107140624999 0.6955747578125 0.4825334828125 0.6913751359375 0.437890625 0.692775009375 0.372321428125 0.6857756390625 0.3611607140625 0.6752765843749999 0.352790178125 0.66267771875 0.3681361609375 0.66267771875 0.39464285781249997 0.6591780328125 0.43510044687500005 0.657078221875 0.4755580359375 0.6584780968749999 0.5104352671875
5 0.7053738765625 0.4630022328125 0.7004743171875 0.5076450890624999 0.7060738125 0.528571428125 0.7004743171875 0.5732142859375 0.7123732453125 0.5927455359375 0.7214724265625 0.5899553578125001 0.7298716703125 0.5760044640624999 0.7438704109375001 0.5787946421875 0.7494699078125 0.56484375 0.75086978125 0.5439174109375 0.7445703484374999 0.5202008921875 0.7396707890625 0.4853236609375 0.7445703484374999 0.4560267859375 0.7424705375 0.40580357187500005 0.7347712296875 0.3834821421875 0.7305716078125 0.3583705359375 0.7207724890625 0.3444196421875 0.710273434375 0.359765625 0.7088735609375 0.391852678125 0.7088735609375 0.43091517812499996 0.7053738765625 0.4630022328125
5 0.75156971875 0.5369419640624999 0.764168584375 0.548102678125 0.781667009375 0.5369419640624999 0.791466128125 0.5118303578125001 0.78586663125 0.48392857187500005 0.7781673234375 0.457421875 0.7753675765625 0.42114955312499996 0.7704680171875 0.3444196421875 0.7627687109375 0.31651785781249997 0.746670159375 0.337444196875 0.7480700328125 0.3709263390625 0.745270284375 0.4002232140625 0.747370096875 0.4518415171875 0.7445703484374999 0.4922991078125 0.75156971875 0.5369419640624999
10 0.49049321562500003 0.76015625 0.49889245937500004 0.728069196875 0.5009922703125 0.6959821421875 0.50169220625 0.6680803578125001 0.5051918921875 0.6471540171875 0.5058918296875 0.6122767859375 0.4820939703125 0.613671875 0.48139403437499995 0.6485491078125001 0.479994159375 0.6764508921875 0.479994159375 0.711328125 0.4771944125 0.7587611609375 0.4827939078125 0.7741071421875 0.49049321562500003 0.76015625
10 0.47019504218749997 0.718303571875 0.4736947265625 0.689006696875 0.4785942859375 0.6638950890624999 0.479994159375 0.616462053125 0.46809523124999997 0.6122767859375 0.4568962390625 0.6192522328125001 0.454796428125 0.6485491078125001 0.454796428125 0.672265625 0.44989686874999996 0.704352678125 0.444997309375 0.7517857140624999 0.43799793906250006 0.7880580359375 0.454096490625 0.7880580359375 0.463195671875 0.757366071875 0.47019504218749997 0.718303571875
8 0.435198190625 0.7880580359375 0.4393978140625 0.747600446875 0.445697246875 0.694587053125 0.4484969953125 0.665290178125 0.45269661718750004 0.652734375 0.454796428125 0.6122767859375 0.44009774999999995 0.6053013390624999 0.42329926249999994 0.6080915171875 0.42049951406249997 0.635993303125 0.42049951406249997 0.665290178125 0.419799578125 0.7001674109375 0.4162998921875 0.7224888390624999 0.41420008125 0.769921875 0.41420008125 0.821540178125 0.4246991359375 0.8243303578125 0.435198190625 0.7880580359375
14 0.3988014671875 0.7559709828125001 0.4086005859375 0.7169084828125001 0.41280020781250004 0.6834263390624999 0.4176997671875 0.652734375 0.42119945156250005 0.6234375 0.41210027031249996 0.6080915171875 0.39600171875 0.6122767859375 0.39040222343750003 0.6248325890624999 0.3862026015625 0.655524553125 0.387602475 0.6806361609375 0.38830241249999997 0.7127232140624999 0.3820029796875 0.7392299109375 0.374303671875 0.7741071421875 0.37920323125 0.811774553125 0.3897022859375 0.8006138390625 0.3988014671875 0.7559709828125001
14 0.3757035453125 0.6862165171875 0.3862026015625 0.6569196421875 0.39040222343750003 0.620647321875 0.37850329375 0.5997209828125001 0.3638046171875 0.6053013390624999 0.356105309375 0.652734375 0.35050581406250003 0.684821428125 0.339306821875 0.728069196875 0.320408521875 0.7755022328125001 0.3372070109375 0.786662946875 0.3512057515625 0.767131696875 0.364504553125 0.7196986609375 0.3757035453125 0.6862165171875
12 0.3099094671875 0.6053013390624999 0.32530808125 0.5829799109375 0.3162089015625 0.5606584828125001 0.30081028593750003 0.548102678125 0.29101116875 0.535546875 0.2791122390625 0.5369419640624999 0.2658134359375 0.5732142859375 0.242715515625 0.6290178578125001 0.2357161453125 0.6638950890624999 0.2518146953125 0.6959821421875 0.2707129953125 0.6736607140624999 0.2875114828125 0.6513392859375 0.302910096875 0.616462053125 0.3099094671875 0.6053013390624999
12 0.26021394062500003 0.571819196875 0.2665133734375 0.56484375 0.2819119875 0.532756696875 0.26861318437500004 0.5076450890624999 0.258814065625 0.4950892859375 0.2469151375 0.47974330312499996 0.2357161453125 0.496484375 0.2273169015625 0.538337053125 0.2119182875 0.562053571875 0.197219609375 0.581584821875 0.19441986093750002 0.613671875 0.2077186640625 0.630412946875 0.2315165234375 0.6234375 0.2490149484375 0.5983258921875 0.26021394062500003 0.571819196875
2 0.5177907578125 0.76015625 0.5233902546875 0.737834821875 0.5268899390625 0.691796875 0.5275898765625 0.659709821875 0.5317894984375 0.645758928125 0.5317894984375 0.6122767859375 0.51989056875 0.6122767859375 0.5086915765625 0.616462053125 0.507291703125 0.6541294640624999 0.506591765625 0.6862165171875 0.5044919546875 0.7224888390624999 0.5058918296875 0.7545758921875 0.5177907578125 0.76015625
2 0.5443883640625 0.7364397328125001 0.5471881125 0.7127232140624999 0.5527876078125 0.6834263390624999 0.5576871671875 0.649944196875 0.55698723125 0.6122767859375 0.5506877968749999 0.6053013390624999 0.533189371875 0.6094866078125001 0.533189371875 0.652734375 0.5310895609374999 0.6834263390624999 0.52059050625 0.757366071875 0.5324894359375001 0.7615513390624999 0.5443883640625 0.7364397328125001
0 0.5625867265625 0.769921875 0.5667863484375 0.8229352671875001 0.5765854671875 0.835491071875 0.5835848359375 0.828515625 0.587084521875 0.7852678578125001 0.586384584375 0.7420200890624999 0.586384584375 0.7057477671875 0.5891843328124999 0.6625 0.5898842703125 0.645758928125 0.59198408125 0.616462053125 0.5800851515625001 0.6025111609375 0.569586096875 0.5997209828125001 0.55558735625 0.6025111609375 0.5590870406249999 0.635993303125 0.5576871671875 0.672265625 0.559786978125 0.7350446421875 0.5625867265625 0.769921875
6 0.594783828125 0.728069196875 0.594783828125 0.772712053125 0.5989834515625 0.8201450890625 0.6080826312500001 0.815959821875 0.614382065625 0.7796875 0.6185816875000001 0.737834821875 0.61788175 0.7057477671875 0.6199815609375 0.6680803578125001 0.6255810578125 0.633203125 0.6199815609375 0.620647321875 0.6115823171875 0.610881696875 0.5926840171875 0.616462053125 0.59198408125 0.6471540171875 0.5933839546875 0.6638950890624999 0.5940838921875 0.698772321875 0.594783828125 0.728069196875
6 0.6381799234375001 0.7517857140624999 0.6451792937499999 0.792243303125 0.6556783484375 0.821540178125 0.6647775296875 0.8173549109374999 0.6591780328125 0.7796875 0.657078221875 0.7559709828125001 0.6549784109375001 0.718303571875 0.6549784109375001 0.6806361609375 0.6577781593750001 0.649944196875 0.6563782859375 0.6150669640624999 0.6332803640625 0.5997209828125001 0.622081371875 0.613671875 0.6276808671875 0.630412946875 0.6276808671875 0.6485491078125001 0.631180553125 0.6778459828125001 0.6360801125 0.723883928125 0.6381799234375001 0.7517857140624999