3 0.47308228124999996 0.568505859375 0.4785942859375 0.58681640625 0.4957427421875 0.5892578125 0.5092165296875 0.58681640625 0.511666309375 0.546533203125 0.5104414203125 0.524560546875 0.5092165296875 0.485498046875 0.507991640625 0.40615234375 0.5000298562500001 0.400048828125 0.485943625 0.390283203125 0.481044065625 0.407373046875 0.4785942859375 0.44033203125 0.47798184062500004 0.47451171875 0.47614450625 0.512353515625 0.47308228124999996 0.568505859375
11 0.47308228124999996 0.527001953125 0.47430717187500004 0.47939453125 0.47553206093749995 0.4232421875 0.48043162031250003 0.385400390625 0.4700200578125 0.36953125 0.457771159375 0.37685546875 0.450421821875 0.3939453125 0.4461347078125 0.46962890625 0.4461347078125 0.505029296875 0.4461347078125 0.54287109375 0.44797204218750003 0.578271484375 0.45838360468749995 0.583154296875 0.467570278125 0.580712890625 0.47185739218749995 0.56728515625 0.47308228124999996 0.527001953125
11 0.4461347078125 0.570947265625 0.4449098171875 0.5111328125 0.44552226250000004 0.463525390625 0.4449098171875 0.419580078125 0.4375604796875 0.3939453125 0.43449825468750003 0.375634765625 0.42531158125 0.382958984375 0.423474246875 0.39638671875 0.423474246875 0.45009765625 0.423474246875 0.485498046875 0.42102446718750003 0.519677734375 0.4155124625 0.54775390625 0.420412021875 0.574609375 0.4277613609375 0.584375 0.443684928125 0.583154296875 0.4461347078125 0.570947265625
9 0.4179622421875 0.56728515625 0.41245023906249995 0.55263671875 0.4179622421875 0.5208984375 0.4191871328125 0.4818359375 0.4191871328125 0.443994140625 0.4155124625 0.40126953125 0.41367512812499996 0.375634765625 0.403263565625 0.3744140625 0.39346444687500004 0.3939453125 0.39162711250000004 0.44033203125 0.39162711250000004 0.475732421875 0.39346444687500004 0.51845703125 0.3891773328125 0.5404296875 0.3891773328125 0.561181640625 0.3977515625 0.57705078125 0.41183779375 0.578271484375 0.4179622421875 0.56728515625
15 0.38978977812500004 0.483056640625 0.38978977812500004 0.441552734375 0.38978977812500004 0.412255859375 0.38978977812500004 0.38173828125 0.3855026640625 0.368310546875 0.3750911015625 0.36953125 0.3683542078125 0.387841796875 0.36529198281249997 0.44765625 0.36529198281249997 0.48427734375 0.36529198281249997 0.50625 0.369579096875 0.548974609375 0.3769284359375 0.555078125 0.38795244375000004 0.55263671875 0.39040222343750003 0.519677734375 0.38978977812500004 0.483056640625
15 0.362842203125 0.570947265625 0.3677417625 0.555078125 0.3677417625 0.531884765625 0.36345464843749997 0.49892578125 0.36345464843749997 0.463525390625 0.36345464843749997 0.429345703125 0.3585550890625 0.402490234375 0.3548804203125 0.387841796875 0.3469186359375 0.392724609375 0.3395692984375 0.400048828125 0.3395692984375 0.443994140625 0.338956853125 0.4818359375 0.33711951875 0.507470703125 0.3346697390625 0.52822265625 0.3365070734375 0.5501953125 0.342019078125 0.56484375 0.3518181953125 0.575830078125 0.362842203125 0.570947265625
3 0.51350364375 0.534326171875 0.5128911984375 0.583154296875 0.5257525421875 0.59169921875 0.5465756671875 0.5794921875 0.5557623406250001 0.55263671875 0.5557623406250001 0.522119140625 0.5551498953125 0.4916015625 0.5514752265625 0.45009765625 0.5429009984375 0.38662109375 0.5361641046875001 0.37685546875 0.5294272109375 0.368310546875 0.51350364375 0.385400390625 0.51350364375 0.418359375 0.51350364375 0.456201171875 0.51350364375 0.485498046875 0.51350364375 0.534326171875
1 0.5563747859375 0.51357421875 0.55698723125 0.5599609375 0.5649490140625 0.566064453125 0.5784228015624999 0.556298828125 0.5851596953125 0.536767578125 0.582709915625 0.51357421875 0.579647690625 0.48916015625 0.5771979109375 0.45986328125 0.5771979109375 0.431787109375 0.5710734625 0.380517578125 0.5649490140625 0.370751953125 0.5551498953125 0.368310546875 0.5545374515625 0.395166015625 0.5563747859375 0.422021484375 0.5563747859375 0.45009765625 0.55698723125 0.48671875 0.5563747859375 0.51357421875
7 0.617006828125 0.548974609375 0.6188441640625 0.5306640625 0.6151694937500001 0.487939453125 0.6114948250000001 0.461083984375 0.6078201562500001 0.431787109375 0.603533040625 0.402490234375 0.599858371875 0.38173828125 0.5967961484375001 0.36708984375 0.5894468093749999 0.3744140625 0.5833223609375 0.38662109375 0.5839348046875 0.43544921875 0.587609475 0.480615234375 0.5857721406249999 0.512353515625 0.586384584375 0.54775390625 0.5955712578125001 0.558740234375 0.602920596875 0.56240234375 0.609657490625 0.556298828125 0.617006828125 0.548974609375
7 0.6225188328125 0.534326171875 0.63231795 0.53798828125 0.6396672890625 0.524560546875 0.6427295140625 0.50625 0.6378299546874999 0.48427734375 0.635380175 0.468408203125 0.63170550625 0.43544921875 0.6292557265625 0.390283203125 0.626805946875 0.36708984375 0.617006828125 0.358544921875 0.6078201562500001 0.3939453125 0.610269934375 0.418359375 0.6151694937500001 0.45498046875 0.6194566078125 0.497705078125 0.6225188328125 0.534326171875
7 0.71989756875 0.418359375 0.7162229 0.44033203125 0.71683534375 0.46474609375 0.721734903125 0.4818359375 0.7290842421875 0.495263671875 0.7364335796875 0.495263671875 0.755419371875 0.45986328125 0.7560318171875 0.434228515625 0.7597064859375 0.400048828125 0.7646060453125 0.343896484375 0.762156265625 0.331689453125 0.752357146875 0.324365234375 0.7358211359375 0.324365234375 0.7223473484375 0.341455078125 0.7211224578125 0.360986328125 0.7211224578125 0.385400390625 0.71989756875 0.418359375
6 0.63231795 0.653955078125 0.6396672890625 0.67958984375 0.650691296875 0.69912109375 0.660490415625 0.72109375 0.66906464375 0.705224609375 0.667839753125 0.68935546875 0.6568157453125 0.66982421875 0.6519161875 0.6380859375 0.6464041828125 0.610009765625 0.6427295140625 0.578271484375 0.63905484375 0.541650390625 0.6249686125 0.5404296875 0.6139446046875 0.555078125 0.606595265625 0.57216796875 0.613332159375 0.5892578125 0.6176192734375 0.60390625 0.6249686125 0.62587890625 0.63231795 0.653955078125
0 0.5747481328124999 0.693017578125 0.5820974703124999 0.71865234375 0.5906716984375 0.73330078125 0.5974085921875 0.756494140625 0.6053703765625 0.74794921875 0.599858371875 0.7162109375 0.5955712578125001 0.683251953125 0.5900592546875 0.652734375 0.582709915625 0.6234375 0.579035246875 0.5892578125 0.5704610171875 0.575830078125 0.5502503375 0.58193359375 0.5545374515625 0.61123046875 0.5594370093750001 0.631982421875 0.5649490140625 0.652734375 0.569236128125 0.666162109375 0.5747481328124999 0.693017578125
2 0.5612743453125 0.66005859375 0.55392500625 0.633203125 0.5533125609375 0.617333984375 0.5484130015625001 0.585595703125 0.5331018796875 0.594140625 0.525140096875 0.602685546875 0.5324894359375001 0.63564453125 0.5392263296875 0.66494140625 0.5429009984375 0.688134765625 0.55086278125 0.71865234375 0.5624992343749999 0.74306640625 0.56739879375 0.7162109375 0.56739879375 0.68935546875 0.5612743453125 0.66005859375
2 0.531876990625 0.641748046875 0.5306521 0.6283203125 0.52391520625 0.607568359375 0.51656586875 0.605126953125 0.5067667499999999 0.61123046875 0.511666309375 0.652734375 0.515340978125 0.688134765625 0.5257525421875 0.72353515625 0.5343267703125 0.7357421875 0.5361641046875001 0.71376953125 0.5361641046875001 0.68203125 0.535551659375 0.66005859375 0.531876990625 0.641748046875
10 0.484718734375 0.72353515625 0.49268051875 0.741845703125 0.5037045265625 0.739404296875 0.5006423015625 0.70400390625 0.4957427421875 0.67470703125 0.49390540781250003 0.6478515625 0.4963551875 0.61123046875 0.4871685140625 0.605126953125 0.4736947265625 0.610009765625 0.4736947265625 0.624658203125 0.47430717187500004 0.636865234375 0.4785942859375 0.668603515625 0.481044065625 0.691796875 0.484718734375 0.72353515625
10 0.4736947265625 0.64052734375 0.4724698375 0.63076171875 0.47185739218749995 0.60634765625 0.4785942859375 0.5990234375 0.4785942859375 0.590478515625 0.46818272343749995 0.58681640625 0.45899605 0.59169921875 0.45164671093750003 0.59658203125 0.451034265625 0.646630859375 0.451034265625 0.673486328125 0.45164671093750003 0.707666015625 0.454096490625 0.746728515625 0.4632831640625 0.736962890625 0.467570278125 0.707666015625 0.4700200578125 0.673486328125 0.4736947265625 0.64052734375
8 0.43327336406250005 0.736962890625 0.440622703125 0.710107421875 0.4461347078125 0.678369140625 0.44858448749999996 0.64541015625 0.4498093765625 0.627099609375 0.450421821875 0.5892578125 0.44246003749999996 0.585595703125 0.433885809375 0.588037109375 0.423474246875 0.59169921875 0.4228618015625 0.622216796875 0.42102446718750003 0.646630859375 0.420412021875 0.680810546875 0.419799578125 0.71865234375 0.41857468750000004 0.739404296875 0.42224935625000004 0.76015625 0.42898625 0.76015625 0.43327336406250005 0.736962890625
14 0.41245023906249995 0.671044921875 0.4155124625 0.641748046875 0.420412021875 0.6185546875 0.42224935625000004 0.594140625 0.41122534843749997 0.58193359375 0.40142623125 0.5794921875 0.3946893375 0.5794921875 0.39223955781250003 0.5892578125 0.38978977812500004 0.624658203125 0.38978977812500004 0.653955078125 0.38489021874999996 0.685693359375 0.3836653296875 0.7455078125 0.3946893375 0.74794921875 0.40265112031249994 0.719873046875 0.4093880140625 0.693017578125 0.41245023906249995 0.671044921875