11 0.4736947265625 0.4141741078125 0.471594915625 0.46021205312499996 0.47019504218749997 0.48950892812499996 0.47089497812500003 0.5104352671875 0.4652954828125 0.5313616078125001 0.46809523124999997 0.555078125 0.4743946640625 0.5606584828125001 0.48489371875 0.5606584828125001 0.5002923328125 0.5564732140624999 0.5023921437500001 0.5076450890624999 0.49959239687499996 0.48392857187500005 0.49819252187499996 0.4420758921875 0.49609271093749996 0.379296875 0.4967926484375 0.356975446875 0.4939929 0.327678571875 0.4820939703125 0.3193080359375 0.4757945375 0.3318638390625 0.4757945375 0.3681361609375 0.4743946640625 0.391852678125 0.4736947265625 0.4141741078125
9 0.41210027031249996 0.4323102671875 0.4058008375 0.46439732187500005 0.4051009 0.49369419687500005 0.40650077500000004 0.5397321421875 0.4155999546875 0.555078125 0.4253990734375 0.5606584828125001 0.44009774999999995 0.5341517859375 0.4435974359375 0.503459821875 0.4393978140625 0.47416294687500005 0.4393978140625 0.4295200890625 0.4393978140625 0.3611607140625 0.4386978765625 0.343024553125 0.43239844375 0.3109375 0.419799578125 0.3151227671875 0.4176997671875 0.3388392859375 0.4155999546875 0.36534598281249997 0.41280020781250004 0.391852678125 0.41210027031249996 0.4323102671875
15 0.338606884375 0.4881138390625 0.34280650625 0.5076450890624999 0.3512057515625 0.5271763390624999 0.365204490625 0.5341517859375 0.3771034203125 0.5146205359375 0.3771034203125 0.47974330312499996 0.37780335625 0.418359375 0.3757035453125 0.3583705359375 0.3708039875 0.3346540171875 0.3603049328125 0.323493303125 0.35470543593750004 0.337444196875 0.3512057515625 0.366741071875 0.347006128125 0.4044084828125 0.34070669531250003 0.4518415171875 0.338606884375 0.4881138390625
13 0.2700130578125 0.4685825890625 0.28121205 0.4811383921875 0.29451085312499997 0.4909040171875 0.30780965625 0.4811383921875 0.317608775 0.4490513390625 0.312009278125 0.42533482187500005 0.302910096875 0.391852678125 0.3015102234375 0.3318638390625 0.2924110421875 0.3151227671875 0.2700130578125 0.30675223281249997 0.2700130578125 0.33046875 0.2707129953125 0.372321428125 0.2749126171875 0.418359375 0.26861318437500004 0.4532366078125 0.2700130578125 0.4685825890625
3 0.5023921437500001 0.5592633921875 0.5184906953125 0.557868303125 0.533889309375 0.555078125 0.5352891828125 0.5369419640624999 0.5352891828125 0.5048549109375 0.5317894984375 0.4685825890625 0.5317894984375 0.428125 0.52898975 0.347209821875 0.5268899390625 0.323493303125 0.5142910734374999 0.323493303125 0.506591765625 0.3513950890625 0.5037920171875 0.38487723281249997 0.5044919546875 0.43091517812499996 0.5030920812499999 0.4853236609375 0.5023921437500001 0.5592633921875
3 0.53738899375 0.5439174109375 0.5527876078125 0.552287946875 0.5590870406249999 0.532756696875 0.5632866640625 0.50625 0.5611868531249999 0.4909040171875 0.5611868531249999 0.46021205312499996 0.5590870406249999 0.4197544640625 0.5590870406249999 0.3583705359375 0.5583871046875 0.340234375 0.5492879234375 0.337444196875 0.5394888046874999 0.343024553125 0.5366890578125 0.3737165171875 0.533889309375 0.4002232140625 0.5352891828125 0.46997767812499996 0.53738899375 0.5439174109375
5 0.6990744421875 0.48392857187500005 0.7088735609375 0.48671875 0.7179727421875 0.46997767812499996 0.7207724890625 0.4490513390625 0.7179727421875 0.41556919687500005 0.727771859375 0.3639508921875 0.736871040625 0.3388392859375 0.7270719234375 0.3095424109375 0.710273434375 0.3193080359375 0.69767456875 0.33046875 0.689275325 0.37511160781249997 0.6829758921875 0.4044084828125 0.6745766468750001 0.4392857140625 0.6696770890625 0.4532366078125 0.6738767109375 0.48671875 0.6815760171874999 0.4950892859375 0.6920750734375 0.4922991078125 0.6990744421875 0.48392857187500005
4 0.7207724890625 0.6053013390624999 0.736871040625 0.626227678125 0.75086978125 0.6415736609375 0.7725678281249999 0.6415736609375 0.790066253125 0.620647321875 0.781667009375 0.5899553578125001 0.7697680796874999 0.5536830359375 0.7613688359374999 0.5536830359375 0.746670159375 0.5202008921875 0.7354711671875 0.4922991078125 0.7235722375 0.48950892812499996 0.7137731203125 0.5048549109375 0.6948748203124999 0.5299665171875 0.6920750734375 0.5467075890624999 0.6955747578125 0.5801897328125001 0.7081736234375 0.594140625 0.7207724890625 0.6053013390624999
6 0.60948250625 0.6415736609375 0.6122822546875 0.689006696875 0.6185816875000001 0.7196986609375 0.631180553125 0.7448102671875 0.6430794828125 0.737834821875 0.6416796078125 0.7155133921875 0.6374799859375 0.6764508921875 0.640279734375 0.6513392859375 0.640279734375 0.6122767859375 0.6430794828125 0.594140625 0.6458792296875 0.5704241078125001 0.63678005 0.5313616078125001 0.6234812468750001 0.5299665171875 0.614382065625 0.5397321421875 0.6087825687499999 0.538337053125 0.6010832625 0.5508928578125001 0.6010832625 0.5829799109375 0.6059828203125 0.606696428125 0.60948250625 0.6415736609375
6 0.6101824437500001 0.714118303125 0.6059828203125 0.672265625 0.6066827578125 0.6415736609375 0.605282884375 0.6080915171875 0.5989834515625 0.5885602671875 0.5989834515625 0.5467075890624999 0.5884843953125001 0.5397321421875 0.5737857187500001 0.5704241078125001 0.578685278125 0.6025111609375 0.581485025 0.6373883921875 0.5835848359375 0.6778459828125001 0.587084521875 0.7224888390624999 0.5989834515625 0.767131696875 0.6150820015625 0.7587611609375 0.6171818124999999 0.7420200890624999 0.6101824437500001 0.714118303125
8 0.454096490625 0.737834821875 0.453396553125 0.691796875 0.45059680625 0.6583147328125001 0.45269661718750004 0.6192522328125001 0.45269661718750004 0.581584821875 0.445697246875 0.5606584828125001 0.435898128125 0.567633928125 0.426798946875 0.584375 0.4239992 0.6192522328125001 0.4239992 0.6541294640624999 0.4246991359375 0.6973772328125001 0.427498884375 0.7420200890624999 0.43239844375 0.7685267859375 0.44149762499999995 0.7852678578125001 0.4519966796875 0.7685267859375 0.454096490625 0.737834821875
10 0.47789434843749995 0.7517857140624999 0.4771944125 0.704352678125 0.4757945375 0.6708705359375 0.4757945375 0.6318080359375 0.4757945375 0.594140625 0.4757945375 0.5690290171875 0.462495734375 0.56484375 0.453396553125 0.5787946421875 0.4554963640625 0.6220424109375 0.4568962390625 0.652734375 0.45759617500000005 0.6904017859375 0.45969598593749994 0.7224888390624999 0.46179579843749996 0.753180803125 0.4652954828125 0.789453125 0.4785942859375 0.7810825890624999 0.47789434843749995 0.7517857140624999
10 0.5002923328125 0.7266741078125001 0.5009922703125 0.6973772328125001 0.5009922703125 0.672265625 0.5002923328125 0.6471540171875 0.49959239687499996 0.6094866078125001 0.50169220625 0.571819196875 0.48629359375 0.567633928125 0.47789434843749995 0.574609375 0.4785942859375 0.6290178578125001 0.48139403437499995 0.659709821875 0.4820939703125 0.708537946875 0.4820939703125 0.7489955359375 0.4820939703125 0.7810825890624999 0.48769346718750006 0.7950334828125001 0.5002923328125 0.782477678125 0.5002923328125 0.7266741078125001
2 0.5219903796875001 0.64296875 0.5219903796875001 0.620647321875 0.5177907578125 0.5732142859375 0.5058918296875 0.571819196875 0.50169220625 0.581584821875 0.49889245937500004 0.6248325890624999 0.5037920171875 0.6625 0.507291703125 0.7071428578125001 0.5100914515625 0.7517857140624999 0.5219903796875001 0.7448102671875 0.5240901906250001 0.7071428578125001 0.5219903796875001 0.672265625 0.5219903796875001 0.64296875
2 0.546488175 0.7448102671875 0.5457882390625 0.7001674109375 0.5457882390625 0.6638950890624999 0.5450883015625 0.616462053125 0.5436884281250001 0.567633928125 0.5310895609374999 0.562053571875 0.51989056875 0.5690290171875 0.5191906328125 0.5801897328125001 0.5240901906250001 0.6220424109375 0.5261900015625 0.6541294640624999 0.5261900015625 0.698772321875 0.5261900015625 0.7364397328125001 0.5240901906250001 0.7838727671875 0.533189371875 0.792243303125 0.5450883015625 0.7796875 0.546488175 0.7448102671875
0 0.5758855296875 0.684821428125 0.5758855296875 0.6415736609375 0.57448565625 0.594140625 0.5702860328125 0.56484375 0.55698723125 0.5536830359375 0.5457882390625 0.562053571875 0.546488175 0.6094866078125001 0.5485879859375 0.6471540171875 0.551387734375 0.691796875 0.5499878609375 0.7266741078125001 0.5499878609375 0.7852678578125001 0.5674862859375 0.7741071421875 0.5716859078125001 0.7392299109375 0.5758855296875 0.684821428125
14 0.41490001875000004 0.694587053125 0.419099640625 0.6513392859375 0.42329926249999994 0.6192522328125001 0.4260990109375 0.571819196875 0.41140033281250005 0.5564732140624999 0.39600171875 0.555078125 0.39460184531250003 0.567633928125 0.393201971875 0.610881696875 0.393201971875 0.652734375 0.39460184531250003 0.704352678125 0.392502034375 0.7448102671875 0.39460184531250003 0.769921875 0.4051009 0.769921875 0.41490001875000004 0.7448102671875 0.41490001875000004 0.694587053125
12 0.3057098453125 0.6178571421875 0.29171110625 0.6443638390624999 0.2833118609375 0.694587053125 0.2931109796875 0.704352678125 0.313409153125 0.7196986609375 0.3330073890625 0.7322544640624999 0.34070669531250003 0.7196986609375 0.347006128125 0.6959821421875 0.3533055625 0.6471540171875 0.3554053734375 0.6150669640624999 0.3687041765625 0.574609375 0.35820512031249996 0.5536830359375 0.347006128125 0.5369419640624999 0.333707325 0.5271763390624999 0.3183087109375 0.5369419640624999 0.3148090265625 0.5760044640624999 0.312009278125 0.5983258921875 0.3057098453125 0.6178571421875
12 0.2742126796875 0.68203125 0.286111609375 0.655524553125 0.2931109796875 0.6290178578125001 0.2994104125 0.5955357140624999 0.3113093421875 0.567633928125 0.3148090265625 0.555078125 0.3162089015625 0.532756696875 0.32180839687499996 0.5243861609375 0.321108459375 0.5048549109375 0.3064097828125 0.5020647328125001 0.30011035 0.4978794640625 0.2889113578125 0.4909040171875 0.2742126796875 0.49369419687500005 0.269313121875 0.5215959828125001 0.2672133109375 0.5467075890624999 0.258814065625 0.5690290171875 0.24061570312499997 0.5955357140624999 0.224517153125 0.626227678125 0.2448153265625 0.665290178125 0.26021394062500003 0.6834263390624999 0.2742126796875 0.68203125