11 0.47255428125 0.457421875 0.48114113124999996 0.46962890625 0.49034132656249996 0.473291015625 0.50260825625 0.47451171875 0.5038349484375 0.45986328125 0.5044482953125 0.436669921875 0.5050616406249999 0.398828125 0.5050616406249999 0.37197265625 0.5032216015625 0.317041015625 0.501994909375 0.30849609375 0.49402140625 0.30361328125 0.48666124843749997 0.31337890625 0.48298117031250004 0.3353515625 0.4799144375 0.36220703125 0.4799144375 0.385400390625 0.47255428125 0.457421875
11 0.45231385 0.407373046875 0.448020425 0.44521484375 0.4498604640625 0.4671875 0.45967400625000004 0.4671875 0.47194093437499995 0.4671875 0.4743943203125 0.436669921875 0.4750076671875 0.409814453125 0.4750076671875 0.37197265625 0.4756210125 0.346337890625 0.4743943203125 0.3109375 0.47194093437499995 0.2962890625 0.463354084375 0.285302734375 0.455993928125 0.285302734375 0.45844731406249994 0.314599609375 0.456607275 0.339013671875 0.456607275 0.368310546875 0.45231385 0.407373046875
9 0.41796645000000004 0.365869140625 0.413673025 0.4037109375 0.4112196390625 0.43056640625 0.41183298593749995 0.457421875 0.41919314218750003 0.46474609375 0.4326867640625 0.46474609375 0.44618038593750003 0.461083984375 0.44618038593750003 0.437890625 0.448020425 0.418359375 0.448020425 0.398828125 0.448020425 0.36708984375 0.448020425 0.340234375 0.448020425 0.292626953125 0.4443403453125 0.273095703125 0.43943357499999997 0.25234375 0.430846725 0.251123046875 0.4277799921875 0.27431640625 0.42225987500000006 0.301171875 0.41919314218750003 0.340234375 0.41796645000000004 0.365869140625
15 0.41183298593749995 0.390283203125 0.41673975781249994 0.363427734375 0.41735310312499996 0.326806640625 0.4204198359375 0.29384765625 0.4148997171875 0.26455078125 0.404472828125 0.248681640625 0.3940459390625 0.251123046875 0.3946592859375 0.277978515625 0.39588597812500004 0.334130859375 0.3922059 0.37197265625 0.388525821875 0.397607421875 0.38484574375 0.436669921875 0.3922059 0.436669921875 0.39833936406250003 0.42568359375 0.40876625312500003 0.43544921875 0.41183298593749995 0.390283203125
15 0.38239235781250003 0.42568359375 0.3866857828125 0.397607421875 0.3909792078125 0.356103515625 0.39281924687499997 0.324365234375 0.3922059 0.29384765625 0.3922059 0.273095703125 0.3909792078125 0.2474609375 0.38055231875 0.246240234375 0.37503220000000004 0.270654296875 0.3695120828125 0.331689453125 0.3695120828125 0.3451171875 0.36276527187499996 0.37197265625 0.36031188593749996 0.3890625 0.36276527187499996 0.41103515625 0.3664453515625 0.422021484375 0.37441885468749997 0.42568359375 0.38239235781250003 0.42568359375
3 0.513648490625 0.3744140625 0.5118084515625 0.40615234375 0.5081283734375 0.4623046875 0.514875184375 0.4818359375 0.5271421125 0.490380859375 0.5357289625 0.485498046875 0.5400223875 0.461083984375 0.5400223875 0.439111328125 0.5418624265624999 0.409814453125 0.5418624265624999 0.3744140625 0.5449291578125 0.33779296875 0.5443158125 0.321923828125 0.54308911875 0.307275390625 0.5332755765625 0.30361328125 0.5216219953125 0.309716796875 0.5197819546875 0.32802734375 0.5154885296875 0.353662109375 0.513648490625 0.3744140625
3 0.5412490796875 0.457421875 0.5424757734375001 0.478173828125 0.547995890625 0.483056640625 0.5541293546875 0.478173828125 0.560876165625 0.46474609375 0.56455624375 0.4525390625 0.5633295515625 0.43544921875 0.5633295515625 0.42080078125 0.5633295515625 0.390283203125 0.563942896875 0.360986328125 0.569463015625 0.320703125 0.5633295515625 0.309716796875 0.55596939375 0.31826171875 0.5486092375 0.329248046875 0.547995890625 0.34755859375 0.5449291578125 0.387841796875 0.54308911875 0.422021484375 0.5412490796875 0.457421875
1 0.56884966875 0.37685546875 0.56884966875 0.41103515625 0.5657829359375001 0.44765625 0.5663962828125 0.463525390625 0.5743697859375 0.465966796875 0.582343290625 0.457421875 0.5921568328125 0.441552734375 0.5958369109375 0.42568359375 0.5970636046875 0.40615234375 0.5970636046875 0.379296875 0.5964502578124999 0.340234375 0.5958369109375 0.30361328125 0.59461021875 0.290185546875 0.59031679375 0.277978515625 0.58050325 0.2865234375 0.576823171875 0.299951171875 0.5743697859375 0.321923828125 0.5706897078125001 0.346337890625 0.56884966875 0.37685546875
10 0.48175447812499994 0.641748046875 0.48420786250000003 0.612451171875 0.48420786250000003 0.580712890625 0.484821209375 0.553857421875 0.484821209375 0.5306640625 0.484821209375 0.514794921875 0.477461053125 0.507470703125 0.473167628125 0.50625 0.4664208171875 0.5111328125 0.46826085624999997 0.535546875 0.46826085624999997 0.558740234375 0.46887420312500006 0.584375 0.4694875484375 0.605126953125 0.4694875484375 0.617333984375 0.4694875484375 0.64296875 0.47255428125 0.66005859375 0.48175447812499994 0.641748046875
10 0.5001548703124999 0.652734375 0.5081283734375 0.658837890625 0.5124217984375 0.64296875 0.5124217984375 0.624658203125 0.5099684124999999 0.60390625 0.506288334375 0.558740234375 0.5044482953125 0.5208984375 0.49954152343749997 0.514794921875 0.4885012875 0.51357421875 0.4885012875 0.536767578125 0.4909546734375 0.55751953125 0.49402140625 0.585595703125 0.4946347515625 0.6087890625 0.5001548703124999 0.652734375
8 0.455993928125 0.673486328125 0.4615140453125 0.6283203125 0.46396743125000006 0.57705078125 0.4664208171875 0.5501953125 0.4658074703125 0.524560546875 0.46396743125000006 0.500146484375 0.4529271953125 0.50380859375 0.443727 0.505029296875 0.4369801890625 0.502587890625 0.42962003125 0.50869140625 0.4333001109375 0.536767578125 0.430846725 0.56728515625 0.430846725 0.60634765625 0.430846725 0.636865234375 0.431460071875 0.661279296875 0.43452680312499997 0.688134765625 0.4492471171875 0.685693359375 0.455993928125 0.673486328125
14 0.41612641093749997 0.691796875 0.421646528125 0.671044921875 0.42655329999999997 0.633203125 0.4277799921875 0.590478515625 0.4283933390625 0.56484375 0.43207341718750003 0.529443359375 0.4283933390625 0.505029296875 0.4333001109375 0.49892578125 0.421646528125 0.4916015625 0.4106062921875 0.492822265625 0.404472828125 0.4916015625 0.40324613593749997 0.52333984375 0.4026327890625 0.55751953125 0.40079275000000003 0.595361328125 0.400179403125 0.624658203125 0.401406096875 0.651513671875 0.405699521875 0.671044921875 0.4075395609375 0.690576171875 0.41612641093749997 0.691796875
14 0.38913916875 0.663720703125 0.3946592859375 0.613671875 0.3946592859375 0.592919921875 0.39833936406250003 0.556298828125 0.40079275000000003 0.5306640625 0.405699521875 0.487939453125 0.39772601875 0.480615234375 0.388525821875 0.480615234375 0.381165665625 0.476953125 0.37503220000000004 0.47451171875 0.3688987359375 0.480615234375 0.36767204375 0.5111328125 0.367058696875 0.544091796875 0.363991965625 0.590478515625 0.3646053109375 0.641748046875 0.363991965625 0.67958984375 0.367058696875 0.695458984375 0.37993897187500003 0.69423828125 0.38913916875 0.663720703125
12 0.32105771562499996 0.617333984375 0.3351646828125 0.58681640625 0.34436487968749996 0.56240234375 0.35479176875 0.539208984375 0.3664453515625 0.514794921875 0.36767204375 0.478173828125 0.3738055078125 0.470849609375 0.359698540625 0.456201171875 0.349884996875 0.45009765625 0.33945810781249997 0.44033203125 0.32903121875 0.43544921875 0.32105771562499996 0.437890625 0.31247086562500004 0.461083984375 0.309404134375 0.48916015625 0.30020393749999996 0.519677734375 0.29100374218749997 0.5453125 0.28180354531249996 0.578271484375 0.27935015937499996 0.60146484375 0.30265732343749996 0.633203125 0.32105771562499996 0.617333984375
2 0.5197819546875 0.661279296875 0.5271421125 0.6576171875 0.527755459375 0.627099609375 0.526528765625 0.59658203125 0.5246887265625 0.54775390625 0.5240753796875001 0.516015625 0.5167152234375 0.512353515625 0.5081283734375 0.517236328125 0.5075150265625 0.529443359375 0.5075150265625 0.548974609375 0.5124217984375 0.584375 0.514875184375 0.629541015625 0.5197819546875 0.661279296875
2 0.53020884375 0.641748046875 0.535115615625 0.672265625 0.5418624265624999 0.666162109375 0.5467691984374999 0.641748046875 0.5467691984374999 0.619775390625 0.5467691984374999 0.57216796875 0.5449291578125 0.548974609375 0.5449291578125 0.514794921875 0.5418624265624999 0.50380859375 0.5369556546875 0.505029296875 0.526528765625 0.512353515625 0.526528765625 0.534326171875 0.5271421125 0.553857421875 0.5295954984375 0.595361328125 0.53020884375 0.641748046875
0 0.560876165625 0.661279296875 0.5670096296875 0.710107421875 0.5786632109375 0.70888671875 0.5835699828124999 0.66005859375 0.5811165968750001 0.622216796875 0.5798899046875 0.60390625 0.5762098265625 0.570947265625 0.573756440625 0.539208984375 0.5706897078125001 0.497705078125 0.56026281875 0.496484375 0.5449291578125 0.505029296875 0.5473825437500001 0.535546875 0.547995890625 0.553857421875 0.5516759687499999 0.588037109375 0.5547427015624999 0.627099609375 0.560876165625 0.661279296875
6 0.584796675 0.6087890625 0.584796675 0.64052734375 0.59031679375 0.671044921875 0.6013570296874999 0.69912109375 0.6148506499999999 0.6869140625 0.611170571875 0.64541015625 0.6087171859375 0.62099609375 0.6068771468749999 0.590478515625 0.6050371078125 0.566064453125 0.6050371078125 0.52822265625 0.602583721875 0.48671875 0.59461021875 0.48427734375 0.5829566359375 0.48427734375 0.572529746875 0.496484375 0.5762098265625 0.531884765625 0.5798899046875 0.548974609375 0.58172994375 0.568505859375 0.584796675 0.6087890625
6 0.6123972640625001 0.617333984375 0.6166906890625 0.661279296875 0.6203707671875 0.6771484375 0.6307976562500001 0.6966796875 0.6473580109375 0.68935546875 0.6418378921875 0.663720703125 0.639997853125 0.653955078125 0.6375444671875 0.629541015625 0.636317775 0.597802734375 0.636317775 0.56484375 0.636317775 0.534326171875 0.636317775 0.514794921875 0.636931121875 0.492822265625 0.6307976562500001 0.475732421875 0.6197574218749999 0.465966796875 0.602583721875 0.47939453125 0.6081038390625 0.5306640625 0.610557225 0.551416015625 0.61178391875 0.575830078125 0.6123972640625001 0.617333984375