11 0.4932929625 0.428125 0.4908431828125 0.470849609375 0.49023073906250003 0.512353515625 0.49268051875 0.52578125 0.5024796359375 0.534326171875 0.514728534375 0.539208984375 0.5306521 0.524560546875 0.531876990625 0.48916015625 0.531876990625 0.46474609375 0.5300396562499999 0.441552734375 0.52697743125 0.40859375 0.528202321875 0.314599609375 0.5257525421875 0.301171875 0.5196280921875001 0.287744140625 0.5073791953125 0.290185546875 0.501254746875 0.331689453125 0.49819252187499996 0.365869140625 0.49451785312499996 0.398828125 0.4932929625 0.428125
11 0.47798184062500004 0.517236328125 0.48778095937500004 0.51845703125 0.4871685140625 0.468408203125 0.49023073906250003 0.429345703125 0.4932929625 0.37685546875 0.4969676328125 0.336572265625 0.4969676328125 0.302392578125 0.4969676328125 0.287744140625 0.479819175 0.2767578125 0.47675695156250003 0.2865234375 0.4724698375 0.30361328125 0.4663453890625 0.379296875 0.463895609375 0.407373046875 0.460833384375 0.422021484375 0.457158715625 0.443994140625 0.45470893593749995 0.46962890625 0.45470893593749995 0.5013671875 0.463895609375 0.517236328125 0.47798184062500004 0.517236328125
9 0.447359596875 0.51357421875 0.45225915624999996 0.496484375 0.457158715625 0.426904296875 0.4632831640625 0.3158203125 0.457771159375 0.271875 0.4449098171875 0.246240234375 0.43449825468750003 0.253564453125 0.42898625 0.27919921875 0.4246991359375 0.304833984375 0.42224935625000004 0.38173828125 0.4216369125 0.412255859375 0.4216369125 0.443994140625 0.4216369125 0.46962890625 0.4240866921875 0.4916015625 0.42959869531250006 0.51845703125 0.43511069999999996 0.527001953125 0.447359596875 0.51357421875
15 0.4093880140625 0.48427734375 0.420412021875 0.475732421875 0.4191871328125 0.441552734375 0.4191871328125 0.392724609375 0.4191871328125 0.36220703125 0.42224935625000004 0.3060546875 0.42531158125 0.271875 0.4277613609375 0.25234375 0.41367512812499996 0.24990234375 0.406938234375 0.263330078125 0.4051009 0.275537109375 0.39836400625 0.360986328125 0.39101466875 0.400048828125 0.38795244375000004 0.422021484375 0.3855026640625 0.437890625 0.3818279953125 0.465966796875 0.39223955781250003 0.48671875 0.40020134062499996 0.49404296875 0.4093880140625 0.48427734375
13 0.362229759375 0.463525390625 0.37141643125 0.465966796875 0.3769284359375 0.46962890625 0.38611510937500004 0.418359375 0.3959142265625 0.35 0.396526671875 0.3109375 0.396526671875 0.285302734375 0.3953017828125 0.262109375 0.37876577031249997 0.260888671875 0.3701915421875 0.262109375 0.352430640625 0.268212890625 0.35059330625 0.2865234375 0.3469186359375 0.33779296875 0.3450813015625 0.365869140625 0.3414066328125 0.38173828125 0.3316075140625 0.414697265625 0.335282184375 0.453759765625 0.34018174375 0.46474609375 0.3567177546875 0.456201171875 0.362229759375 0.463525390625
13 0.277712365625 0.375634765625 0.2770999203125 0.397607421875 0.2801621453125 0.4134765625 0.2905737078125 0.418359375 0.3003728265625 0.4330078125 0.30710971875 0.451318359375 0.3169088375 0.451318359375 0.32915773593750003 0.441552734375 0.33038262500000004 0.412255859375 0.3395692984375 0.378076171875 0.3407941875 0.359765625 0.34446885781250003 0.321923828125 0.345693746875 0.263330078125 0.3450813015625 0.236474609375 0.32670795625000004 0.2279296875 0.32303328593749997 0.243798828125 0.318746171875 0.277978515625 0.3089470546875 0.304833984375 0.2924110421875 0.34755859375 0.277712365625 0.375634765625
13 0.26975058125 0.353662109375 0.2838368140625 0.353662109375 0.2954732671875 0.3353515625 0.306497275 0.304833984375 0.3162963921875 0.271875 0.32180839687499996 0.2328125 0.32180839687499996 0.214501953125 0.312009278125 0.19130859375 0.3028226046875 0.185205078125 0.2924110421875 0.183984375 0.2887363734375 0.197412109375 0.2770999203125 0.23525390625 0.2666883578125 0.25478515625 0.2587265734375 0.262109375 0.25198967968749997 0.273095703125 0.25198967968749997 0.30361328125 0.2550519046875 0.321923828125 0.26423857812499996 0.339013671875 0.26975058125 0.353662109375
3 0.5398387734375001 0.353662109375 0.5392263296875 0.382958984375 0.5343267703125 0.41103515625 0.531876990625 0.436669921875 0.531876990625 0.4671875 0.5343267703125 0.495263671875 0.5331018796875 0.522119140625 0.5496378921875 0.5306640625 0.5594370093750001 0.52333984375 0.5680112390625001 0.509912109375 0.5667863484375 0.47939453125 0.5667863484375 0.456201171875 0.5661739031249999 0.436669921875 0.5680112390625001 0.407373046875 0.5686236828125 0.35732421875 0.569236128125 0.2865234375 0.56739879375 0.26455078125 0.5612743453125 0.2572265625 0.5447383328125001 0.2572265625 0.5416761078125 0.275537109375 0.5398387734375001 0.299951171875 0.5398387734375001 0.321923828125 0.5398387734375001 0.353662109375
3 0.5704610171875 0.400048828125 0.5686236828125 0.441552734375 0.5704610171875 0.496484375 0.5747481328124999 0.512353515625 0.582709915625 0.51845703125 0.596183703125 0.5111328125 0.5992459265625001 0.4916015625 0.5967961484375001 0.463525390625 0.5931214781249999 0.441552734375 0.59128414375 0.422021484375 0.59128414375 0.395166015625 0.59128414375 0.360986328125 0.59128414375 0.29384765625 0.5918965890625 0.282861328125 0.5857721406249999 0.2669921875 0.575973021875 0.263330078125 0.5716859078125001 0.29140625 0.5716859078125001 0.3255859375 0.5716859078125001 0.360986328125 0.5704610171875 0.400048828125
1 0.5967961484375001 0.439111328125 0.6004708171875001 0.4916015625 0.60475793125 0.509912109375 0.6121072703125 0.516015625 0.623131278125 0.50380859375 0.62864328125 0.47451171875 0.6280308359375 0.453759765625 0.6249686125 0.426904296875 0.6249686125 0.404931640625 0.6249686125 0.348779296875 0.6249686125 0.281640625 0.6194566078125 0.2669921875 0.6121072703125 0.2669921875 0.6053703765625 0.281640625 0.602920596875 0.30849609375 0.5992459265625001 0.336572265625 0.5986334828125 0.38662109375 0.5967961484375001 0.439111328125
7 0.626805946875 0.392724609375 0.626805946875 0.426904296875 0.630480615625 0.4671875 0.637217509375 0.4720703125 0.643954403125 0.46474609375 0.6543659671875 0.4525390625 0.65559085625 0.42080078125 0.6525286312499999 0.375634765625 0.6494664078125 0.28408203125 0.6482415171875 0.271875 0.6445668484375 0.265771484375 0.626805946875 0.265771484375 0.626805946875 0.27919921875 0.626805946875 0.304833984375 0.626805946875 0.35244140625 0.626805946875 0.392724609375
5 0.657428190625 0.407373046875 0.6580406359375 0.45986328125 0.667839753125 0.468408203125 0.6764139828125 0.457421875 0.6849882109375 0.463525390625 0.6935624390624999 0.461083984375 0.697849553125 0.44521484375 0.697849553125 0.419580078125 0.69294999375 0.397607421875 0.6886628796875 0.3744140625 0.6868255453125001 0.34755859375 0.68253843125 0.281640625 0.6813135406249999 0.26943359375 0.6788637609375 0.26455078125 0.664165084375 0.26455078125 0.653753521875 0.280419921875 0.653753521875 0.307275390625 0.6543659671875 0.356103515625 0.657428190625 0.407373046875
5 0.69601221875 0.392724609375 0.7009117765624999 0.43544921875 0.7039740015625 0.441552734375 0.7162229 0.44765625 0.7266344625000001 0.428125 0.7309215765625 0.41591796875 0.735208690625 0.395166015625 0.7358211359375 0.3744140625 0.724797128125 0.3548828125 0.7192851234375001 0.33046875 0.7162229 0.30849609375 0.7094860062499999 0.2474609375 0.7082611156249999 0.231591796875 0.6953997734375 0.226708984375 0.6856006546875 0.246240234375 0.6856006546875 0.2767578125 0.6886628796875 0.314599609375 0.69294999375 0.360986328125 0.69601221875 0.392724609375
5 0.7327589109375 0.363427734375 0.74378291875 0.36953125 0.748682478125 0.35244140625 0.7615438203125 0.343896484375 0.7688931593749999 0.321923828125 0.7627687109375 0.307275390625 0.7548069265625 0.290185546875 0.7505198125 0.265771484375 0.745620253125 0.21328125 0.7443953640625 0.1986328125 0.7364335796875 0.192529296875 0.7107108953125 0.21328125 0.7143855640625 0.246240234375 0.7205100140625 0.299951171875 0.7241846828125 0.339013671875 0.7327589109375 0.363427734375
10 0.4596084953125 0.649072265625 0.463895609375 0.68203125 0.46573294374999996 0.711328125 0.47063250312499993 0.75771484375 0.4871685140625 0.76015625 0.4920680734375 0.722314453125 0.49023073906250003 0.7015625 0.48961829375 0.6673828125 0.48778095937500004 0.6380859375 0.49145562812500004 0.607568359375 0.49023073906250003 0.56240234375 0.48961829375 0.555078125 0.484718734375 0.55263671875 0.463895609375 0.555078125 0.463895609375 0.57216796875 0.463895609375 0.594140625 0.4596084953125 0.6234375 0.4596084953125 0.649072265625
10 0.501254746875 0.724755859375 0.5024796359375 0.758935546875 0.515340978125 0.754052734375 0.5196280921875001 0.739404296875 0.5208529828125 0.71376953125 0.5196280921875001 0.678369140625 0.5171783140625 0.6576171875 0.515340978125 0.633203125 0.5202405375 0.60634765625 0.5177907578125 0.561181640625 0.518403203125 0.55263671875 0.49145562812500004 0.55263671875 0.49268051875 0.58193359375 0.49268051875 0.6234375 0.49451785312499996 0.646630859375 0.49758007656250003 0.668603515625 0.501254746875 0.724755859375
8 0.4142875734375 0.778466796875 0.42592402656250006 0.788232421875 0.4363355890625 0.7796875 0.4430724828125 0.73330078125 0.450421821875 0.7015625 0.4534840453125 0.6673828125 0.45593382499999996 0.651513671875 0.45593382499999996 0.634423828125 0.46144582968750003 0.5990234375 0.460833384375 0.580712890625 0.460833384375 0.55751953125 0.450421821875 0.535546875 0.4412351484375 0.54287109375 0.43572314375000004 0.5501953125 0.42653647031249997 0.570947265625 0.4246991359375 0.602685546875 0.42224935625000004 0.627099609375 0.41734979843750003 0.649072265625 0.41183779375 0.691796875 0.41183779375 0.72353515625 0.4106129046875 0.74306640625 0.4142875734375 0.778466796875
14 0.37937821562499996 0.756494140625 0.3953017828125 0.730859375 0.4044884546875 0.70888671875 0.4106129046875 0.668603515625 0.4155124625 0.64052734375 0.420412021875 0.61611328125 0.4228618015625 0.595361328125 0.430211140625 0.548974609375 0.419799578125 0.5501953125 0.41490001875000004 0.53798828125 0.40571334531250003 0.539208984375 0.3971391171875 0.539208984375 0.39162711250000004 0.555078125 0.38305288437499996 0.600244140625 0.38060310468749997 0.6283203125 0.38060310468749997 0.66005859375 0.37754088124999996 0.68935546875 0.3750911015625 0.712548828125 0.368966653125 0.729638671875 0.3738662109375 0.75283203125 0.37937821562499996 0.756494140625
12 0.2936359328125 0.705224609375 0.318746171875 0.751611328125 0.335282184375 0.739404296875 0.3530430859375 0.712548828125 0.365904428125 0.6869140625 0.3738662109375 0.652734375 0.376315990625 0.63076171875 0.37937821562499996 0.614892578125 0.38244043906249997 0.597802734375 0.38856488906250003 0.558740234375 0.399588896875 0.5306640625 0.39040222343750003 0.529443359375 0.38121554999999996 0.53310546875 0.3732537671875 0.52333984375 0.36406709375 0.5111328125 0.3573302 0.50869140625 0.348755971875 0.512353515625 0.3407941875 0.522119140625 0.3297701796875 0.555078125 0.3297701796875 0.57705078125 0.3242581765625 0.60390625 0.318746171875 0.629541015625 0.3089470546875 0.64541015625 0.305272384375 0.6625 0.30221016093749997 0.678369140625 0.2936359328125 0.705224609375
12 0.26975058125 0.68935546875 0.294860821875 0.668603515625 0.3089470546875 0.62587890625 0.318746171875 0.602685546875 0.32548306562499996 0.574609375 0.3279328453125 0.566064453125 0.3279328453125 0.548974609375 0.34753108125 0.50380859375 0.342019078125 0.485498046875 0.3242581765625 0.49404296875 0.311396834375 0.480615234375 0.30710971875 0.46962890625 0.298535490625 0.47451171875 0.28934881875 0.46474609375 0.2801621453125 0.47451171875 0.27281280625000004 0.505029296875 0.26913813750000004 0.544091796875 0.26362613281249997 0.573388671875 0.25995146406249997 0.592919921875 0.25566435 0.614892578125 0.24402789687499998 0.652734375 0.2630136875 0.68447265625 0.26975058125 0.68935546875
2 0.5275898765625 0.707666015625 0.5337143249999999 0.7259765625 0.5398387734375001 0.73818359375 0.5545374515625 0.736962890625 0.5520876718750001 0.7162109375 0.5496378921875 0.697900390625 0.5465756671875 0.678369140625 0.5441258875 0.66005859375 0.542288553125 0.6380859375 0.538613884375 0.605126953125 0.5361641046875001 0.56240234375 0.5361641046875001 0.553857421875 0.5196280921875001 0.556298828125 0.5226903171874999 0.602685546875 0.5177907578125 0.633203125 0.5226903171874999 0.666162109375 0.525140096875 0.6869140625 0.5275898765625 0.707666015625
2 0.565561459375 0.74306640625 0.572298353125 0.7455078125 0.5820974703124999 0.72841796875 0.5802601359375 0.705224609375 0.57781035625 0.68447265625 0.575973021875 0.663720703125 0.5716859078125001 0.633203125 0.5686236828125 0.60146484375 0.5631116796875 0.556298828125 0.5618867890625 0.5501953125 0.5588245656249999 0.5501953125 0.53738899375 0.5501953125 0.5416761078125 0.6087890625 0.545350778125 0.633203125 0.55392500625 0.688134765625 0.5588245656249999 0.714990234375 0.565561459375 0.74306640625
0 0.5974085921875 0.740625 0.6041454859375001 0.77724609375 0.6145570499999999 0.77236328125 0.623131278125 0.72841796875 0.606595265625 0.65029296875 0.60169570625 0.624658203125 0.5992459265625001 0.59169921875 0.5906716984375 0.54775390625 0.5833223609375 0.541650390625 0.5771979109375 0.535546875 0.5649490140625 0.55263671875 0.572910796875 0.619775390625 0.5771979109375 0.644189453125 0.5851596953125 0.67958984375 0.5974085921875 0.740625
6 0.6194566078125 0.67470703125 0.6261935015625 0.71865234375 0.636605065625 0.74306640625 0.653753521875 0.756494140625 0.6598779703125001 0.74306640625 0.647016628125 0.702783203125 0.643954403125 0.688134765625 0.6396672890625 0.661279296875 0.6359926203125 0.636865234375 0.6310930609375001 0.6087890625 0.629868171875 0.57705078125 0.6261935015625 0.541650390625 0.6176192734375 0.535546875 0.610269934375 0.531884765625 0.5949588125 0.553857421875 0.6023081515625 0.602685546875 0.609657490625 0.627099609375 0.6139446046875 0.649072265625 0.6194566078125 0.67470703125
4 0.6341552859374999 0.585595703125 0.6378299546874999 0.610009765625 0.6396672890625 0.62587890625 0.643341959375 0.649072265625 0.6494664078125 0.6771484375 0.65559085625 0.705224609375 0.6696770890625 0.729638671875 0.6966246625 0.702783203125 0.6966246625 0.68447265625 0.69294999375 0.666162109375 0.68988776875 0.64541015625 0.6856006546875 0.62587890625 0.680701096875 0.5990234375 0.6782513171875 0.5794921875 0.67947620625 0.551416015625 0.6751890921875 0.52333984375 0.6684521984375 0.5111328125 0.660490415625 0.505029296875 0.6445668484375 0.522119140625 0.6274183921875001 0.516015625 0.6225188328125 0.531884765625 0.6310930609375001 0.553857421875 0.6341552859374999 0.585595703125
4 0.6886628796875 0.588037109375 0.6923375484375 0.617333984375 0.694787328125 0.64296875 0.7021366671875 0.67470703125 0.7192851234375001 0.693017578125 0.7431704734375 0.668603515625 0.7425580296875001 0.644189453125 0.7376584703125 0.6234375 0.7327589109375 0.592919921875 0.7290842421875 0.555078125 0.7290842421875 0.536767578125 0.7290842421875 0.50625 0.718060234375 0.485498046875 0.7156104546875001 0.476953125 0.7045864468749999 0.48427734375 0.69601221875 0.485498046875 0.6788637609375 0.48427734375 0.6715144234375 0.509912109375 0.6831508765625001 0.5599609375 0.6886628796875 0.588037109375