11 0.47019504218749997 0.5508928578125001 0.46739529375 0.6053013390624999 0.46809523124999997 0.6513392859375 0.472294853125 0.6611049109375 0.48909334062500004 0.6736607140624999 0.507291703125 0.6666852671875 0.5086915765625 0.649944196875 0.5058918296875 0.6192522328125001 0.5058918296875 0.591350446875 0.50169220625 0.535546875 0.5044919546875 0.43510044687500005 0.5037920171875 0.4169642859375 0.49889245937500004 0.40161830312499996 0.47789434843749995 0.4002232140625 0.4743946640625 0.4169642859375 0.47019504218749997 0.4685825890625 0.47019504218749997 0.5020647328125001 0.47019504218749997 0.5508928578125001
11 0.4561963015625 0.6569196421875 0.4659954203125 0.6513392859375 0.4652954828125 0.6025111609375 0.46739529375 0.5508928578125001 0.46739529375 0.4922991078125 0.46879516718750003 0.4420758921875 0.47019504218749997 0.4127790171875 0.45899605 0.4002232140625 0.44639718281249996 0.40859375 0.44289749843750004 0.4323102671875 0.44149762499999995 0.50625 0.4393978140625 0.548102678125 0.43799793906250006 0.5732142859375 0.43449825468750003 0.5997209828125001 0.43169850624999995 0.6248325890624999 0.435198190625 0.640178571875 0.444297371875 0.6541294640624999 0.4561963015625 0.6569196421875
9 0.4023011515625 0.4392857140625 0.4023011515625 0.4783482140625 0.4023011515625 0.5299665171875 0.3981015296875 0.574609375 0.3981015296875 0.610881696875 0.4051009 0.6345982140624999 0.4169998296875 0.6415736609375 0.42959869531250006 0.633203125 0.43029863281249997 0.60390625 0.435898128125 0.5634486609375 0.4337983171875 0.528571428125 0.4337983171875 0.47974330312499996 0.4337983171875 0.4099888390625 0.4309985703125 0.3806919640625 0.4253990734375 0.3541852671875 0.42189938906249996 0.343024553125 0.41350014375 0.3346540171875 0.41000045937499996 0.372321428125 0.4058008375 0.40859375 0.4023011515625 0.4392857140625
15 0.333707325 0.552287946875 0.333707325 0.574609375 0.3379069484375 0.584375 0.3498058765625 0.5899553578125001 0.365904428125 0.5787946421875 0.37780335625 0.5704241078125001 0.37780335625 0.552287946875 0.37780335625 0.518805803125 0.374303671875 0.4685825890625 0.374303671875 0.4030133921875 0.375003609375 0.38487723281249997 0.3729037984375 0.3709263390625 0.3512057515625 0.366741071875 0.348406003125 0.39464285781249997 0.348406003125 0.4225446421875 0.3456062546875 0.4922991078125 0.333707325 0.552287946875
13 0.3155089640625 0.5634486609375 0.3232082703125 0.5690290171875 0.3288077671875 0.5634486609375 0.339306821875 0.5104352671875 0.34280650625 0.46997767812499996 0.3456062546875 0.428125 0.347006128125 0.386272321875 0.3519056875 0.35558035781249997 0.3414066328125 0.343024553125 0.33020764062499997 0.3486049109375 0.320408521875 0.366741071875 0.30850959375000003 0.4434709828125 0.3015102234375 0.4727678578125 0.2924110421875 0.48950892812499996 0.2847117359375 0.5146205359375 0.285411671875 0.5411272328125001 0.2882114203125 0.555078125 0.305009909375 0.5536830359375 0.3155089640625 0.5634486609375
13 0.24061570312499997 0.4420758921875 0.24061570312499997 0.4588169640625 0.2441153890625 0.4811383921875 0.25461444375000003 0.48950892812499996 0.2574141921875 0.5048549109375 0.2707129953125 0.5174107140624999 0.2819119875 0.5146205359375 0.2959107265625 0.4783482140625 0.2980105375 0.4713727671875 0.30081028593750003 0.45044642812499996 0.30850959375000003 0.4127790171875 0.317608775 0.3541852671875 0.321108459375 0.33046875 0.30780965625 0.3220982140625 0.29171110625 0.352790178125 0.277712365625 0.3904575890625 0.263713625 0.40580357187500005 0.2490149484375 0.4239397328125 0.24061570312499997 0.4420758921875
13 0.259514003125 0.4044084828125 0.2742126796875 0.3890625 0.2840117984375 0.3583705359375 0.2973106015625 0.3318638390625 0.30850959375000003 0.313727678125 0.29661066406250003 0.2662946421875 0.2784123015625 0.2509486609375 0.26861318437500004 0.271875 0.25461444375000003 0.308147321875 0.24061570312499997 0.3193080359375 0.2315165234375 0.3318638390625 0.22591702656249998 0.3541852671875 0.24201557812500002 0.3639508921875 0.247615075 0.398828125 0.250414821875 0.40859375 0.259514003125 0.4044084828125
3 0.5093915140624999 0.52578125 0.5093915140624999 0.5732142859375 0.507991640625 0.6220424109375 0.5121912625 0.6611049109375 0.5226903171874999 0.6666852671875 0.533889309375 0.6611049109375 0.5492879234375 0.6485491078125001 0.5471881125 0.6150669640624999 0.5457882390625 0.5997209828125001 0.542288553125 0.5606584828125001 0.542288553125 0.5146205359375 0.53878886875 0.4225446421875 0.53878886875 0.3904575890625 0.5296896875 0.3834821421875 0.514991009375 0.3932477671875 0.5121912625 0.418359375 0.5093915140624999 0.4462611609375 0.5093915140624999 0.476953125 0.5093915140624999 0.52578125
3 0.5471881125 0.5494977671875 0.5471881125 0.5885602671875 0.551387734375 0.64296875 0.5590870406249999 0.6443638390624999 0.5709859703125 0.6387834828125001 0.5800851515625001 0.6234375 0.577285403125 0.5927455359375 0.57238584375 0.5634486609375 0.5716859078125001 0.516015625 0.5667863484375 0.4713727671875 0.5667863484375 0.4002232140625 0.5639866 0.376506696875 0.5527876078125 0.36953125 0.5471881125 0.3876674109375 0.5471881125 0.4169642859375 0.5471881125 0.4518415171875 0.5471881125 0.49927455312499996 0.5471881125 0.5494977671875
1 0.5765854671875 0.5690290171875 0.5842847734375 0.6248325890624999 0.5954837656249999 0.6373883921875 0.604582946875 0.633203125 0.6108823796875 0.6150669640624999 0.6108823796875 0.5885602671875 0.6108823796875 0.5690290171875 0.6073826953125 0.528571428125 0.605282884375 0.5076450890624999 0.6024831359375 0.4713727671875 0.5968836390625001 0.40161830312499996 0.596183703125 0.3876674109375 0.5926840171875 0.372321428125 0.5807850890624999 0.3737165171875 0.577985340625 0.40161830312499996 0.57448565625 0.44765625 0.5765854671875 0.5118303578125001 0.5765854671875 0.5690290171875
7 0.6682772140625 0.5453125 0.6605779078125 0.5174107140624999 0.6577781593750001 0.4950892859375 0.6563782859375 0.4532366078125 0.6535785375 0.4239397328125 0.6507787890625 0.398828125 0.647979040625 0.35558035781249997 0.6346802390625 0.3709263390625 0.6290807421875 0.3932477671875 0.6283808046875 0.4169642859375 0.6339803015625 0.4825334828125 0.6339803015625 0.52578125 0.6290807421875 0.56484375 0.639579796875 0.5787946421875 0.649378915625 0.5829799109375 0.66127784375 0.5829799109375 0.6689771515625 0.5662388390624999 0.6682772140625 0.5453125
5 0.6738767109375 0.552287946875 0.685075703125 0.5494977671875 0.6955747578125 0.5453125 0.7060738125 0.5397321421875 0.710273434375 0.5146205359375 0.7032740656249999 0.4950892859375 0.69697463125 0.4685825890625 0.6885753875 0.4337053578125 0.6815760171874999 0.3709263390625 0.6738767109375 0.35 0.66267771875 0.34581473281249997 0.6556783484375 0.3639508921875 0.6598779703125001 0.4099888390625 0.6598779703125001 0.4588169640625 0.66267771875 0.509040178125 0.6738767109375 0.552287946875
5 0.701174253125 0.4616071421875 0.7039740015625 0.4881138390625 0.7130731828125 0.513225446875 0.7242721750000001 0.5146205359375 0.7361711046875 0.503459821875 0.738270915625 0.4881138390625 0.7480700328125 0.4853236609375 0.7529695921874999 0.4685825890625 0.754369465625 0.457421875 0.7487699703125 0.42533482187500005 0.736871040625 0.4071986609375 0.7207724890625 0.3890625 0.7081736234375 0.347209821875 0.7004743171875 0.333258928125 0.6962746937500001 0.3290736609375 0.6822759546875 0.34581473281249997 0.6857756390625 0.37511160781249997 0.6885753875 0.4002232140625 0.6955747578125 0.4323102671875 0.701174253125 0.4616071421875
5 0.7214724265625 0.379296875 0.7270719234375 0.3932477671875 0.737570978125 0.398828125 0.7459702218750001 0.382087053125 0.75016984375 0.35 0.7599689625 0.327678571875 0.7564692765625 0.3123325890625 0.7417706 0.298381696875 0.728471796875 0.2802455359375 0.7235722375 0.26768973281249997 0.718672678125 0.262109375 0.7081736234375 0.27745535781249997 0.6990744421875 0.31651785781249997 0.7060738125 0.3346540171875 0.7137731203125 0.35558035781249997 0.7214724265625 0.379296875
2 0.516390884375 0.8243303578125 0.5226903171874999 0.848046875 0.53738899375 0.8619977671875001 0.53808893125 0.83828125 0.53808893125 0.8145647328125 0.5310895609374999 0.776897321875 0.5261900015625 0.737834821875 0.5233902546875 0.691796875 0.5226903171874999 0.6806361609375 0.49889245937500004 0.6736607140624999 0.49959239687499996 0.704352678125 0.5009922703125 0.7196986609375 0.5051918921875 0.7517857140624999 0.5086915765625 0.7852678578125001 0.516390884375 0.8243303578125
10 0.47089497812500003 0.831305803125 0.47299479062499994 0.7936383921875 0.471594915625 0.7657366078125001 0.471594915625 0.747600446875 0.47299479062499994 0.714118303125 0.4743946640625 0.6764508921875 0.45899605 0.6680803578125001 0.4470971203125 0.6736607140624999 0.44639718281249996 0.728069196875 0.444997309375 0.76015625 0.444297371875 0.8006138390625 0.444297371875 0.8271205359374999 0.44289749843750004 0.864787946875 0.454096490625 0.874553571875 0.4659954203125 0.864787946875 0.47089497812500003 0.831305803125
10 0.4974925859375 0.743415178125 0.49889245937500004 0.7252790171875 0.49889245937500004 0.711328125 0.4967926484375 0.6778459828125001 0.4771944125 0.68203125 0.4743946640625 0.6904017859375 0.4757945375 0.7392299109375 0.47789434843749995 0.7810825890624999 0.4785942859375 0.8173549109374999 0.4827939078125 0.845256696875 0.4939929 0.8438616078125 0.4946928375 0.8131696421875001 0.4974925859375 0.776897321875 0.4974925859375 0.743415178125
8 0.4176997671875 0.8857142859374999 0.427498884375 0.8717633921875001 0.435898128125 0.8145647328125 0.44289749843750004 0.7350446421875 0.44289749843750004 0.708537946875 0.444997309375 0.6666852671875 0.437298003125 0.6541294640624999 0.419799578125 0.6638950890624999 0.41490001875000004 0.7057477671875 0.41000045937499996 0.733649553125 0.4079006484375 0.7685267859375 0.40440096406250003 0.79921875 0.4023011515625 0.825725446875 0.40020134062499996 0.8536272328125 0.39740159375 0.87734375 0.4176997671875 0.8857142859374999
14 0.374303671875 0.7755022328125001 0.3680042390625 0.8201450890625 0.37010405 0.848046875 0.38270291562500003 0.8424665171875001 0.392502034375 0.8145647328125 0.39740159375 0.789453125 0.40370102656249995 0.757366071875 0.409300521875 0.7155133921875 0.4162998921875 0.665290178125 0.410700396875 0.6485491078125001 0.4023011515625 0.6387834828125001 0.3862026015625 0.64296875 0.37990316874999996 0.672265625 0.37850329375 0.6959821421875 0.37850329375 0.7196986609375 0.374303671875 0.7755022328125001
14 0.339306821875 0.79921875 0.36100486875 0.7462053578125001 0.3680042390625 0.7071428578125001 0.374303671875 0.6834263390624999 0.37920323125 0.6708705359375 0.39110215937500004 0.6290178578125001 0.3820029796875 0.6150669640624999 0.3680042390625 0.6150669640624999 0.3603049328125 0.6150669640624999 0.352605625 0.616462053125 0.347706065625 0.6485491078125001 0.34070669531250003 0.6806361609375 0.33440726249999997 0.7071428578125001 0.32530808125 0.7545758921875 0.32180839687499996 0.786662946875 0.3169088375 0.821540178125 0.329507703125 0.828515625 0.339306821875 0.79921875
12 0.3183087109375 0.7196986609375 0.3281078296875 0.6904017859375 0.3358071375 0.6708705359375 0.3456062546875 0.652734375 0.3512057515625 0.6178571421875 0.3603049328125 0.6094866078125001 0.356105309375 0.5927455359375 0.34280650625 0.594140625 0.3358071375 0.594140625 0.3225083328125 0.584375 0.312009278125 0.5732142859375 0.305009909375 0.584375 0.29451085312499997 0.6150669640624999 0.285411671875 0.649944196875 0.2707129953125 0.6736607140624999 0.2630136875 0.698772321875 0.2483150109375 0.7196986609375 0.2882114203125 0.772712053125 0.3015102234375 0.753180803125 0.3183087109375 0.7196986609375
12 0.277712365625 0.6443638390624999 0.2882114203125 0.630412946875 0.3064097828125 0.574609375 0.295210790625 0.5606584828125001 0.2847117359375 0.552287946875 0.277712365625 0.5313616078125001 0.269313121875 0.522991071875 0.259514003125 0.5271763390624999 0.2448153265625 0.5592633921875 0.23711601875000002 0.591350446875 0.21961759375 0.6234375 0.205618853125 0.6638950890624999 0.2315165234375 0.698772321875 0.2532145703125 0.6959821421875 0.2672133109375 0.6708705359375 0.277712365625 0.6443638390624999
2 0.5457882390625 0.8271205359374999 0.55628729375 0.8661830359374999 0.5667863484375 0.8661830359374999 0.5646865375 0.828515625 0.5611868531249999 0.802008928125 0.5548874203125 0.7420200890624999 0.5506877968749999 0.7224888390624999 0.551387734375 0.6764508921875 0.5436884281250001 0.6666852671875 0.533189371875 0.669475446875 0.5233902546875 0.6806361609375 0.5282898125 0.714118303125 0.534589246875 0.7489955359375 0.53738899375 0.7810825890624999 0.5457882390625 0.8271205359374999
0 0.5737857187500001 0.8201450890625 0.579385215625 0.8661830359374999 0.6017831984375 0.887109375 0.6010832625 0.8424665171875001 0.5975835765624999 0.81875 0.5926840171875 0.782477678125 0.586384584375 0.7462053578125001 0.5821849625 0.7169084828125001 0.581485025 0.6666852671875 0.5716859078125001 0.6625 0.5604869156250001 0.6485491078125001 0.551387734375 0.6666852671875 0.5541874828125 0.711328125 0.5618867890625 0.7462053578125001 0.5646865375 0.7782924109375 0.5737857187500001 0.8201450890625
6 0.5954837656249999 0.7462053578125001 0.6031830734375 0.7755022328125001 0.6101824437500001 0.8006138390625 0.6206814984375 0.8340959828125 0.6339803015625 0.8396763390625 0.6276808671875 0.8006138390625 0.6248811203125 0.782477678125 0.622081371875 0.76015625 0.6192816234375 0.7252790171875 0.6171818124999999 0.6862165171875 0.613682128125 0.649944196875 0.6115823171875 0.6387834828125001 0.5989834515625 0.6415736609375 0.5835848359375 0.6569196421875 0.586384584375 0.6876116078125001 0.5891843328124999 0.6959821421875 0.5933839546875 0.718303571875 0.5954837656249999 0.7462053578125001
6 0.63678005 0.7252790171875 0.64377941875 0.7517857140624999 0.6535785375 0.7810825890624999 0.6668773406249999 0.808984375 0.6787762703125 0.8103794640625 0.6766764578125 0.782477678125 0.6717769 0.7559709828125001 0.6647775296875 0.7266741078125001 0.6577781593750001 0.6973772328125001 0.6500788515625 0.6625 0.6458792296875 0.6234375 0.640279734375 0.6122767859375 0.630480615625 0.6192522328125001 0.614382065625 0.6345982140624999 0.6199815609375 0.6764508921875 0.6255810578125 0.6904017859375 0.6283808046875 0.708537946875 0.63678005 0.7252790171875
4 0.670377025 0.708537946875 0.6738767109375 0.7252790171875 0.6836758281249999 0.743415178125 0.69697463125 0.757366071875 0.7130731828125 0.7643415171875 0.738270915625 0.7392299109375 0.7326714187500001 0.7099330359375 0.7221723640625 0.679241071875 0.710273434375 0.6541294640624999 0.69697463125 0.6234375 0.689275325 0.577399553125 0.670377025 0.577399553125 0.6633776546875 0.594140625 0.6584780968749999 0.596930803125 0.6472791046874999 0.610881696875 0.6514787265625 0.6569196421875 0.6661774031250001 0.684821428125 0.670377025 0.708537946875
4 0.7039740015625 0.6234375 0.71447305625 0.635993303125 0.728471796875 0.669475446875 0.7424705375 0.6973772328125001 0.7599689625 0.7071428578125001 0.7725678281249999 0.6764508921875 0.7648685203125 0.649944196875 0.759269025 0.6290178578125001 0.7480700328125 0.594140625 0.7410706625000001 0.5634486609375 0.7326714187500001 0.5271763390624999 0.7228723015625 0.5243861609375 0.71517299375 0.5243861609375 0.7039740015625 0.5453125 0.69767456875 0.5494977671875 0.6899752609375 0.5690290171875 0.6990744421875 0.6150669640624999 0.7039740015625 0.6234375
4 0.7893663156249999 0.610881696875 0.794265875 0.5760044640624999 0.7921660640625 0.5592633921875 0.78516669375 0.5411272328125001 0.7746676390625 0.5202008921875 0.7613688359374999 0.535546875 0.745270284375 0.5704241078125001 0.7613688359374999 0.6234375 0.76906814375 0.630412946875 0.7739677031250001 0.630412946875 0.78516669375 0.626227678125 0.7893663156249999 0.610881696875