11 0.4949204296875 0.4269463390625 0.4878481703125 0.3973579 0.48006868437500005 0.3973579 0.46881446875000005 0.4074236875 0.4623880359375 0.4762604078125 0.4602663578125 0.5213475546875 0.4574374546875 0.5622077828125 0.45673022812499997 0.593205196875 0.4602663578125 0.6087039015625 0.46804584374999997 0.61152185 0.47794700625 0.6087039015625 0.4913843 0.6072949296875 0.49704210781249997 0.6002500625 0.497749334375 0.5720705953125 0.4949204296875 0.5368462625 0.4949204296875 0.4269463390625
11 0.45814467968750006 0.5565718890625 0.4574374546875 0.39876687187500004 0.45319409843749997 0.3860861125 0.44052073593749996 0.41306309218750004 0.4348062234375 0.45230786093750003 0.43127009374999997 0.5002129546875 0.42702673750000003 0.5340283140625 0.4227833828125 0.555162915625 0.42349060781250003 0.5734795687500001 0.4263195125 0.5903872484375 0.43197731875 0.6002500625 0.44046403125 0.6044769828125001 0.4482435171875 0.6044769828125001 0.453901325 0.597432115625 0.45673022812499997 0.5847513546875 0.45814467968750006 0.5565718890625
3 0.536599365625 0.56466430625 0.5333747640625 0.525048259375 0.529612728125 0.4276142 0.52585069375 0.39549308125 0.516714321875 0.3933516734375 0.5038664984375 0.4117098859375 0.502203615625 0.44795757500000005 0.502203615625 0.48436150937500005 0.502203615625 0.5143412203125 0.4989790125 0.5432502265625 0.49736671250000003 0.5668057140625 0.4962918453125 0.5914319046875 0.49790414531250005 0.606421759375 0.506503084375 0.60856316875 0.519401490625 0.6107045765625 0.529612728125 0.60535105625 0.53606193125 0.5903612015624999 0.536599365625 0.56466430625
3 0.5548721078125001 0.4008466015625 0.5511100734375 0.3815739296875 0.539880525 0.39242520625 0.538211665625 0.4511696859375 0.5376742328125 0.52076544375 0.53606193125 0.5539572671874999 0.5355244984375 0.570017825 0.536599365625 0.5903612015624999 0.5446608703125 0.596785425 0.554334675 0.5946440171875 0.5650833468750001 0.583936978125 0.5683079484375 0.56466430625 0.5645459125000001 0.5282603703125 0.55863414375 0.443674759375 0.5548721078125001 0.4008466015625
1 0.5962544953125 0.370866890625 0.588730425 0.3537356265625 0.5807322562499999 0.37314052656249996 0.573682284375 0.431897015625 0.5704576828125 0.47472517343750004 0.5704576828125 0.5004220687500001 0.5640084796875 0.5368260031250001 0.5645459125000001 0.557169378125 0.5774443203125 0.5914319046875 0.5833560890625 0.5903612015624999 0.5984042296875 0.568947121875 0.6027036984375 0.5475330421875 0.6027036984375 0.529331075 0.5984042296875 0.48757362187500003 0.5962544953125 0.370866890625
7 0.6263507781250001 0.35801844374999997 0.617751840625 0.350523515625 0.6102960093750001 0.36778367031250003 0.6032411328125 0.42654349687500004 0.5957170625 0.48757362187500003 0.5903427265625 0.5186240359375 0.5919550265625 0.5518158578125 0.5984042296875 0.560381490625 0.6102277703125 0.560381490625 0.6166769734375 0.57644205 0.622051309375 0.5817955687499999 0.6365620171875 0.5550279703125 0.63709945 0.5411088187499999 0.6322625484375 0.5132705171875 0.6263507781250001 0.35801844374999997
7 0.63548715 0.43832123906250003 0.6306502468749999 0.519694740625 0.6317251140625 0.5346845953125 0.6387117515625 0.5539572671874999 0.654297325 0.5668057140625 0.6682705984374999 0.5411088187499999 0.6693454671875 0.51755333125 0.663433696875 0.488644325 0.6510727234375 0.3494528109375 0.6462358218750001 0.33767506875 0.639322240625 0.35599858906250004 0.63548715 0.43832123906250003
5 0.7171770578125 0.49399784531249996 0.7080406859374999 0.4618767265625 0.70696581875 0.35480633125 0.6951422796875 0.3451699953125 0.6795567046875 0.34731140312500003 0.6758737890625001 0.37528326875 0.6698829 0.4244020875 0.6704203343749999 0.44474546249999997 0.6704203343749999 0.4704423578125 0.665045996875 0.5132705171875 0.6639711296875 0.5304017796875 0.6682705984374999 0.5432502265625 0.684931040625 0.548603746875 0.6956797140625001 0.5389674109375 0.7015914828125001 0.5411088187499999 0.7150273234375 0.5304017796875 0.7171770578125 0.5111291078125 0.7171770578125 0.49399784531249996
5 0.7327626328125 0.3901395609375 0.7306128968750001 0.3494528109375 0.7252385609374999 0.33553366093750003 0.7070501109375 0.3645695578125 0.7080406859374999 0.40834152812499996 0.7101904203125 0.45009898281250005 0.7128775890625 0.4736544703125 0.7123401546875 0.49185643749999997 0.7123401546875 0.5089877 0.735987234375 0.52718966875 0.741899003125 0.5261189640625 0.7590968796875 0.47472517343750004 0.7596343125 0.45973531875000007 0.74673590625 0.43832123906250003 0.7370621015625 0.420119271875 0.7327626328125 0.3901395609375
5 0.752647675 0.30555395 0.7435113046875 0.299129725 0.7338375 0.30448324531250004 0.7296260671875 0.3249288265625 0.7300754640625 0.35480633125 0.7338375 0.3890688578125 0.7349123671875 0.41369504843750005 0.7408241359375001 0.4308263109375 0.7478107734375 0.44474546249999997 0.75533484375 0.4533110953125 0.7703829843750001 0.4533110953125 0.774682453125 0.44795757500000005 0.78113165625 0.3965637859375 0.7719952859375 0.367654778125 0.7585594453125 0.33125084375 0.752647675 0.30555395
4 0.7113387984374999 0.771866434375 0.71664806875 0.771866434375 0.7174648796875001 0.7612890234374999 0.709296771875 0.7263022015625 0.6925521515625 0.673415146875 0.692143746875 0.6010005640625 0.6884680984375 0.5871685640625001 0.6827504234374999 0.5831003296875 0.67866636875 0.5912368 0.67008985625 0.5822866828125 0.659879721875 0.597745975 0.645177128125 0.597745975 0.6374425828125 0.6157948546875 0.6374174265625 0.6302918562500001 0.64681075 0.6587695015625 0.6553872640625 0.6807379703125 0.6713150734375 0.765357259375 0.674990721875 0.7767483171875 0.6884680984375 0.7946485515624999 0.692143746875 0.787325728125 0.6852008546875 0.7555934953125 0.679074775 0.7197930265625 0.6766243421875 0.697010909375 0.6831588281250001 0.7035200859375 0.7113387984374999 0.771866434375
4 0.756263390625 0.7059610281250001 0.747278471875 0.66771961875 0.741560796875 0.6091370328125 0.7436028234375 0.6026278578125 0.7419692015625 0.5831003296875 0.7374767421875 0.5635728015625 0.723999365625 0.55055445 0.7190985015625 0.5497408015625 0.7121931671875 0.566945615625 0.7043959078124999 0.5652000953125 0.6929605578125 0.574963859375 0.689284909375 0.58960950625 0.69091853125 0.6083233875 0.692143746875 0.6213417375 0.712155609375 0.6636513828124999 0.7313506624999999 0.706774675 0.7497289046875 0.74582973125 0.7570802015625 0.7425751421875 0.7623894703125 0.7360659671875001 0.756263390625 0.7059610281250001
4 0.766473525 0.679110675 0.76606511875 0.6644650296875 0.7713743890625 0.6726015000000001 0.77178279375 0.6831789109375 0.7725996046875 0.693756321875 0.7750500375 0.7059610281250001 0.7787256859375 0.70514738125 0.7799509015625 0.697010909375 0.7811761171875 0.685619853125 0.782401334375 0.6237826796875 0.7832181453125 0.5969323281250001 0.7860769828125 0.573336565625 0.7860769828125 0.5546226843750001 0.7697407671875001 0.5440452734375001 0.764431496875 0.5456725671875 0.7583054171875 0.557877271875 0.749772696875 0.549034228125 0.74033558125 0.557877271875 0.7370683375 0.5700819781249999 0.7350263109374999 0.5863549171875 0.7378851484375 0.6042551515625 0.7436028234375 0.6197144437500001 0.753404553125 0.67748338125 0.7566717953125 0.697010909375 0.761572659375 0.7100292625 0.76606511875 0.7206066734375 0.7713743890625 0.7165384390625 0.7713743890625 0.7043337328125 0.766473525 0.679110675
6 0.6455535484375 0.7068050921875 0.6402442781250001 0.656358978125 0.6402442781250001 0.63845874375 0.6402442781250001 0.618931215625 0.63575181875 0.6091674515625 0.631259359375 0.6059128640625 0.61579350625 0.6092816234375 0.6059382265625 0.6238130984375 0.6002205515625 0.63194956875 0.6014457671875 0.6449679203125 0.6047130109375 0.6539180375 0.6132895234375 0.6701909781250001 0.6194156046875 0.693786740625 0.6414694937500001 0.792238028125 0.6541300609375 0.824783909375 0.6582141140625 0.8304794390625 0.6590309249999999 0.8142064984375 0.6545384656250001 0.7751514421875 0.6455535484375 0.7068050921875
6 0.607980253125 0.7035505046874999 0.6059382265625 0.6644954484375 0.6071634421875001 0.648222509375 0.6071634421875001 0.6270676859375001 0.60062895625 0.6205585109375 0.5916440390625 0.618931215625 0.58270718125 0.62393639375 0.5761246343749999 0.63845874375 0.5695901484375 0.6449679203125 0.5687733374999999 0.657986271875 0.57775825625 0.6823956828125 0.58633476875 0.7149415640625 0.593277659375 0.749928384375 0.6014457671875 0.787356146875 0.6124727125 0.82559755625 0.6177819828125 0.8312930843749999 0.6206408203125 0.8109519109375001 0.611247496875 0.74586015 0.607980253125 0.7035505046874999
0 0.576533040625 0.6807683890625 0.567548121875 0.6221858046875 0.5606052296875 0.615676628125 0.5544791499999999 0.6229994515625 0.547986965625 0.6223080875 0.538551340625 0.6400860374999999 0.5377345296875 0.651477096875 0.5389597453125 0.6677500375000001 0.5430438 0.6832093296874999 0.5508035015625 0.7133142703125 0.5683649328125 0.8036290875000001 0.5773498499999999 0.8467523781249999 0.5830675249999999 0.8597707296875001 0.5900104171875 0.8532615531250001 0.5879683906250001 0.78491520625 0.5822507156250001 0.73202815 0.576533040625 0.6807683890625
8 0.4229726203125 0.61486298125 0.4160297296875 0.6449679203125 0.40990364843749993 0.6929730937499999 0.40786162187499997 0.7564375609375 0.4115372703125 0.82559755625 0.42093059374999997 0.8703481421875001 0.43481637656250005 0.8280384968750001 0.44135086250000005 0.7645740296875 0.44788534843749994 0.6807683890625 0.44870215937499996 0.651477096875 0.442576078125 0.632763215625 0.43644999687499997 0.6173039218749999 0.4229726203125 0.61486298125
10 0.46912242656250003 0.657986271875 0.46588386406250004 0.6426619359375 0.45646186093749996 0.634390509375 0.449927375 0.63194956875 0.44420970000000004 0.63845874375 0.43808361875 0.6441542734375 0.43644999687499997 0.651477096875 0.43849202500000006 0.66937733125 0.4638131578125 0.845125084375 0.4740232921875 0.81339285 0.47565691250000003 0.7613194421875 0.4678972109375 0.7027368578125001 0.4678972109375 0.676700153125 0.46912242656250003 0.657986271875
10 0.491617671875 0.62882131875 0.4650383734375 0.63194956875 0.4854586421875 0.8304794390625 0.49362674999999995 0.8150201453125 0.4956687765625 0.7068050921875 0.49362674999999995 0.6840229765625 0.491617671875 0.62882131875
2 0.5201730984374999 0.7027368578125001 0.5262991796875001 0.752369325 0.5479446640625001 0.82722485 0.5565211765625 0.8239702624999999 0.5442690156250001 0.69622768125 0.5442690156250001 0.657986271875 0.5418185828125 0.6457815671875 0.532833665625 0.6376450984375001 0.52262353125 0.64171333125 0.514900640625 0.64673270625 0.5201730984374999 0.7027368578125001
2 0.512413396875 0.8052563812500001 0.52548236875 0.826411203125 0.52262353125 0.787356146875 0.5173142609375 0.63520415625 0.5164974499999999 0.6254403921875 0.4903922515625 0.6304496265624999 0.491993128125 0.6636818015625 0.4968939921875 0.7059914468749999 0.512413396875 0.8052563812500001
9 0.4217257859375 0.353620440625 0.41233246250000005 0.3471112640625 0.40011968906249995 0.3634071203125 0.396404653125 0.43091690624999995 0.393137409375 0.4960086671875 0.38782814062500004 0.5399456046875 0.3894617625 0.5570321921875 0.39599624843750003 0.5863234859374999 0.40334754375 0.6009691312500001 0.4147828953125 0.5993418375 0.42213419218750003 0.5838825437499999 0.43030229843749995 0.5602867796875 0.43030229843749995 0.542386546875 0.42621824531249997 0.503331490625 0.4217257859375 0.353620440625
15 0.4041643546875 0.5586594859375 0.40865681406250004 0.5334364296875 0.40457276093749994 0.48217666875000004 0.3923205984375 0.4024392609375 0.384969303125 0.3650114984375 0.373125546875 0.357688675 0.364582525 0.369920353125 0.360056575 0.4569536109375 0.3563809265625 0.509840665625 0.3518884671875 0.5399456046875 0.3518884671875 0.5529639578125 0.355564115625 0.5700505453125 0.36332381874999997 0.584696190625 0.371491925 0.583068896875 0.3812936546875 0.5708641921875001 0.38619451875 0.561914075 0.3915037890625 0.5700505453125 0.3968130578125 0.5708641921875001 0.4041643546875 0.5586594859375
15 0.360056575 0.489499490625 0.358422953125 0.36745244062500004 0.3465791984375 0.353620440625 0.33844024375 0.3723628140625 0.3257505234375 0.44312161093749997 0.320849659375 0.48543125624999994 0.3171740109375 0.5155361953125001 0.3171740109375 0.52936819375 0.3183992265625 0.5448274875 0.320849659375 0.5562185453125 0.33677746875 0.5684232515625001 0.3457623875 0.5537776046875 0.3551557109375 0.5521503109375 0.3625070078125 0.5456411343750001 0.3649574390625 0.5163498421875 0.360056575 0.489499490625
13 0.3261589296875 0.5399456046875 0.33105979375 0.5139089015625 0.3233000921875 0.47322655156250004 0.3175824171875 0.395930084375 0.3126815515625 0.37233432187500004 0.306555471875 0.350365853125 0.3028798234375 0.3471112640625 0.296775984375 0.3568938890625 0.29307809375 0.391048203125 0.2865436078125 0.426035025 0.2796007171875 0.46183549375000005 0.2738830421875 0.47729478593749997 0.268982178125 0.5000769015625 0.271432609375 0.5179771375 0.27510825781250003 0.5326227828125 0.2820511484375 0.5448274875 0.294711715625 0.5309954875 0.3077806875 0.5505230171875 0.317990821875 0.5383183109375 0.3261589296875 0.5399456046875
13 0.251420746875 0.39826151875 0.26694015000000004 0.33723799374999996 0.2763334734375 0.3266605828125 0.253871178125 0.30469211406249996 0.2342677203125 0.3201514078125 0.21548107343749998 0.3429335234375 0.204862534375 0.36083375625 0.1975112375 0.3828022265625 0.1966944265625 0.39500693125 0.20159529062499998 0.4055843421875 0.202003696875 0.41860269375000003 0.20690456093749998 0.436502928125 0.2138474515625 0.44626669375 0.22732482968749998 0.4405711640625 0.2363097484375 0.4405711640625 0.242844234375 0.4397575171875 0.251420746875 0.39826151875
13 0.261238821875 0.3389825015625 0.22569120781250002 0.45114857500000005 0.2228323703125 0.46416692656249997 0.2326341 0.509731159375 0.2432526390625 0.50729021875 0.24733669218749998 0.5219358640625 0.268573771875 0.5137993953125 0.2718410140625 0.5064765718750001 0.27592506875 0.4568441046875 0.2914444734375 0.36815657968750004 0.287768825 0.3429335234375 0.2718410140625 0.3242196421875 0.261238821875 0.3389825015625
12 0.2358932109375 0.579814309375 0.227725103125 0.559473134375 0.2220074265625 0.5602867796875 0.21628975156250002 0.5570321921875 0.20893845625 0.5391319593749999 0.201587159375 0.537504665625 0.1917854296875 0.5277409 0.185671290625 0.5360077640625 0.1787164578125 0.5716778390624999 0.172181971875 0.5920190140625 0.153395325 0.6530425390625 0.1570709734375 0.66199265625 0.178308053125 0.643278775 0.1644222703125 0.675011009375 0.16360545937499998 0.6872157140625 0.17789964687499998 0.6855884203125 0.19668629375 0.66524724375 0.221599021875 0.627005834375 0.23630161562500002 0.605037365625 0.2358932109375 0.579814309375
12 0.2963372046875 0.5944599546875 0.28980271874999997 0.5733051328125 0.2832682328125 0.5716778390624999 0.276733746875 0.5611004281249999 0.271016071875 0.5611004281249999 0.268157234375 0.5684232515625001 0.2603975328125 0.5497093703125 0.2502100453125 0.5457776125 0.23997726406250003 0.562727721875 0.2371184265625 0.5741187796875 0.2354848046875 0.5993418375 0.22813350781250002 0.6318877171875 0.2093468609375 0.7222025359375001 0.213022509375 0.7352208859375 0.2211906171875 0.737661828125 0.2326259671875 0.7262707703125 0.25549666718749997 0.6912839484375 0.275100125 0.640837834375 0.2910279359375 0.622123953125 0.2963372046875 0.5944599546875
12 0.291436340625 0.798685353125 0.2987876375 0.7905488843749999 0.3110397984375 0.7702077078125 0.33554412031249997 0.67745195 0.3445290390625 0.6481606578125 0.3518803359375 0.6392105406249999 0.3567812 0.6148011296875 0.35269714531249996 0.5993418375 0.34534585 0.5936463078124999 0.33431890468750003 0.598528190625 0.32492558125 0.596900896875 0.3183910953125 0.581441603125 0.31594066249999997 0.5790006625 0.308589365625 0.58713713125 0.2987876375 0.581441603125 0.2922827796875 0.5881136203125 0.28816909687500003 0.6042237187499999 0.28816909687500003 0.617242071875 0.28816909687500003 0.6400241875 0.28408504375 0.66199265625 0.2571302890625 0.7547484156250001 0.2579471 0.7636985328125 0.26407318125 0.7636985328125 0.30164647499999997 0.69616583125 0.3045053125 0.697793125 0.28816909687500003 0.779157825 0.2873522859375 0.7897352359375 0.291436340625 0.798685353125
14 0.3853922109375 0.62051998125 0.3821249671875 0.6148244515625 0.37191483281250004 0.6180790390625 0.36701396875 0.6058743343749999 0.35762064531250004 0.607501628125 0.34986094375 0.60668798125 0.3429334484375 0.6190514703125001 0.3429180515625 0.648183978125 0.33760878125 0.6921209171875 0.323723 0.8223044375 0.3269902421875 0.8312545546875001 0.33515835 0.8320682015624999 0.3543534015625 0.7490762078125 0.3682391859375 0.6970027984375 0.378857725 0.6693388 0.38702583125 0.6612023296875 0.3894762640625 0.6408611546875 0.39192669687500004 0.62865645 0.3853922109375 0.62051998125
14 0.4086713171875 0.6335383328125 0.397644371875 0.6180790390625 0.3907014796875 0.6188926859375 0.3801045046875 0.625564703125 0.3764072921875 0.6392338609375 0.37559048125 0.6522522140625 0.3780409140625 0.6791025640624999 0.3776325078125 0.7067665625 0.3804913453125 0.745007971875 0.371098021875 0.80521785 0.371098021875 0.8198634968749999 0.38008294062500003 0.8312545546875001 0.39192669687500004 0.7978950265625 0.41112174843749993 0.6937482109374999 0.41928985625 0.65062491875 0.4086713171875 0.6335383328125