11 0.47161687656250006 0.3832756234375 0.4696574078125 0.47111117656249996 0.45985991718749997 0.5999366234375 0.5088473734375001 0.603840440625 0.5059080953125 0.502341565625 0.5094614859375 0.3895507828125 0.47161687656250006 0.3832756234375
15 0.373498721875 0.3602539078125 0.337391275 0.346189471875 0.3383710078125 0.3930351296875 0.33543173125000003 0.46330354218750003 0.3226950375 0.5374758453124999 0.351107703125 0.568706384375 0.3667837484375 0.5003896937500001 0.373498721875 0.3602539078125
15 0.37560143125 0.37351611875 0.372662228125 0.43988078750000004 0.36090519374999996 0.5569948578125 0.3814799859375 0.5784658890625 0.3951964140625 0.5140530171875 0.39922140625 0.3504882828125 0.37560143125 0.37351611875
9 0.43438637968749994 0.44378452968750004 0.43719298906250004 0.3333984390625 0.399115425 0.361804740625 0.400095159375 0.4457364765625 0.3912774765625 0.558946878125 0.400095159375 0.59017711875 0.42850789999999994 0.5726100515625 0.43242691093749996 0.502341565625 0.43438637968749994 0.44378452968750004
11 0.43438637968749994 0.508197328125 0.46573839687499996 0.5277163390624999 0.46573839687499996 0.44378452968750004 0.4727147921875 0.3333984390625 0.43928512499999994 0.35399710624999997 0.43438637968749994 0.508197328125
12 0.258359084375 0.4920898453125 0.234517615625 0.5472353515624999 0.207084609375 0.6194556343750001 0.23353780624999998 0.6311670875 0.2903632859375 0.613599946875 0.31387728125000003 0.57065818125 0.29918104375 0.5101492000000001 0.258359084375 0.4920898453125
14 0.361885003125 0.7424254671875 0.3834394546875 0.769752040625 0.41185219375 0.69167599375 0.42850789999999994 0.6155518921875001 0.3943218484375 0.5995117203125 0.3814799859375 0.664349421875 0.361885003125 0.7424254671875
8 0.4138116625 0.759992534375 0.44908261562499996 0.7580406625 0.45202189375 0.664349421875 0.45202189375 0.6077444078124999 0.4224943125 0.6166015640625 0.4177306734375 0.69167599375 0.4138116625 0.759992534375
10 0.4579003734375 0.60188856875 0.45104215937500003 0.6428784640625 0.4579003734375 0.7346179828125 0.48239410156250007 0.7873191796875 0.48337383593750005 0.7248584765625 0.478839240625 0.6166015640625 0.4579003734375 0.60188856875
10 0.48337383593750005 0.6936279390625 0.4970903390625 0.8029345234375 0.5078675640625 0.7346179828125 0.5094614859375 0.6141601578125 0.4804346328125 0.611648075 0.48337383593750005 0.6936279390625
2 0.5106863749999999 0.6190429703125 0.511786575 0.6780126703125 0.511786575 0.7268101984374999 0.5157055875000001 0.77365600625 0.538239846875 0.77365600625 0.5343208359375 0.70338744375 0.5372600390625 0.6448304109375 0.5372600390625 0.6057923875 0.5106863749999999 0.6190429703125
2 0.540199315625 0.6955799593750001 0.54117905 0.7638965 0.5597942984375 0.765848221875 0.563713309375 0.69753168125 0.56861205625 0.638974646875 0.567632321875 0.6057923875 0.536409059375 0.6019531265625 0.540199315625 0.6955799593750001
0 0.5666525124999999 0.6760609468750001 0.5695917890625 0.7346179828125 0.5774298124999999 0.7795115453125 0.601923540625 0.79903055625 0.602903275 0.705339465625 0.5960449859375 0.6096961296875001 0.5719308625 0.6141601578125 0.5666525124999999 0.6760609468750001
6 0.59520376875 0.6019531265625 0.603883009375 0.6838684328125 0.6097614890624999 0.750233028125 0.6215184484375 0.800982503125 0.6371944953125 0.7678001671875 0.63033628125 0.6877721765625 0.6283768125 0.6077444078124999 0.6205387890625 0.57651386875 0.59520376875 0.6019531265625
6 0.630725571875 0.5946289078125 0.63033628125 0.6584936578125 0.6479717953125 0.7307140171875 0.6685464375 0.7775596734375 0.6969592515625 0.785367234375 0.6763844609375 0.7111950046875 0.665607159375 0.6272634187499999 0.656789478125 0.586273375 0.630725571875 0.5946289078125
7 0.6362146859375 0.4652554875 0.6460121765625 0.543331534375 0.6744249921875001 0.558946878125 0.68128320625 0.5277163390624999 0.6695262468750001 0.441832659375 0.6597287546875 0.3832756234375 0.630725571875 0.3773437515625 0.6362146859375 0.4652554875
5 0.7145946171875 0.4359769703125 0.7042189578125 0.3456054703125 0.65580966875 0.361804740625 0.6744249921875001 0.4203617765625 0.6754046515625001 0.5277163390624999 0.6989187203125 0.5472353515624999 0.718513703125 0.5316200828125 0.7302706625 0.486726371875 0.7145946171875 0.4359769703125
7 0.66992204375 0.3797851578125 0.67736426875 0.451592165625 0.67736426875 0.5101492000000001 0.6881414203125 0.5550429125 0.66992204375 0.3797851578125