11 0.4559927609375 0.49942256562500004 0.46668102187500005 0.3541241921875 0.45913636718750006 0.3415984703125 0.4396940171875 0.35809123125000003 0.429586465625 0.42927852343749995 0.4251854171875 0.4656031171875 0.422041809375 0.4919071328125 0.4176407609375 0.524474009375 0.41638331875 0.552030596875 0.423299253125 0.5683140359375 0.43524495781250006 0.5758294687500001 0.44404705624999996 0.574576896875 0.44970554687500003 0.5670614640625 0.4522204328125 0.5545357421875 0.45473531874999995 0.5319894421875 0.4559927609375 0.49942256562500004
11 0.4673623453125 0.3618512875 0.46102253125 0.4806339828125 0.45536403906249995 0.5144534328125 0.45159171093749995 0.5420100203125 0.45159171093749995 0.5695666078125 0.45159171093749995 0.5820923296875 0.49685964531250004 0.5896077640625 0.50126069375 0.57081918125 0.5006319734375 0.5069379984375 0.49685964531250004 0.48313912812500004 0.495602203125 0.3528716203125 0.4823990546875 0.344103615625 0.4673623453125 0.3618512875
3 0.543385021875 0.5119482875 0.53961269375 0.4944122765625 0.53961269375 0.3904487859375 0.5320680375 0.3541241921875 0.5113801390625 0.37062475625 0.5044043015625 0.44180424531250007 0.5044043015625 0.48814941562499997 0.5000032515624999 0.5144534328125 0.498745809375 0.5395048765625 0.5000032515624999 0.5683140359375 0.501889415625 0.58710261875 0.5150925625 0.5908603343750001 0.5282957109375 0.585850046875 0.53961269375 0.5833449015625 0.54715735 0.573324325 0.54715735 0.549525453125 0.543385021875 0.5119482875
3 0.5628753828125 0.37667049218750004 0.5458999062500001 0.3541241921875 0.543450246875 0.3931851046875 0.5446424640624999 0.4505722515625 0.546528628125 0.48313912812500004 0.543385021875 0.5319894421875 0.546528628125 0.5545357421875 0.5509296781249999 0.572071753125 0.5622466609375001 0.5820923296875 0.5723062015625 0.574576896875 0.5798508578125 0.55954603125 0.5823657421874999 0.5382523031249999 0.577335971875 0.5069379984375 0.56727643125 0.42802595156249995 0.5628753828125 0.37667049218750004
1 0.5937106859375 0.33154199218749997 0.5824374359375 0.355584525 0.5798788171875 0.43550548281249996 0.5792500953124999 0.4743352203125 0.5805075390625001 0.5081546703125001 0.577992653125 0.539468975 0.5899383578124999 0.5732884234375 0.602512784375 0.582056428125 0.6138297671874999 0.5732884234375 0.6220031453125 0.54197411875 0.616344653125 0.4968815203125 0.6150872109375001 0.443020915625 0.605656390625 0.34156256875 0.5937106859375 0.33154199218749997
7 0.6189093234375 0.34430435 0.6150872109375001 0.4079488953125 0.6138297671874999 0.45429406562499997 0.6119436031250001 0.5018918078125 0.613201046875 0.5369638296875 0.6176020953125 0.554499840625 0.6314339640625 0.5620152734375 0.6452658328124999 0.5682781343750001 0.6559540953125 0.540721546875 0.650924325 0.504396953125 0.63394885 0.3365522796875 0.625775471875 0.32527913124999996 0.6189093234375 0.34430435
7 0.6452658328124999 0.470577503125 0.6452658328124999 0.50314438125 0.6628700296875001 0.50314438125 0.6767018984375001 0.505649525 0.6792167828125 0.465567215625 0.677959340625 0.4317477671875 0.6590977015624999 0.317763696875 0.642750946875 0.3102482640625 0.64028939375 0.3330241765625 0.6446371109375 0.42047461718749995 0.6452658328124999 0.470577503125
5 0.6811630609375 0.3267574140625 0.6792167828125 0.41671690000000006 0.6754444562499999 0.4868609421875 0.6785880625 0.516922675 0.6905337671875 0.5332061140625 0.7106528484375 0.51942781875 0.7207123890625 0.5219329640625 0.7307719296874999 0.5018918078125 0.725742159375 0.45805178281250003 0.7175687828124999 0.42799005 0.708766684375 0.3102482640625 0.6974497015625001 0.2939648265625 0.6811630609375 0.3267574140625
5 0.7502998484375001 0.3289634828125 0.7433839140625 0.2751028796875 0.7251509953124999 0.28136574062499997 0.720779075 0.3092104765625 0.7201212265625 0.3602777875 0.7232648328125 0.40912810312500003 0.7232648328125 0.4529681296875 0.72766588125 0.47676700156249996 0.731438209375 0.49680815625 0.7528147328125 0.5005658734375 0.762245553125 0.4792721453125 0.7691614875 0.47175671250000006 0.7748199796875 0.4517155578125 0.77230509375 0.42916925937499995 0.7609881109375001 0.39660238125 0.7502998484375001 0.3289634828125
5 0.7635029953125 0.255061725 0.748447403125 0.28163671875 0.7521860125 0.3364789171875 0.762245553125 0.3903395203125 0.7666466015625 0.41163324843750004 0.7735625359375 0.434179546875 0.78739440625 0.44294755312499995 0.79368161875 0.44294755312499995 0.8037411593750001 0.40662295937500004 0.8087709296875 0.39910752656250004 0.8119145359375001 0.381571515625 0.8031124374999999 0.3540149265625 0.782364634375 0.3139326171875 0.7635029953125 0.255061725
10 0.4509757171875 0.8376966625 0.46040653750000005 0.8026246421875 0.4654363078125 0.6610839859375 0.4685799140625 0.6385376859375 0.4685799140625 0.6022130921875 0.44783211093749997 0.5934450874999999 0.43089045937500003 0.6137751703125 0.43588640625 0.6510634078125 0.442802340625 0.810140075 0.4509757171875 0.8376966625
10 0.5000159796875 0.6084759531249999 0.4855553890625 0.6072233812500001 0.46610469375 0.6150285234374999 0.478010734375 0.8276760859375001 0.4868128328125 0.8151503640625 0.49310004531249996 0.797614353125 0.49750109531250003 0.672357134375 0.5000159796875 0.6084759531249999
2 0.5308517328125 0.8188045015625001 0.5313684953125 0.7302655203125 0.526717628125 0.661287478125 0.5256841015625 0.6077522796875 0.4957375 0.6131194125 0.49622860625 0.6489332015625 0.5034632890624999 0.6983503062499999 0.5143153140625001 0.8002730874999999 0.5308517328125 0.8188045015625001
2 0.5453210984375 0.5995160953124999 0.52930144375 0.5995160953124999 0.5251673390625 0.611870371875 0.5251673390625 0.6520217703125 0.5396367046874999 0.7580626421875001 0.5582401765625 0.7889483328125 0.5696089640625 0.7858597640625 0.5577234125 0.6859960296875001 0.5608239921875 0.6561398625 0.5582762078125 0.6193003984375001 0.5453210984375 0.5995160953124999
0 0.5691300328125 0.5986971078125001 0.5551395984374999 0.623195125 0.5577234125 0.6468741546875 0.5644413328125 0.680848415625 0.5809777515625 0.7642397796875 0.5938968296875 0.8157159328124999 0.6021650375 0.82909973125 0.6114667734375 0.801302609375 0.60733266875 0.7498264578125 0.598030934375 0.6829074609375 0.5969974078125 0.6293722640625 0.5892459609375 0.602604665625 0.5691300328125 0.5986971078125001
6 0.5918297765625 0.63349035625 0.6031985640624999 0.6664350921875 0.6326540609375 0.7848302406250001 0.645056375 0.7992435640625 0.6466066640625 0.7776235796875001 0.62955348125 0.6489332015625 0.6300702453125 0.6108408484375001 0.6223187984375 0.5902503890624999 0.6006578124999999 0.5883954625000001 0.5887291984374999 0.611870371875 0.5918297765625 0.63349035625
6 0.6574586890624999 0.5768665890625 0.6460899 0.5717189734375 0.640455171875 0.583244640625 0.6280031921875 0.5923094343749999 0.6243858515625 0.5964275265625 0.626452903125 0.623195125 0.6300702453125 0.6406970171874999 0.6378216906249999 0.664376046875 0.6548748718749999 0.7354131359375 0.6858806578125 0.7992435640625 0.6910482890625 0.7827711953125001 0.6719280546874999 0.6746712765625 0.6688274765625 0.6293722640625 0.6693442390625 0.6036341875 0.6574586890624999 0.5768665890625
4 0.7060344171875 0.6602579546875 0.7251546515625 0.7014388765625 0.7401407812499999 0.73129504375 0.7489257546875 0.73747218125 0.7442748859375 0.71173410625 0.72825523125 0.6458446312499999 0.7194702578125 0.61392941875 0.720503784375 0.5748075421875 0.714819390625 0.5428923296875 0.7060344171875 0.5418628062499999 0.6962159203125 0.5356856671875 0.6843873234375 0.5585206921875 0.665210134375 0.5552466046875 0.6590089781249999 0.5748075421875 0.6579754515625 0.5995160953124999 0.6708945281250001 0.6211360796875 0.681229790625 0.6551103390625 0.6884644734375 0.70452744375 0.7065511812499999 0.7436493203125 0.721020546875 0.7735054890625 0.72928875625 0.7642397796875 0.7246378890625 0.7395312281249999 0.708618234375 0.6767303234375001 0.7060344171875 0.6602579546875
4 0.770113040625 0.6602579546875 0.7633951203125 0.63349035625 0.77838125 0.6561398625 0.7856159328125 0.6777598453125 0.79543443125 0.690114121875 0.7995685359375 0.6952617375 0.7933673796875 0.650992246875 0.7830321171875 0.6077522796875 0.776314196875 0.5706894499999999 0.7706298031250001 0.5243609140625 0.76236159375 0.5058295 0.7520263328125 0.5058295 0.7453084125 0.5047999765625 0.7391733 0.5224649328125001 0.72877199375 0.517154253125 0.7132691015625 0.550098990625 0.7158529171875 0.5665713578125 0.7215373109375001 0.5871618187500001 0.7344563875000001 0.611870371875 0.7411743078125 0.6427560625 0.748408990625 0.661287478125 0.7597777781249999 0.690114121875 0.7768309609374999 0.7127636296875 0.78406564375 0.719970290625 0.7804483015625 0.6859960296875001 0.770113040625 0.6602579546875
4 0.8589962906249999 0.5748075421875 0.8553789484375001 0.54803994375 0.8310910843749999 0.530538053125 0.8083535078124999 0.48935713124999997 0.7934424265625 0.49774098593750005 0.7907835640624999 0.5130361609375 0.7768309609374999 0.5212723453125 0.7747639078125 0.5377447140625 0.7788980125 0.5552466046875 0.77269685625 0.575837065625 0.7747639078125 0.5871618187500001 0.787166221875 0.6098113265625 0.797501484375 0.6098113265625 0.8212725859375001 0.62628369375 0.8450436874999999 0.6190770328124999 0.85072808125 0.5861322953125 0.8589962906249999 0.5748075421875
8 0.4000762015625 0.6118857671875 0.3974923859375 0.64380098125 0.3856068359375 0.79411134375 0.3912912296875 0.8136722828125 0.401626490625 0.8136722828125 0.41506233124999997 0.793081821875 0.4305652234375 0.6654209640625 0.44038372187499997 0.6232105203125 0.42337866249999995 0.5811843109375 0.4047270703125 0.5912953062499999 0.4000762015625 0.6118857671875
14 0.373761175 0.580154146875 0.36131897031250004 0.5943838765625 0.357701628125 0.632476228125 0.350983709375 0.763225653125 0.351500471875 0.779698021875 0.36390278593750003 0.7724913609375 0.3778553890625 0.7395466234375 0.39077446562499996 0.6489485968750001 0.4031767796875 0.6118857671875 0.39852591249999997 0.5943838765625 0.39232475624999996 0.5954134 0.387157125 0.576881984375 0.373761175 0.580154146875
14 0.37475481093749996 0.6005610140625001 0.37062070625 0.5892362609374999 0.34998612812499996 0.566762009375 0.3432322625 0.573793415625 0.3308299484375 0.5748229390625 0.3251455546875 0.5871772156249999 0.32617908125 0.6015905375 0.32617908125 0.6304171828125 0.31274324062500003 0.7560189921875 0.31481029375 0.7724913609375 0.3256623171875 0.7704323140625 0.33806463125 0.7395466234375 0.3530507609375 0.6654209640625 0.35718486562499996 0.6448305046875 0.37475481093749996 0.6005610140625001
12 0.173707646875 0.6324403046875 0.18507643437500002 0.6283222125 0.196445221875 0.6149384125 0.202646378125 0.5850822453125 0.202129615625 0.5572851234375 0.19334464375 0.5397832328125001 0.18507643437500002 0.5243403859375 0.17322382812499998 0.513193453125 0.157687990625 0.5212518171875 0.14993654375 0.53360609375 0.1334001265625 0.5459603703125 0.118930759375 0.5552260765625 0.11634694375000001 0.574787015625 0.12513191562499998 0.5922889078125 0.13598394062500002 0.6005250906249999 0.12306486406249999 0.6077317515625 0.1292660203125 0.6262631671875 0.14373538749999998 0.636558396875 0.15923827968749998 0.6324403046875 0.173707646875 0.6324403046875
12 0.1902440640625 0.6962707328125 0.1861099609375 0.7075954859375 0.18817701250000002 0.7189202390625 0.20161285312500002 0.7137726234375 0.2222833765625 0.695241209375 0.2450209515625 0.6509717203125 0.256906503125 0.6036136609375 0.26414118593749997 0.5933184296875 0.2693088171875 0.5789051078125 0.27395968437499996 0.5511079859375 0.2698255796875 0.5366946625 0.26259089687500003 0.5263994328125 0.2532891609375 0.528458478125 0.24657124062500002 0.5243403859375 0.23726950625 0.5068384953125 0.2259007171875 0.5119861109375 0.21039782499999998 0.5243403859375 0.207297246875 0.558314646875 0.20367990468750002 0.5871412921875 0.1897273015625 0.6293517359374999 0.1788752765625 0.65817838125 0.17784175156249998 0.6890640718750001 0.1788752765625 0.6993593015624999 0.1923111171875 0.6849459796875 0.207814009375 0.653030765625 0.21504869218749997 0.643765059375 0.20161285312500002 0.669503134375 0.1902440640625 0.6962707328125
12 0.2450209515625 0.73642213125 0.2532891609375 0.7271564234375 0.2651747125 0.702447871875 0.280160840625 0.6705326578124999 0.28222789375 0.67773931875 0.2698255796875 0.7199497625 0.26052384375000004 0.7518649765625 0.2615573703125 0.764219253125 0.268275290625 0.764219253125 0.2811943671875 0.7518649765625 0.29307991875 0.73024499375 0.30496546874999997 0.6942116859375 0.31375044218750003 0.6571488578125 0.3163342578125 0.63449935 0.318918071875 0.6221450734375 0.32977009687500003 0.6046431828125 0.334937728125 0.58611176875 0.3359712546875 0.57272796875 0.328736571875 0.5459603703125 0.3168510203125 0.552137509375 0.3059989953125 0.54698989375 0.2920463921875 0.5418422781250001 0.284294946875 0.54698989375 0.2770602625 0.5428718 0.27137586874999997 0.5459603703125 0.265691475 0.5655213078125 0.2677585265625 0.5922889078125 0.2667250015625 0.6159679359375 0.24553771562499999 0.6797983640624999 0.22848453281249997 0.7137726234375 0.22641748125 0.7271564234375 0.22900129531250002 0.7395107000000001 0.23778626875 0.7415697453125001 0.2450209515625 0.73642213125
13 0.22641748125 0.385354778125 0.23106834843750002 0.365793840625 0.24605447812499998 0.316376734375 0.24915505625 0.2813729515625 0.2331354015625 0.263871059375 0.21870652499999998 0.273165121875 0.20419666875 0.31019959531249996 0.1866267234375 0.34005576406250004 0.1783585140625 0.36373479375 0.17784175156249998 0.3760890703125 0.1809423296875 0.38947286875 0.188693775 0.3935909625 0.19334464375 0.41006332968750003 0.1954116953125 0.4265356984375 0.2067804828125 0.4265356984375 0.2140151671875 0.4182995140625 0.22124985000000003 0.41006332968750003 0.22641748125 0.385354778125
13 0.2775770265625 0.3277014875 0.2724093953125 0.2988748421875 0.257423265625 0.2947567515625 0.24920060624999998 0.3030398921875 0.229518059375 0.385354778125 0.2253839546875 0.4007976234375 0.2140151671875 0.42035856093749996 0.2098810625 0.440949021875 0.2140151671875 0.465657575 0.218149271875 0.4790413734375 0.223833665625 0.47595280312500005 0.23261863749999998 0.49139565 0.24450418906250002 0.49757278749999995 0.2589735546875 0.47595280312500005 0.2636244234375 0.4296242671875 0.2775770265625 0.3277014875
13 0.31530073125 0.436830928125 0.3111666265625 0.3235833953125 0.29566373437500004 0.307111028125 0.27917783906250004 0.324673346875 0.2760267375 0.3935909625 0.2718926328125 0.42344712968750003 0.2615573703125 0.4543328203125 0.2584567921875 0.47492328125 0.26000708125 0.502720403125 0.2672417640625 0.522281340625 0.27809378906250004 0.5130156343750001 0.287395525 0.5294880015625 0.2972140234375 0.5294880015625 0.3106498640625 0.50786801875 0.3168510203125 0.47492328125 0.31530073125 0.436830928125
15 0.3478955640625 0.45738161718750003 0.35254643125 0.32560266875 0.34376145937499997 0.3101598234375 0.3303458734375 0.32982416875 0.32412446250000004 0.3853150046875 0.31895683125 0.43267306406249995 0.3148227265625 0.46458827812500003 0.30707127968750003 0.48929683125 0.304487465625 0.5098872921875001 0.30707127968750003 0.5253301375 0.3137892 0.5376844140625 0.3210238828125 0.544891075 0.33342619687499997 0.5376844140625 0.3468620375 0.527389184375 0.3484123265625 0.4985625390625 0.3478955640625 0.45738161718750003
15 0.3809684015625 0.3173664859375 0.36549159375 0.3339448265625 0.35357995781249996 0.45429304843749996 0.35202966875 0.4738539859375 0.34221117031250003 0.5047396765625 0.34117764375 0.5191529984375001 0.3468620375 0.5459205984375 0.3566805359375 0.5582748750000001 0.366499034375 0.5479796453125 0.3814851640625 0.531507275 0.38458574218749997 0.510916815625 0.377867821875 0.458411140625 0.38561926875 0.3461931296875 0.3809684015625 0.3173664859375
15 0.3954377671875 0.333838853125 0.38665279531249996 0.4182597421875 0.383035453125 0.477972078125 0.37528400781250004 0.5170939531250001 0.376834296875 0.5376844140625 0.3840689796875 0.5706291515624999 0.39698805625 0.569599628125 0.40990713437500004 0.5490091671874999 0.4223094484375 0.527389184375 0.42024239531249996 0.477972078125 0.426960315625 0.3132483921875 0.41042389687499997 0.2988350703125 0.3954377671875 0.333838853125