4 0.708639671875 0.7180175656250001 0.719682953125 0.7628996359375 0.730284503125 0.768179878125 0.728075846875 0.7382584984375 0.724100265625 0.70129679375 0.710848328125 0.6537746 0.710848328125 0.6264933421875 0.7081979406250001 0.5983320437499999 0.6962711968749999 0.58425139375 0.688320034375 0.590411678125 0.682135796875 0.6062524078125 0.674626365625 0.6018522046875 0.661374428125 0.6044923265625 0.65657755625 0.624911034375 0.654748459375 0.6388139109375001 0.662699621875 0.6678552515625 0.669767321875 0.6854560625 0.681252334375 0.7391385390625 0.6918538843750001 0.7717000421875 0.704664090625 0.787540771875 0.714823909375 0.7699399609375 0.706872746875 0.7417786609375 0.698479853125 0.72417785 0.700246778125 0.7065770375 0.708639671875 0.7180175656250001
4 0.743536440625 0.6748955750000001 0.7444199031250001 0.674015534375 0.752812796875 0.6924963875000001 0.756788378125 0.7171375249999999 0.762089153125 0.7276980109375 0.762530884375 0.6696153328125 0.761205690625 0.6546546421875 0.7598804968749999 0.6317735859375 0.758555303125 0.590411678125 0.755463184375 0.576331028125 0.7466285593750001 0.562250378125 0.733818353125 0.565770540625 0.728959309375 0.57897115 0.720124684375 0.5824913125 0.710848328125 0.588651596875 0.7077562093750001 0.597452003125 0.706872746875 0.6132927328125 0.708639671875 0.6291334640625 0.7143821781249999 0.6396939515625 0.7214498781249999 0.6599348859374999 0.727634115625 0.688976225 0.737352203125 0.7206576859375 0.749720678125 0.7470589046875 0.756788378125 0.7417786609375 0.745745096875 0.69073630625 0.743536440625 0.6748955750000001
10 0.47231015468750004 0.5913322953125 0.46391726093749996 0.5886921734375 0.45464090468749996 0.587812134375 0.4476040046875 0.602015721875 0.4462480109375 0.6221337171875 0.44713147343750004 0.6388544875 0.4488983984375 0.6520550968750001 0.4515487859375 0.666135746875 0.4528739796875 0.6872567218750001 0.45419917343750005 0.7532597671875 0.4559660984375 0.7867013093749999 0.4625920671875 0.78758135 0.46921803593750006 0.7532597671875 0.47231015468750004 0.66525570625 0.47451881093750004 0.6467748531249999 0.47231015468750004 0.5913322953125
10 0.48423689843749995 0.5957324984375 0.4749958875 0.5967321890624999 0.47231015468750004 0.6344542843750001 0.47540227343749997 0.655575259375 0.4771691984375 0.7048575328125 0.4846786296875 0.7691004968749999 0.4895376734375 0.7629402125 0.4917463296875 0.7224583453125 0.4926297921875 0.6740561125 0.49483844843749997 0.645014771875 0.4979305671875 0.6098131484375 0.4974888359375 0.5939724187500001 0.48423689843749995 0.5957324984375
2 0.49704710468749996 0.6150933921874999 0.49704710468749996 0.6546952187499999 0.49969749218750004 0.7189381828125 0.5045565359374999 0.76118013125 0.5125076984375 0.779660984375 0.5169250109375 0.7365389953125 0.5173667421875 0.662615584375 0.5200171296875 0.6062929859375 0.5160837093749999 0.594090421875 0.4957219109375 0.5922123375 0.49704710468749996 0.6150933921874999
2 0.5209005921875 0.6018927828125 0.5195753984375 0.6212536765625 0.5200171296875 0.66525570625 0.5178084734375 0.752379725 0.5235509796875 0.78230110625 0.5350359921875001 0.7840611875 0.5429871546875 0.666135746875 0.5474044671875 0.6309341234375 0.5451958109375 0.6089331078125 0.5319886734375 0.5949710109375 0.5209005921875 0.6018927828125
0 0.5708162234375 0.6062929859375 0.5624731875 0.6046574890625 0.5540304359375 0.6159734328125 0.5491713921875 0.6265339203125 0.5478461984375 0.6458948140625 0.5478461984375 0.66173554375 0.5491713921875 0.6846166 0.5522635109375 0.7224583453125 0.5518217796875 0.76118013125 0.5553556296875 0.788461390625 0.5663989109374999 0.80694224375 0.5725831484375 0.7629402125 0.5774421921874999 0.6274139609375 0.5708162234375 0.6062929859375
8 0.43164940312500005 0.6018637203125 0.4175140046875 0.6124242078125001 0.416188809375 0.6317851015625 0.41707227187499996 0.666106684375 0.4201643921875 0.7136288765625001 0.41839746718750004 0.7963526937500001 0.419722659375 0.818353709375 0.440042296875 0.798992815625 0.448876921875 0.7391500546875001 0.447993459375 0.6414655484375 0.4413674921875 0.6036238015625 0.438717103125 0.596583478125 0.43164940312500005 0.6018637203125
14 0.39542744218750003 0.6036238015625 0.379083384375 0.6053838828125 0.372899146875 0.6159443703124999 0.3706904921875 0.6291449796874999 0.368481834375 0.643225628125 0.368923565625 0.66170648125 0.39101012812499997 0.8245139937499999 0.3971943671875 0.8271541156250001 0.403378603125 0.8016329375 0.405145528125 0.754990784375 0.403378603125 0.71450891875 0.403378603125 0.671386928125 0.40779591562500006 0.6168244109375001 0.39542744218750003 0.6036238015625
14 0.3706904921875 0.6370653453124999 0.374666071875 0.6194645328124999 0.368923565625 0.6018637203125 0.360972403125 0.6001036390625 0.3552668546875 0.5949710109375 0.338002378125 0.6053838828125 0.33270160312499997 0.6159443703124999 0.33402679687500003 0.6370653453124999 0.334468528125 0.67578713125 0.333585065625 0.7400300953125 0.335351990625 0.7734716390624999 0.340652765625 0.7945926125 0.349045659375 0.795472653125 0.3530212421875 0.774351678125 0.358322015625 0.7127488375000001 0.365389715625 0.6590663609375 0.3706904921875 0.6370653453124999
12 0.2262443734375 0.7241893640625 0.233312071875 0.7356298921875 0.250539590625 0.7127488375000001 0.27041749843749996 0.6511459937499999 0.286319821875 0.6221046546875 0.287203284375 0.5948233953125001 0.26997576562500003 0.573702421875 0.2611411421875 0.568422178125 0.255398634375 0.566662096875 0.2359796265625 0.557986275 0.225802640625 0.578982665625 0.224035715625 0.6089040453125001 0.20990031718750002 0.688987740625 0.2076916609375 0.71098875625 0.20990031718750002 0.7189091203125 0.2160845546875 0.7180290796875 0.225802640625 0.6986681875 0.23463726718750003 0.674907090625 0.2381711171875 0.669626846875 0.235078996875 0.67930729375 0.225802640625 0.710108715625 0.2262443734375 0.7241893640625
12 0.30045522187499996 0.7030683890625 0.3008969546875 0.7197891609375 0.295596178125 0.7356298921875 0.28941194062500003 0.7470704203125 0.28587809218750004 0.7532307046875 0.2823442421875 0.767311353125 0.2849946296875 0.7752317203125 0.291178865625 0.7752317203125 0.3000134921875 0.7655512718749999 0.3053142671875 0.7558708265625 0.311498503125 0.7409101359375 0.31591581562500004 0.7285895671875 0.321216590625 0.7074685921875 0.3229835171875 0.69338794375 0.3256339046875 0.67930729375 0.327842559375 0.666106684375 0.33270160312499997 0.6564262375000001 0.336235453125 0.644985709375 0.341536228125 0.6300250203125 0.343744884375 0.6168244109375001 0.341536228125 0.5992235984375001 0.3349102609375 0.5974635171875 0.3265173671875 0.5974635171875 0.317682740625 0.596583478125 0.3110567734375 0.5913032328125001 0.30222214687500004 0.58514295 0.29294579062500004 0.59042319375 0.28587809218750004 0.584262909375 0.278368659375 0.5974635171875 0.2788346671875 0.598493365625 0.2779269296875 0.6247447765625 0.2788103921875 0.646745790625 0.275276540625 0.6775472125 0.26600018593749997 0.7224292828125 0.2620246046875 0.7541107453125 0.2646749921875 0.7655512718749999 0.273509615625 0.7637911921875 0.27925212187500004 0.7523506640625001 0.28322770468749997 0.7356298921875 0.28897021093749997 0.7092286734375 0.2960379109375 0.6969081046875 0.30045522187499996 0.7030683890625
11 0.45641142187500006 0.5648060546875 0.459503540625 0.5568856890625 0.459503540625 0.5445651218750001 0.459945271875 0.53312459375 0.459945271875 0.5172838625 0.457294884375 0.3667969203125 0.448901990625 0.3623967171875 0.439625634375 0.365916878125 0.4361170875 0.3818684859375 0.430349278125 0.505843334375 0.42946581562499997 0.525204228125 0.42902408437500006 0.5384048375 0.42946581562499997 0.549845365625 0.430349278125 0.5604058515625 0.432116203125 0.5683262171875 0.436091784375 0.5744865015625 0.44050909687499995 0.5780066640625 0.445809871875 0.5753665421874999 0.450668915625 0.5727264203125 0.454644496875 0.5665661375 0.45641142187500006 0.5648060546875
11 0.49484204062500003 0.5744865015625 0.49528377187499995 0.5604058515625 0.49351684687499997 0.51200361875 0.491749921875 0.49264272499999995 0.490866459375 0.371197121875 0.48379875937500005 0.357116471875 0.471872015625 0.348316065625 0.46350896874999997 0.3765849515625 0.46171219687500004 0.5040832546875 0.460828734375 0.5181639031249999 0.459503540625 0.5375247953125 0.459503540625 0.549845365625 0.459945271875 0.5577657312500001 0.46215392812499995 0.5709663390624999 0.463479121875 0.5780066640625 0.466571240625 0.5797667453125 0.474080671875 0.5815268265625 0.481590103125 0.5815268265625 0.488657803125 0.5806467859375 0.49484204062500003 0.5744865015625
3 0.5297388093750001 0.5709663390624999 0.531064003125 0.5586457703125001 0.531947465625 0.5375247953125 0.530622271875 0.520804025 0.527971884375 0.500563090625 0.529297078125 0.38087756875 0.525321496875 0.357116471875 0.512953021875 0.3553563921875 0.5045967921875001 0.3651372953125 0.501026278125 0.47592195468750004 0.497050696875 0.49704292812500006 0.49351684687499997 0.528724390625 0.493958578125 0.5586457703125001 0.49528377187499995 0.5753665421874999 0.49925935312499997 0.5806467859375 0.503676665625 0.5815268265625 0.509860903125 0.5815268265625 0.516486871875 0.5815268265625 0.523554571875 0.5806467859375 0.527088421875 0.5780066640625 0.5297388093750001 0.5709663390624999
3 0.561985190625 0.5216840656249999 0.557567878125 0.49264272499999995 0.5553592218750001 0.378237446875 0.5518253718749999 0.358876553125 0.541223821875 0.3579965140625 0.5359649140625 0.3748237734375 0.534156121875 0.495282846875 0.531505734375 0.514643740625 0.530622271875 0.52608426875 0.530622271875 0.534884675 0.530622271875 0.5568856890625 0.534597853125 0.5639260140625 0.540340359375 0.5692062578125 0.546524596875 0.5692062578125 0.552708834375 0.5665661375 0.558893071875 0.5586457703125001 0.5615434593749999 0.542805040625 0.561985190625 0.5216840656249999
1 0.5889307968749999 0.3456759453125 0.577887515625 0.3359954984375 0.5677748421875 0.35280904999999996 0.5641938468750001 0.4283997609375 0.562426921875 0.47592195468750004 0.562426921875 0.5014431312500001 0.562426921875 0.5313645109375 0.565960771875 0.549845365625 0.571261546875 0.5665661375 0.5792127093749999 0.5771266234375 0.5867221406249999 0.5736064609375 0.596881959375 0.549845365625 0.598207153125 0.5181639031249999 0.596440228125 0.45744110156250006 0.5889307968749999 0.3456759453125
7 0.629570071875 0.532244553125 0.630011803125 0.47592195468750004 0.627361415625 0.38791789374999996 0.614992940625 0.3562364328125 0.6013519875 0.369540240625 0.595998496875 0.43015984218750003 0.590697721875 0.4873624828125 0.5889307968749999 0.5102435375 0.5889307968749999 0.52608426875 0.590697721875 0.5463252015625 0.592906378125 0.5604058515625 0.607483509375 0.549845365625 0.6119008218750001 0.5639260140625 0.618085059375 0.5683262171875 0.626036221875 0.5621659343750001 0.629128340625 0.549845365625 0.629570071875 0.532244553125
7 0.6759518531250001 0.40199854375 0.6737431968750001 0.378237446875 0.654307021875 0.3667969203125 0.647239321875 0.38175760937500003 0.635754309375 0.45832114218750003 0.6255944906249999 0.49704292812500006 0.623827565625 0.519923984375 0.628686609375 0.534884675 0.638404696875 0.5392848781249999 0.649889709375 0.5392848781249999 0.661374721875 0.5463252015625 0.665350303125 0.542805040625 0.6688841531249999 0.530484471875 0.6710928093749999 0.5040832546875 0.6688841531249999 0.47944211562500005 0.6759518531250001 0.40199854375
5 0.700247071875 0.5577657312500001 0.703780921875 0.5595258109375 0.713499009375 0.5507254046875001 0.717916321875 0.5216840656249999 0.713057278125 0.502323171875 0.7104068906250001 0.49000260312500005 0.719241515625 0.38263765 0.7011305343750001 0.369437040625 0.6901547015625 0.377465540625 0.681694359375 0.395838259375 0.679043971875 0.41431911250000003 0.677277046875 0.44248041093749996 0.675510121875 0.4688816296875 0.6737431968750001 0.4891225640625 0.670651078125 0.5032032125 0.668442421875 0.52608426875 0.666675496875 0.5463252015625 0.671976271875 0.5551256078125 0.6799274343749999 0.5604058515625 0.685669940625 0.5656860953125 0.700247071875 0.5577657312500001
5 0.762089446875 0.495282846875 0.7563469406250001 0.47592195468750004 0.752371359375 0.409918909375 0.7492792406250001 0.376477365625 0.738677690625 0.3667969203125 0.726750946875 0.3861578125 0.722775365625 0.43984028906250006 0.719241515625 0.47504191406249996 0.717916321875 0.49352276718750004 0.715707665625 0.506723375 0.715265934375 0.52608426875 0.717916321875 0.5463252015625 0.7258674843749999 0.55600565 0.7351438406249999 0.5568856890625 0.745303659375 0.553365528125 0.756788671875 0.54720524375 0.763856371875 0.52784435 0.762089446875 0.495282846875
9 0.4285553796875 0.5040722859375 0.4272301859375 0.370306115625 0.4232546046875 0.357985546875 0.4148617109375 0.35446538437499997 0.40519076875 0.36865965156249997 0.4029349671875 0.40198757656249995 0.3980759234375 0.475030946875 0.3963089984375 0.501432165625 0.3941003421875 0.5278333828124999 0.3941003421875 0.5445541546875 0.3980759234375 0.5674352093749999 0.40249323593749997 0.5823959000000001 0.4082357421875 0.589436225 0.4219294109375 0.5788757375 0.42899711093750004 0.560394884375 0.4325309609375 0.5383938703125 0.4285553796875 0.5040722859375
15 0.4064688171875 0.55599468125 0.4095609359375 0.5357537484375 0.4064688171875 0.5031922453125001 0.4033766984375 0.4688706625 0.40028457968750003 0.44158940468749996 0.3927751484375 0.4055077390625 0.3892412984375 0.3843867640625 0.3848239859375 0.37470631875 0.3694046 0.385390840625 0.3658295421875 0.42310854999999997 0.3653878109375 0.457430134375 0.3658295421875 0.49703196250000004 0.3627374234375 0.5199130171874999 0.3609704984375 0.5383938703125 0.3653878109375 0.5551146421875 0.3711303171875 0.5674352093749999 0.3799649421875 0.572715453125 0.3874743734375 0.5674352093749999 0.3914499546875 0.558634803125 0.3963089984375 0.5533545609375 0.4064688171875 0.55599468125
15 0.3653878109375 0.4873515140625 0.3618539609375 0.439829321875 0.3534610671875 0.4107879828125 0.34065086093749997 0.4011075359375 0.33273482187500003 0.42061439843750004 0.3326996984375 0.457430134375 0.3326996984375 0.5005521234375 0.3247485359375 0.5339936671875 0.3251902671875 0.556874721875 0.3326996984375 0.574475534375 0.3424177859375 0.570955371875 0.3455099046875 0.5656751296875 0.35434452968749997 0.569195290625 0.3640626171875 0.5647950875000001 0.3746641671875 0.5401539515625 0.3711303171875 0.5155128140625 0.3653878109375 0.4873515140625
13 0.3167973734375 0.5674352093749999 0.3229816109375 0.5639150484375001 0.3278406546875 0.560394884375 0.3322579671875 0.5392739109375 0.3287241171875 0.5111126109375 0.3247485359375 0.48471139374999994 0.3229816109375 0.43806924062499997 0.3198894921875 0.4107879828125 0.31326352343749997 0.3843867640625 0.29739045937499997 0.392435553125 0.28720137968750004 0.42486863281250004 0.2832257984375 0.473270865625 0.2819006046875 0.49703196250000004 0.2774832921875 0.5181529359375 0.2748329046875 0.5401539515625 0.2774832921875 0.5577547640625 0.2841092609375 0.5639150484375001 0.29029349843749996 0.5639150484375001 0.2991281234375 0.558634803125 0.3044288984375 0.5683152515625001 0.3114965984375 0.57359549375 0.3167973734375 0.5674352093749999
13 0.28013367968749997 0.49263175937500003 0.28278406718750004 0.43806924062499997 0.2845509921875 0.3949472515625 0.2761580984375 0.363265790625 0.26423135468750003 0.363265790625 0.2532100046875 0.377465540625 0.2443534484375 0.4283887953125 0.2368440171875 0.467990621875 0.2266841984375 0.4943918390625 0.2231503484375 0.5172728953125 0.22535900468749998 0.5357537484375 0.2337518984375 0.5392739109375 0.2443534484375 0.5401539515625 0.25362980468749996 0.556874721875 0.2646730859375 0.55599468125 0.2761580984375 0.5419140328125 0.2796919484375 0.5269533421875 0.28013367968749997 0.49263175937500003