10 0.4916064390625 0.6023215343749999 0.4928574375 0.556380209375 0.4698342359375 0.5494032718749999 0.47114058124999997 0.5771636171875001 0.47288236406250006 0.62140673125 0.4768013671875 0.6925426578125 0.493348221875 0.6899401625 0.492477346875 0.6595772546875 0.4916064390625 0.6023215343749999
10 0.46765701562500006 0.60839405625 0.4733178015625 0.566753503125 0.47070514374999994 0.55113826875 0.44712821875 0.557465278125 0.4467557203125 0.59451385 0.4476265953125 0.6396244609374999 0.4493683796875 0.686470103125 0.450239253125 0.72030306875 0.46417348281250004 0.7229055640625 0.466786140625 0.6890726640625 0.46765701562500006 0.6509021390624999 0.46765701562500006 0.60839405625
8 0.44544937500000004 0.5858387328125 0.449803815625 0.5415957203125 0.4193640515625 0.5314236125 0.4171455125 0.58063374375 0.411920196875 0.622274228125 0.41322650781250003 0.6873376 0.4188872953125 0.722038065625 0.4341278359375 0.722038065625 0.44109493437499997 0.66998736875 0.44283671875 0.630081846875 0.44544937500000004 0.5858387328125
14 0.42193538906250005 0.546800709375 0.39105548749999997 0.5097222234375 0.39058343125 0.5528732984375 0.386228990625 0.58063374375 0.38448720625 0.6370219984375 0.38579355312499997 0.6899401625 0.4014695328125 0.6968802140625 0.40930753906249995 0.6344194046875 0.41453285468749995 0.5771636171875001 0.42193538906250005 0.546800709375
14 0.3888416484375 0.50863021875 0.3573029703125 0.508637153125 0.35487703125 0.581501175 0.3487808078125 0.6413595578125 0.347039025 0.703820334375 0.3666340078125 0.7098928890625 0.381003675 0.6387569625 0.3836163328125 0.57022353125 0.3958087453125 0.530318009375 0.3888416484375 0.50863021875
13 0.26778820312499996 0.4340241984375 0.26474009062500004 0.5034251281250001 0.264304653125 0.5060276906250001 0.2843350734375 0.515570371875 0.3052364015625 0.515570371875 0.3135098453125 0.4878099265625 0.30262374375 0.41840899531250003 0.29306430625 0.34696180625 0.26778820312499996 0.32992282031250003 0.26778820312499996 0.35508065312500003 0.26778820312499996 0.4340241984375
13 0.23481399375 0.3393663203125 0.2360007890625 0.3993237328125 0.224243796875 0.4479044046875 0.229469128125 0.47913480937499997 0.25559577187500004 0.48607489687500005 0.267352765625 0.4626521078125 0.264304653125 0.42361408593750005 0.2656109828125 0.341200496875 0.23481399375 0.3393663203125
2 0.4928574375 0.5694010421875 0.4950900046875 0.622274228125 0.5007507906249999 0.6725899296875 0.5072824515625001 0.7107604546874999 0.526877434375 0.7072903953125 0.519910303125 0.6474320796875 0.5138141125 0.5797661781250001 0.510765984375 0.5580783874999999 0.4928574375 0.5694010421875
2 0.53994075625 0.54419818125 0.5146332546875 0.5487847234375 0.518168553125 0.609261553125 0.5220875234375 0.650034640625 0.5255710890625 0.6960127171875 0.5255710890625 0.7298456843750001 0.5425534140625 0.7289781859375 0.54124706875 0.6413595578125 0.5429888515625 0.5867062640625 0.53994075625 0.54419818125
0 0.5660673671875001 0.517305334375 0.542397421875 0.5401041671875 0.544295196875 0.5988514078125 0.5534395156249999 0.6509021390624999 0.563019271875 0.722038065625 0.58217885 0.7211705671875001 0.5817433796875 0.6439620203125 0.57346996875 0.58063374375 0.5678091828125 0.5363905984375 0.5660673671875001 0.517305334375
6 0.5939358265625 0.504292659375 0.5679840078125 0.518402778125 0.571728153125 0.5598133843750001 0.5860978203125 0.6283468828125 0.5939358265625 0.6960127171875 0.6178852499999999 0.6882050984375 0.6026447078125 0.589308859375 0.5982902671875 0.560680915625 0.6009028921875 0.5320530390625 0.5939358265625 0.504292659375
6 0.5974193921875 0.49561754375 0.5968369671875 0.5064670140625 0.6030801125 0.546800709375 0.612659934375 0.5962488796875001 0.6226750953125 0.685602603125 0.641399203125 0.683867540625 0.6322549171875 0.58063374375 0.631819446875 0.5320530390625 0.6252877859375 0.48086983906249997 0.5974193921875 0.49561754375
5 0.7441640265625 0.42014402500000003 0.740244990625 0.37676844374999996 0.7460013203125 0.29813368125 0.7493893421875 0.2657269625 0.7245690437500001 0.25618433125 0.720214603125 0.2891498 0.70715128125 0.354213171875 0.7014904953125 0.42361408593750005 0.7193437281249999 0.44616937500000003 0.7441640265625 0.42014402500000003