11 0.5018722265625 0.43537946562499996 0.506006675 0.40502471250000005 0.47236582812499994 0.41060157343750003 0.469001753125 0.5422155140625 0.4650770046875 0.6292145296875 0.5043246578125 0.6247530234374999 0.50376394375 0.528831040625 0.5018722265625 0.43537946562499996
11 0.470123096875 0.38829413125 0.44489246250000003 0.3871787765625 0.44439290624999994 0.40887276874999995 0.4409677140625 0.48756226406250003 0.43648224999999996 0.546676978125 0.43536090625 0.6024455828125 0.449377925 0.625868421875 0.4650770046875 0.609137840625 0.4678804078125 0.5176773203125 0.4706838125 0.4150630796875 0.470123096875 0.38829413125
9 0.4291934265625 0.6147147000000001 0.43536090625 0.554484675 0.4415283859375 0.49425448125000004 0.4429909703125 0.40608259062499996 0.4415283859375 0.373794303125 0.4168584234375 0.381601915625 0.41349434687500003 0.45298574687500004 0.4073268671875 0.52325418125 0.400598715625 0.5935227000000001 0.412933675 0.6191761625 0.4291934265625 0.6147147000000001
15 0.4168584234375 0.38383266875 0.402334865625 0.38097098281249997 0.392188503125 0.4630240703125 0.387703040625 0.5176773203125 0.374807365625 0.550023084375 0.37985350156250003 0.5857150015625 0.40228073281250004 0.570099815625 0.41069094375 0.4775239 0.414615734375 0.4150630796875 0.4168584234375 0.38383266875
15 0.374296171875 0.37399553750000003 0.3607903453125 0.4719470390625 0.345091309375 0.5266003734375 0.353501521875 0.5589460953125001 0.37424669375 0.5444462671875 0.388824384375 0.5132158140625 0.3938705203125 0.436255165625 0.40284140468749996 0.3749097 0.374296171875 0.37399553750000003
13 0.3551835375 0.48421615781250005 0.3445306375 0.43513976875000004 0.34836038125 0.36004464375 0.3473340421875 0.3302948375 0.296872771875 0.3414485375 0.3120111359375 0.43067830625000003 0.304161596875 0.48310075937499997 0.3249068109375 0.5254849328125 0.342848578125 0.5266003734375 0.3551835375 0.48421615781250005
13 0.2649452671875 0.3363281265625 0.26827801875 0.40502471250000005 0.271081421875 0.47083168437499995 0.299676175 0.47306243593749997 0.3136931953125 0.4340244125 0.30135819218750004 0.3659866890625 0.293508653125 0.3024105359375 0.26098919375 0.30352586875 0.2649452671875 0.3363281265625
10 0.4464958078125 0.6418526796874999 0.4426497734375 0.69167535 0.4432104453125 0.785366621875 0.449377925 0.8210584953125 0.4628342734375 0.8210584953125 0.46731969375000004 0.7786744078125001 0.46731969375000004 0.6872138875 0.46731969375000004 0.6359067453125 0.4464958078125 0.6418526796874999
10 0.4948625546875 0.6474330375 0.4656376765625 0.642599003125 0.469001753125 0.703944425 0.46619834843749997 0.79317419375 0.47965469531249993 0.809904775 0.4886255796875 0.7920588375000001 0.4903076390625 0.70840593125 0.4948625546875 0.6474330375
13 0.4891862515625 0.8009818484375 0.49086831093749994 0.7362902328125001 0.49086831093749994 0.6347913890625 0.46731969375000004 0.6370221421875 0.46731969375000004 0.6615602953125 0.469562425 0.7150981468750001 0.4678804078125 0.788712771875 0.47629062031249997 0.8110202140625 0.4891862515625 0.8009818484375
8 0.44377111718749995 0.668252553125 0.44439290624999994 0.6376674125 0.4196618265625 0.6292145296875 0.41069094375 0.672714015625 0.3961132515625 0.731828728125 0.37873215625 0.8054433546875 0.40228073281250004 0.8020972046875 0.4196618265625 0.7474439546875 0.44377111718749995 0.668252553125
14 0.36695786875 0.56452295625 0.3441545765625 0.5637276796874999 0.3271495 0.613599303125 0.2912659640625 0.6794062734375 0.280613021875 0.7240211578125 0.3080863875 0.77532825625 0.3456519828125 0.7340595234375 0.375928753125 0.6403682500000001 0.39667392343749996 0.6057916890625 0.36695786875 0.56452295625
12 0.30472226875 0.5009467390625 0.2950868625 0.5176897328125001 0.2772489453125 0.57121525625 0.2447294421875 0.6046764203125 0.22398427187499997 0.6336759921875 0.2587464625 0.705059865625 0.297994115625 0.659329584375 0.3232247515625 0.6124839484375 0.34116651875000004 0.5656383968750001 0.30472226875 0.5009467390625
12 0.2425143125 0.5009486625 0.2077245203125 0.56898441875 0.1948288453125 0.6069070875 0.21164926875 0.6492913031249999 0.2430473828125 0.6057916890625 0.273324153125 0.579022784375 0.280613021875 0.5589460953125001 0.24697217343750003 0.495369878125 0.2425143125 0.5009486625
3 0.5362834453125 0.39164028281249996 0.5088100796874999 0.382717271875 0.5060780312500001 0.40329241250000003 0.505446003125 0.49760063125 0.5043246578125 0.580138140625 0.50376394375 0.6225222718750001 0.537404790625 0.6292145296875 0.537404790625 0.5656383968750001 0.5357227734375 0.5132158140625 0.5368441171875 0.42510144375000003 0.5362834453125 0.39164028281249996
3 0.569924334375 0.6102532796875 0.5671209312500001 0.5634075593750001 0.5626354671875 0.4987159859375 0.56145445 0.4005022328125 0.5609534078125 0.38383266875 0.5368441171875 0.3894095296875 0.5379655046875 0.45298574687500004 0.53908685 0.528831040625 0.5379655046875 0.6024455828125 0.550300465625 0.6191761625 0.569924334375 0.6102532796875
1 0.5901087921875 0.6191761625 0.600761778125 0.5968687218750001 0.5951549703125 0.5422155140625 0.588987446875 0.44294738125000005 0.59299798125 0.37818080468750004 0.5934729109375 0.35483296875 0.5631960968749999 0.35817911874999997 0.5637568125 0.3871787765625 0.5643175265625 0.45521645624999996 0.568242275 0.5321772328125001 0.5721670234375 0.6013302265625 0.5901087921875 0.6191761625
7 0.606929215625 0.3637559796875 0.609821196875 0.39073660781249997 0.610293334375 0.4797546515625 0.60356518125 0.5332925453125 0.6164607703125 0.5745612796875 0.6321598500000001 0.5779073875 0.6394487171875001 0.5065235984375 0.6377666578125 0.4184091859375 0.6388880015625 0.3626405828125 0.606929215625 0.3637559796875
7 0.6753322515625 0.47417779062500004 0.6792169625 0.37957589375 0.64000943125 0.3659866890625 0.638327371875 0.43848587656250004 0.638327371875 0.5254849328125 0.6506623328125001 0.575676678125 0.680939059375 0.5555999453125 0.6871065828125 0.5221388250000001 0.6753322515625 0.47417779062500004
5 0.7112158734375 0.42733215468749997 0.7135643625 0.3460937515625 0.6764536828125001 0.3425638921875 0.679817715625 0.39164028281249996 0.6758929671875 0.46525482343749996 0.6882279265625 0.5143312124999999 0.7089730984375 0.5054082015625 0.72747558125 0.4819854046875 0.7112158734375 0.42733215468749997
2 0.51519060625 0.6488281265625 0.491428984375 0.65709883125 0.491428984375 0.7374055875 0.48974692500000006 0.8076740640625 0.514977559375 0.80878941875 0.514977559375 0.7675206859375 0.5144168859375 0.7106367265625 0.51519060625 0.6488281265625
2 0.5413295812500001 0.6961368546875 0.5432292999999999 0.630691965625 0.5138562140625 0.6448297125 0.514977559375 0.72067500625 0.5144168859375 0.7954049875 0.5233877703125 0.8266353546874999 0.5379655046875 0.8177124296875 0.5413295812500001 0.7675206859375 0.5413295812500001 0.6961368546875
0 0.5766524875 0.7307133734375 0.5693636203125 0.6671371546875 0.5656602546875 0.6223214296874999 0.544132984375 0.6325607234375 0.5418902531249999 0.6827524671874999 0.544132984375 0.7608284703125 0.5491791203124999 0.8377890765625 0.571606309375 0.8545196578124999 0.5822592953125 0.8110202140625 0.5766524875 0.7307133734375
6 0.59683694375 0.6872138875 0.597203784375 0.6251116078125001 0.574970428125 0.6202915609375 0.5659995015625 0.6381375828125 0.5755311421875 0.7229058015625001 0.5884267328125 0.79986649375 0.6074899296875 0.83332765625 0.6114146781249999 0.789828128125 0.59683694375 0.6872138875
6 0.64169140625 0.7920588375000001 0.6456162390625 0.7675206859375 0.6377666578125 0.70840593125 0.625431696875 0.6515219703125 0.6287473140625 0.6083705375 0.6175822 0.5912918609375 0.5895481625000001 0.6147147000000001 0.5917908515625 0.6336759921875 0.600761778125 0.6615602953125 0.6097326187500001 0.7106367265625 0.6248709828125001 0.7742129015625 0.64169140625 0.7920588375000001
4 0.6786963703125 0.5422155140625 0.660754603125 0.56452295625 0.6635580078125 0.5845996453125 0.6448695640625 0.6027901796874999 0.6501016171875 0.6448297125 0.6899099859375 0.6626756921875 0.72747558125 0.6994830046875 0.7521455875 0.668252553125 0.7431746593749999 0.6202915609375 0.70841246875 0.59017650625 0.6882279265625 0.5567153421875 0.6786963703125 0.5422155140625
4 0.7499028125 0.546676978125 0.7275837093749999 0.4953683046875 0.69439545 0.5377540953125 0.69439545 0.57121525625 0.71457990625 0.59017650625 0.739810540625 0.6202915609375 0.765601890625 0.6269838609375 0.7762547921875 0.5890611078125 0.7499028125 0.546676978125