11 0.5120097828125 0.4275182125 0.5061313281250001 0.35985229531249996 0.516320875 0.262434896875 0.4852299828125 0.257052221875 0.481964153125 0.33512824375 0.47739200937500004 0.40669795156250005 0.481310996875 0.471761325 0.4982933046875 0.48737649375 0.5093971578125001 0.46655623593750006 0.5120097828125 0.4275182125
11 0.481964153125 0.2739686390625 0.4567095734375 0.267317709375 0.45518435312500005 0.3507434125 0.45518435312500005 0.4145055375 0.44342734375 0.44183213437499996 0.44408054999999996 0.479568909375 0.46890083125000004 0.48607524687500003 0.479351478125 0.46004989687500003 0.4760856484375 0.40669795156250005 0.481964153125 0.2739686390625
15 0.454531196875 0.365057384375 0.4526266078125 0.262434896875 0.42121973593749995 0.250545884375 0.4173007 0.358551046875 0.40946272656250005 0.4340245484375 0.41926021718750006 0.47826766249999997 0.44212103125 0.463953690625 0.451265365625 0.4249156671875 0.454531196875 0.365057384375
15 0.38856143125 0.3689611765625 0.38268292656249997 0.43012075625 0.40423737812500005 0.4483384703125 0.41403486875000006 0.393685278125 0.4186070625 0.3130066859375 0.41991337343749996 0.2830775703125 0.39138212031249997 0.2689453140625 0.38856143125 0.3689611765625
13 0.3833360828125 0.25835344375 0.33912015625 0.262434896875 0.33761445625 0.30650035 0.32259161718749996 0.33382694687500003 0.3186726296875 0.3819738515625 0.3487182609375 0.40669795156250005 0.3741917484375 0.41580678437499996 0.38856143125 0.3897814359375 0.3833360828125 0.3130066859375 0.3833360828125 0.25835344375
3 0.516320875 0.262434896875 0.5133161453125 0.358551046875 0.5087439515625001 0.44703722343749996 0.5178882875 0.4899790390625 0.5433617749999999 0.4847739984375 0.5433617749999999 0.40669795156250005 0.5433617749999999 0.305199053125 0.54532129375 0.26485978125 0.516320875 0.262434896875
3 0.5759321765625 0.281966146875 0.5498934359375001 0.2674623015625 0.5466276046874999 0.336429490625 0.54532129375 0.45874865 0.5642630703125 0.479568909375 0.5675289 0.4340245484375 0.5714479375 0.365057384375 0.5759321765625 0.281966146875
1 0.5988808921875 0.362454840625 0.601246565625 0.27545573125 0.5734074046875001 0.27657123281249996 0.5734074046875001 0.3416345796875 0.56818210625 0.41580678437499996 0.5721010921875 0.48217145468749995 0.59365554375 0.48737649375 0.5982277359375 0.45094101562500005 0.5988808921875 0.362454840625
7 0.6347268859375 0.281966146875 0.6014935671874999 0.27787245625 0.5982277359375 0.3767687609375 0.604106240625 0.46004989687500003 0.6269670546875 0.46655623593750006 0.6393771703125 0.4249156671875 0.629579678125 0.362454840625 0.6347268859375 0.281966146875
5 0.6818329656250001 0.319513025 0.681272696875 0.262434896875 0.6472151937499999 0.2596547171875 0.645255675 0.370262425 0.656359528125 0.37807005781249997 0.6570126843749999 0.4079992 0.679873496875 0.42101187500000004 0.685752003125 0.38587764375 0.6818329656250001 0.319513025
5 0.7188359828124999 0.24778645937500002 0.684445640625 0.25835344375 0.6870583140625001 0.32862190625 0.6883646765625 0.4079992 0.7118785953125 0.41060174531250004 0.7399647578125 0.3728649703125 0.71841025625 0.305199053125 0.7188359828124999 0.24778645937500002
8 0.4460938625 0.49029948125 0.4336298515625 0.5979842265624999 0.43297669531249994 0.67866281875 0.44081471875 0.7177008421875 0.4591033390625 0.70989325625 0.46498184374999996 0.63702225 0.47281981718750005 0.5342221515625 0.4747793359375 0.48737649375 0.4460938625 0.49029948125
10 0.46628815625 0.6682527875 0.4754324921875 0.715098296875 0.48261730937499997 0.6539387671875 0.49568062968750004 0.49778667343749994 0.4754912171875 0.49029948125 0.46694136249999996 0.590176740625 0.46628815625 0.6682527875
10 0.495027475 0.5107993484375 0.49176164375000003 0.5628500453124999 0.4852299828125 0.6474324296875 0.4995996671875 0.6630475984374999 0.5107034703125 0.5823690578125 0.512237909375 0.511458334375 0.495027475 0.5107993484375
2 0.5152756125 0.6162020906250001 0.51592881875 0.67866281875 0.532257971875 0.673457778125 0.5342174390625 0.59538173125 0.53510251875 0.5033203140625 0.5126629890625 0.49778667343749994 0.5152756125 0.6162020906250001
2 0.5544655781250001 0.590176740625 0.5612334999999999 0.501692709375 0.5485871234374999 0.48217145468749995 0.5335642828125 0.5003891687500001 0.5361769578125 0.5797665125 0.5361769578125 0.6565412609375 0.5374832703125 0.7137971484375 0.5498934359375001 0.6838679078125 0.5544655781250001 0.590176740625
0 0.5873644812500001 0.5049479171875 0.558384615625 0.5016904656250001 0.5596909265625001 0.5537411624999999 0.557078253125 0.6357211015625001 0.5525061109375 0.7320147640625 0.57079473125 0.7033869187499999 0.581245428125 0.6057918609375 0.5873644812500001 0.5049479171875
6 0.5858175703125 0.50689550625 0.5851644140625 0.5706577296875001 0.596921375 0.5979842265624999 0.6224779875 0.5521484390625 0.6158632015625 0.5121005953125 0.5858175703125 0.50689550625
4 0.7046938296875 0.4392296390625 0.685098796875 0.4535435609375 0.685752003125 0.47046002812500004 0.6641242390625 0.501692709375 0.672035475 0.5485360734375 0.6890177828125 0.5576450562499999 0.7086127656250001 0.5914778890625 0.7255951234375 0.63702225 0.7445369015625001 0.596683078125 0.756293909375 0.5498373703125 0.7229825 0.4990879203125 0.7046938296875 0.4392296390625
14 0.4075032078125 0.5680550859375 0.401624753125 0.6708552328125 0.41991337343749996 0.6838679078125 0.431670384375 0.644829884375 0.4453868609375 0.539427240625 0.44995900468750005 0.49778667343749994 0.40853057656249997 0.477278646875 0.4075032078125 0.5680550859375
14 0.38398923906250004 0.6708552328125 0.4081564140625 0.5797665125 0.4120754015625 0.5264145671875 0.3963994046875 0.5485360734375 0.370967290625 0.5326171890625 0.3591689578125 0.6526374703125 0.38398923906250004 0.6708552328125
12 0.349371465625 0.45484480937500005 0.3304296390625 0.4275182125 0.3356549390625 0.4040954078125 0.3186726296875 0.393685278125 0.27052633125000003 0.447981771875 0.2402927 0.47436381875 0.2304952078125 0.5173056859375 0.24290537343750002 0.5784652140625 0.26445985 0.5836704046875 0.3075688265625 0.53812604375 0.3487182609375 0.5003891687500001 0.349371465625 0.45484480937500005