11 0.507640140625 0.399447853125 0.506731740625 0.29587053750000003 0.4695698703125 0.3057566 0.472369153125 0.4418320265625 0.4734888921875 0.53106179375 0.48692541875 0.5533692359375 0.5126788578125 0.5355232562500001 0.5143584031249999 0.47640854375 0.507640140625 0.399447853125
11 0.46901002187499996 0.3046412453125 0.445837221875 0.30842634062499996 0.44829534375 0.40502471250000005 0.44829534375 0.454101103125 0.44605590937499995 0.5087543515624999 0.4454960609375 0.528831040625 0.47404874062499996 0.5388694078125 0.47180930625000006 0.44852424218750003 0.47068960937500004 0.3704481953125 0.46901002187499996 0.3046412453125
9 0.44661575625000005 0.2633725125 0.409440496875 0.2679687515625 0.4068659421875 0.3604098296875 0.40742579062499995 0.445178134375 0.4046265078125 0.493139125 0.41806307656249997 0.5377540953125 0.444376321875 0.5254849328125 0.44773545312499996 0.449639596875 0.44605590937499995 0.3849480234375 0.44661575625000005 0.2633725125
15 0.379432959375 0.43848587656250004 0.360397825 0.3671020875 0.346446165625 0.28889509062499996 0.30833118125 0.30910273125 0.3116903125 0.399447853125 0.3195283140625 0.46971632812499997 0.3357641234375 0.48867762031249995 0.34808099531250003 0.47417779062500004 0.369355521875 0.47417779062500004 0.379432959375 0.43848587656250004
15 0.3004931796875 0.2544495015625 0.2645535375 0.26378348281249997 0.267461628125 0.359294475 0.2624229109375 0.44071662968750003 0.27362004375 0.46971632812499997 0.3100107265625 0.48087004999999994 0.31672903125 0.45521645624999996 0.3088910296875 0.3804865609375 0.3088910296875 0.3024105359375 0.3004931796875 0.2544495015625
13 0.23387022968750001 0.24664193124999997 0.23725599375 0.25680803750000003 0.2305110984375 0.3425638921875 0.21595483437500002 0.4039093578125 0.23387022968750001 0.4396012734375 0.25850393125000004 0.4418320265625 0.26634193281249996 0.402794003125 0.26690178124999997 0.32137182656249996 0.264102496875 0.24998801718750002 0.23387022968750001 0.24664193124999997
3 0.549069540625 0.3782558078125 0.5462702562499999 0.31356425625 0.5095314890625 0.30982142968750004 0.5087598359375 0.40502471250000005 0.5165978375 0.46525482343749996 0.5137985546875 0.5332925453125 0.5300344046875 0.5444462671875 0.5546681062500001 0.5388694078125 0.5546681062500001 0.5065235984375 0.5496293890625 0.45075499375000005 0.549069540625 0.3782558078125
3 0.5832207875 0.528831040625 0.5854601796875001 0.499831340625 0.5854601796875001 0.41729383281250004 0.583024875 0.323772321875 0.5821010906249999 0.31021810625 0.54850965 0.316910321875 0.552428671875 0.3604098296875 0.5569074984375 0.436255165625 0.5529885203125 0.49760063125 0.5597067828125 0.5332925453125 0.5832207875 0.528831040625
1 0.62129105625 0.4797546515625 0.6184917734375001 0.4128323265625 0.619051578125 0.32917941875 0.622221346875 0.240066965625 0.5910587453125 0.22656520000000002 0.582660896875 0.3224871828125 0.5821010906249999 0.40948621875 0.5854601796875001 0.4920237703125 0.5994565953125 0.519908071875 0.614012903125 0.5109850609375 0.62129105625 0.4797546515625
7 0.6660795875 0.4775239 0.6554422609375 0.43179365937499997 0.6470444109375 0.3704481953125 0.6467191421875 0.2972656265625 0.62800931875 0.234372790625 0.6218508609375 0.264487846875 0.619051578125 0.3726789484375 0.6224107531249999 0.46860093125 0.6313684937499999 0.493139125 0.6504035859374999 0.503177490625 0.6660795875 0.4775239
7 0.6918329421875 0.47529318906249995 0.7103082296875 0.454101103125 0.7119878171875 0.3659866890625 0.723012275 0.284709821875 0.7041498578125001 0.2544495015625 0.6795161140625 0.293487525 0.66831898125 0.3704481953125 0.6554422609375 0.436255165625 0.6699985671875 0.47640854375 0.680635809375 0.46971632812499997 0.6918329421875 0.47529318906249995
5 0.723744840625 0.3425638921875 0.7108681203125 0.4161784328125 0.7187060796875 0.44852424218750003 0.736621475 0.4418320265625 0.75285736875 0.43290901562500006 0.7550967609375 0.39164028281249996 0.7654670218749999 0.29941260937499997 0.733822190625 0.290141396875 0.723744840625 0.3425638921875
10 0.5054007046875 0.5946379687500001 0.507431678125 0.558147321875 0.48244659062500006 0.5511384828125 0.480767003125 0.575676678125 0.4818867421875 0.6515219703125 0.48468602499999996 0.7229058015625001 0.5070802921875 0.7173289421875 0.5042810078125 0.6492913031249999 0.5054007046875 0.5946379687500001
10 0.45333401875 0.630329884375 0.4454960609375 0.701713715625 0.4454960609375 0.739636384375 0.47684802499999995 0.7307133734375 0.48020715625 0.6403682500000001 0.47908745937499997 0.5667536671875 0.4556363390625 0.558147321875 0.45333401875 0.630329884375
8 0.4213394265625 0.5469866078125001 0.41526379375 0.618060809375 0.4023870734375 0.7005983609374999 0.3895103953125 0.7786744078125001 0.4214222078125 0.7708667515625 0.4415770375 0.6827524671874999 0.45333401875 0.59798411875 0.45277417187499996 0.548907815625 0.4213394265625 0.5469866078125001
14 0.401827225 0.7061752203125 0.4079856390625 0.64371444375 0.4147039453125 0.5968687218750001 0.418539678125 0.5497767875 0.392309678125 0.5210235125 0.38895050468750003 0.547792375 0.3844716765625 0.6080224421875 0.3771935234375 0.6816370265625 0.364316846875 0.751905459375 0.379432959375 0.751905459375 0.401827225 0.7061752203125
14 0.36711612968749996 0.5098697078125001 0.3527456 0.519084821875 0.34864084375000004 0.5968687218750001 0.3363240140625 0.6894446390625 0.33016555625 0.74298245 0.35871827968750003 0.7452132437500001 0.374394240625 0.6738294125000001 0.3822322421875 0.5834842484375 0.3906300921875 0.5221388250000001 0.36711612968749996 0.5098697078125001
12 0.3065497578125 0.49397321562499996 0.2920953296875 0.5767921171875 0.2797784578125 0.6626756921875 0.28201789375 0.718444296875 0.297693896875 0.731828728125 0.3279261640625 0.659329584375 0.3464014078125 0.579022784375 0.360957671875 0.5087543515624999 0.3065497578125 0.49397321562499996
12 0.2848171765625 0.4797546515625 0.2533545453125 0.4688616078125 0.2439476671875 0.52325418125 0.22771181562499998 0.6046764203125 0.21371540000000003 0.66490644375 0.2282716640625 0.697252209375 0.2562644953125 0.642599003125 0.2920953296875 0.570099815625 0.3055318984375 0.5098697078125001 0.2848171765625 0.4797546515625
12 0.201958396875 0.4228706921875 0.1924408296875 0.47306243593749997 0.16656235625 0.5539620546874999 0.1577297125 0.545561621875 0.2047577015625 0.61136855 0.219313965625 0.582368978125 0.24674695 0.5165619234375 0.254584909375 0.46079331718749994 0.2282716640625 0.4340244125 0.201958396875 0.4228706921875
2 0.505960553125 0.56898441875 0.5087598359375 0.666021884375 0.5205168171875 0.7240211578125 0.5367526687499999 0.713982790625 0.5294745578125 0.6292145296875 0.5284297875 0.5595424125 0.505960553125 0.56898441875
2 0.559146934375 0.6214070015625001 0.559227015625 0.5469866078125001 0.5294745578125 0.5600615359375001 0.5345132328125 0.615830140625 0.5401118 0.6816370265625 0.5434709734375 0.748559309375 0.5725835453125 0.768636040625 0.5686644796875 0.70840593125 0.559146934375 0.6214070015625001
0 0.6100939234375 0.813250925 0.61289320625 0.7641745359375001 0.6050551625 0.688329284375 0.5910587453125 0.625868421875 0.5921240562500001 0.5441964296874999 0.5748229375 0.545561621875 0.56138636875 0.5444462671875 0.5580272374999999 0.5834842484375 0.5641856953125 0.6370221421875 0.575942634375 0.71175208125 0.5910587453125 0.7942896328125 0.6100939234375 0.813250925
6 0.6459247140625 0.74186709375 0.6313684937499999 0.6805216281249999 0.6268896234375 0.595753365625 0.6166218515625 0.5302455375 0.5916186375 0.5377540953125 0.5871397671875 0.5767921171875 0.5983369 0.609137840625 0.6078544453125 0.6615602953125 0.6156924890625 0.7295980171875 0.63808675625 0.769751396875 0.6459247140625 0.74186709375
6 0.6565620421875 0.5868303984375001 0.6565182593750001 0.519084821875 0.6179318828125 0.5210235125 0.6268896234375 0.575676678125 0.63640716875 0.6582141859374999 0.6576817390625 0.748559309375 0.6716781546874999 0.7474439546875 0.6638401109375 0.6559834343750001 0.6565620421875 0.5868303984375001
4 0.6824159296875 0.4981584828125 0.6828752875 0.5555999453125 0.7332623859375 0.6225222718750001 0.7595756312499999 0.666021884375 0.78476918125 0.66490644375 0.781969896875 0.59798411875 0.7472588015625 0.53106179375 0.728783515625 0.46525482343749996 0.6824159296875 0.4981584828125
4 0.79820570625 0.47306243593749997 0.7748076140625 0.4074776796875 0.7299032125 0.44740888593749994 0.7343820828125 0.49425448125000004 0.7623749140625 0.5444462671875 0.78924805 0.6080224421875 0.8189204703125 0.6046764203125 0.8256387328124999 0.548907815625 0.79820570625 0.47306243593749997