11 0.50484085625 0.47640854375 0.5053318671875 0.36841517968750004 0.46901002187499996 0.3704481953125 0.4667705875 0.41952458437500006 0.4695698703125 0.5087543515624999 0.47292900156249995 0.5812535375000001 0.50484085625 0.5745612796875 0.5042810078125 0.550023084375 0.50484085625 0.47640854375
11 0.44101719062500006 0.57121525625 0.4684501734375 0.575676678125 0.4673304359375 0.4797546515625 0.4650910421875 0.36487133437499997 0.44163759843749995 0.37957589375 0.439337603125 0.47863929687500006 0.44101719062500006 0.57121525625
11 0.436038103125 0.36422991250000003 0.4057462046875 0.3637559796875 0.40350681093749996 0.46971632812499997 0.39846809375 0.56117680625 0.4147039453125 0.5678690640624999 0.4404573421875 0.5555999453125 0.43485877500000003 0.47863929687500006 0.436038103125 0.36422991250000003
15 0.3867111125 0.340333140625 0.37864326875 0.34051339375 0.3760738265625 0.41060157343750003 0.37327454375 0.46860093125 0.369355521875 0.5277156859375001 0.3749540890625 0.5567153421875 0.3939892234375 0.5600615359375001 0.401827225 0.5143312124999999 0.4057462046875 0.4161784328125 0.3867111125 0.340333140625
15 0.3704752609375 0.3470253984375 0.3415466078125 0.343303571875 0.3357641234375 0.4161784328125 0.3396831453125 0.4853315125 0.343602125 0.5377540953125 0.360397825 0.5533692359375 0.37999280625 0.518792675 0.385031525 0.4674855765625 0.371035109375 0.4340244125 0.3704752609375 0.3470253984375
13 0.35367956093749997 0.4897930171875 0.33408457812500003 0.4117169703125 0.3228874453125 0.34591000156249996 0.2960507015625 0.323772321875 0.292655178125 0.39610174531250003 0.2870566109375 0.4630240703125 0.290975590625 0.528831040625 0.3038523109375 0.546676978125 0.3206480109375 0.53106179375 0.335204275 0.5444462671875 0.34528171093750004 0.5332925453125 0.35367956093749997 0.4897930171875
13 0.2254723796875 0.31356425625 0.2288315125 0.3470253984375 0.22771181562499998 0.43848587656250004 0.23219064375 0.48756226406250003 0.2450673640625 0.4987159859375 0.2540250609375 0.48310075937499997 0.26914121562500004 0.493139125 0.2848171765625 0.4719470390625 0.271380609375 0.40056325 0.2579107703125 0.331189303125 0.2254723796875 0.31356425625
10 0.4555734546875 0.67494476875 0.4628516078125 0.76640533125 0.4886050046875 0.768636040625 0.48636557031249994 0.6615602953125 0.4886050046875 0.6035609796875 0.47292900156249995 0.5834842484375 0.459136025 0.591629465625 0.4555734546875 0.67494476875
10 0.48692541875 0.59798411875 0.48636557031249994 0.6671371546875 0.4902845921875 0.7809051171875 0.509879575 0.7440978890625 0.5070802921875 0.6615602953125 0.507431678125 0.591629465625 0.48692541875 0.59798411875
10 0.44941504062500004 0.56117680625 0.44443734687500003 0.56512276875 0.42870036093749997 0.6202915609375 0.42422149062500003 0.7005983609374999 0.42422149062500003 0.7742129015625 0.444376321875 0.7909434828124999 0.4594924765625 0.755251609375 0.46005232500000004 0.6548681640625 0.4667705875 0.59017650625 0.44941504062500004 0.56117680625
8 0.4376580578125 0.5935227000000001 0.4370982109375 0.5656383968750001 0.40314106406250005 0.577678571875 0.3979082453125 0.6247530234374999 0.3917497875 0.6950215 0.379432959375 0.7407517390625 0.3755139796875 0.7831359124999999 0.3906300921875 0.7809051171875 0.4068659421875 0.7273673078125 0.42254190312500006 0.6615602953125 0.4376580578125 0.5935227000000001
14 0.3632446546875 0.562332590625 0.3620774109375 0.6537527234375 0.35535910625 0.7630591812499999 0.357598540625 0.7831359124999999 0.3788731109375 0.74298245 0.3928695265625 0.6816370265625 0.40350681093749996 0.579022784375 0.3990279421875 0.5555999453125 0.3632446546875 0.562332590625
12 0.2400286453125 0.49648523281249995 0.2148350953125 0.48867762031249995 0.188960340625 0.5414062515625 0.161088865625 0.642599003125 0.181803565625 0.6526373265625 0.2181942265625 0.6359067453125 0.2517856265625 0.6046764203125 0.2747397828125 0.5622922046875 0.26522219375 0.529946396875 0.2400286453125 0.49648523281249995
3 0.538992103125 0.36487133437499997 0.510231425 0.38934151875 0.5070802921875 0.4797546515625 0.5042810078125 0.5388694078125 0.5037211171875 0.56898441875 0.5199569687500001 0.5879458390625001 0.540671690625 0.56898441875 0.5468301046875 0.48867762031249995 0.5462702562499999 0.40725546562500003 0.538992103125 0.36487133437499997
3 0.5731433499999999 0.4719470390625 0.5788252515625001 0.39352678750000003 0.5580272374999999 0.369332840625 0.550749084375 0.436255165625 0.5434709734375 0.52325418125 0.5440308218750001 0.5734459249999999 0.5703440671875 0.5634075593750001 0.5697842625 0.5388694078125 0.5731433499999999 0.4719470390625
1 0.5720236546875 0.5332925453125 0.5731433499999999 0.5779073875 0.5960975078125 0.5779073875 0.6072946406249999 0.5366386546874999 0.6089742265625 0.436255165625 0.6151325984375 0.37602505625 0.585114321875 0.37135288125 0.5793018078125 0.454101103125 0.5720236546875 0.5332925453125
7 0.630808603125 0.47417779062500004 0.6404197093749999 0.38655134062499996 0.6134530125000001 0.3749097 0.6022558796874999 0.45187035 0.5994565953125 0.503177490625 0.603935465625 0.5422155140625 0.6252100359375 0.56452295625 0.6347275812500001 0.529946396875 0.630808603125 0.47417779062500004
7 0.667759175 0.4630240703125 0.6691171265625 0.3753906265625 0.64312543125 0.3771404109375 0.6408860390625 0.4418320265625 0.629129015625 0.49425448125000004 0.6336078859375001 0.528831040625 0.6492838890625 0.5567153421875 0.6644000015625 0.529946396875 0.667759175 0.4630240703125
5 0.7091885328124999 0.4819854046875 0.706949140625 0.44071662968750003 0.7048139140624999 0.38097098281249997 0.6711182640625 0.382717271875 0.6705584578125 0.45298574687500004 0.668878871875 0.5065235984375 0.682315396875 0.519908071875 0.6884738546875 0.5533692359375 0.7086286421875 0.5332925453125 0.7091885328124999 0.4819854046875
5 0.7524096296875 0.35864955468750004 0.7103082296875 0.3537176140625 0.7103082296875 0.4418320265625 0.711427925 0.5065235984375 0.7349419734375 0.512100459375 0.74613910625 0.4797546515625 0.7433398234374999 0.43848587656250004 0.7524096296875 0.35864955468750004
5 0.7832068578125 0.32935267968750004 0.751737671875 0.3302948375 0.7500580859375 0.41952458437500006 0.7466989109375 0.48087004999999994 0.7651741984375 0.48421615781250005 0.78980785625 0.461908715625 0.781969896875 0.399447853125 0.7832068578125 0.32935267968750004
2 0.5266752734375 0.6626756921875 0.5228302921875 0.606975446875 0.509879575 0.595753365625 0.5037211171875 0.618060809375 0.5070802921875 0.67717560625 0.509879575 0.7496747484374999 0.5165978375 0.76640533125 0.5244358390625 0.7452132437500001 0.5266752734375 0.6626756921875
2 0.5473280875000001 0.6027901796874999 0.523875990625 0.59798411875 0.52835481875 0.7005983609374999 0.5333935375000001 0.768636040625 0.5462702562499999 0.7842512671875 0.549069540625 0.7374055875 0.549069540625 0.6504065734375 0.5473280875000001 0.6027901796874999
0 0.5932982234375 0.8467120875 0.588819353125 0.769751396875 0.5849003734375 0.6805216281249999 0.5798616125 0.6147147000000001 0.5704260078125001 0.558147321875 0.5563476515625 0.547792375 0.5440308218750001 0.5734459249999999 0.5462702562499999 0.6214070015625001 0.554108215625 0.698367565625 0.5597067828125 0.77532825625 0.573703240625 0.8511735921874999 0.5932982234375 0.8467120875
6 0.6162522953125 0.639252853125 0.6054228593750001 0.5790736625 0.576502525 0.5767921171875 0.5910587453125 0.6816370265625 0.603935465625 0.755251609375 0.619051578125 0.7976356984375 0.627449428125 0.7942896328125 0.61961146875 0.7295980171875 0.6162522953125 0.639252853125
6 0.6638401109375 0.769751396875 0.6464846046875 0.672714015625 0.6418195828125 0.5804687515625 0.6403261484375 0.5600615359375001 0.6084143359375 0.56452295625 0.6112136203125 0.592407259375 0.619051578125 0.666021884375 0.6336078859375001 0.7463285984375 0.6576817390625 0.8009818484375 0.6638401109375 0.769751396875
4 0.684515740625 0.5665178578125001 0.6839949843750001 0.6191761625 0.713667403125 0.697252209375 0.7472588015625 0.7507901046875001 0.7718924609375 0.7217904468749999 0.7545369562500001 0.6381375828125 0.7332623859375 0.554484675 0.722065253125 0.53106179375 0.684515740625 0.5665178578125001
4 0.7881064171875 0.49955357187500005 0.728783515625 0.5433309546875 0.74445951875 0.6002148296875001 0.76125521875 0.6448297125 0.78476918125 0.668252553125 0.80660355625 0.668252553125 0.8032444671875 0.5968687218750001 0.7881064171875 0.49955357187500005