11 0.48387034062499995 0.34280544218750003 0.470370253125 0.313278140625 0.4586121125 0.3271733421875 0.447765353125 0.357683378125 0.449902378125 0.4426771984375 0.45120883906250003 0.4774152 0.4459829984375 0.5112847515625 0.446853971875 0.5468912046875001 0.453386271875 0.5651286546875001 0.46296697968749995 0.5712078046875 0.477338040625 0.5764185046875 0.49258007499999995 0.5712078046875 0.4982414015625 0.548628103125 0.4934510484375 0.49738955 0.4882252078125 0.4730729484375 0.48387034062499995 0.34280544218750003
11 0.4303054765625 0.3410685421875 0.4181476328125 0.3429072828125 0.41636990156250003 0.414018346875 0.41636990156250003 0.47480985000000003 0.410708575 0.5173639031249999 0.409402115625 0.541680503125 0.4111440625 0.559049503125 0.42290220312500004 0.5659971046875001 0.4372732640625 0.5659971046875001 0.44424105156250004 0.5659971046875001 0.44859591875 0.527785303125 0.44249910468750003 0.4860997 0.4381442375 0.3575690921875 0.4303054765625 0.3410685421875
3 0.5330803375000001 0.34975304375 0.5208867109375 0.3358578421875 0.507386621875 0.3402000921875 0.4974193640625 0.36028710625000004 0.4964994546875 0.4617830984375 0.49475750781250005 0.49825800156250005 0.49127361406250003 0.5243115015625001 0.4895316671875 0.545154303125 0.49475750781250005 0.5677340046875 0.5021607828125 0.5764185046875 0.5221931703125 0.5824976546875 0.5322093640625 0.57555005625 0.540048125 0.5521019046875 0.5387416640625 0.5173639031249999 0.53699971875 0.46959914999999997 0.5330803375000001 0.34975304375
3 0.5483797625 0.368108025 0.54353201875 0.44094029843750004 0.5396126375 0.5034687015625 0.534822284375 0.539943603125 0.538306178125 0.5694709046875001 0.5561611328125 0.5738131546874999 0.5683547609375 0.5738131546874999 0.5740160875 0.530390653125 0.5683547609375 0.5017318000000001 0.5679192734375 0.43051889687499995 0.568790246875 0.3836225953125 0.5644353796875 0.3575690921875 0.5483797625 0.368108025
1 0.6141106359374999 0.511253365625 0.60975576875 0.4756469140625 0.60975576875 0.36361685781249997 0.601481521875 0.33322110625 0.5871445109375 0.3342173703125 0.5784007265625 0.366222209375 0.5766587796875 0.4582779140625 0.570561965625 0.506042665625 0.5666425859374999 0.5242801171875 0.5670780718749999 0.54599136875 0.5731748859375 0.5607550203125 0.5779652390625001 0.5720448703125001 0.5844975406249999 0.5711764203125 0.6010460359375001 0.5720448703125001 0.60975576875 0.5503336187500001 0.6132396625000001 0.5286223671875 0.6141106359374999 0.511253365625
7 0.6498205453125 0.499963515625 0.6476431125000001 0.48954211562500005 0.6463366515625 0.4478565125 0.6463366515625 0.4105131609375 0.6445947046875 0.37056445937500004 0.6445947046875 0.3427740578125 0.634143025 0.3366949078125 0.618069196875 0.3446452640625 0.614981609375 0.40703936093750004 0.60975576875 0.4530672125 0.60278798125 0.49041056562499996 0.6010460359375001 0.5129902671875 0.6040944421875001 0.5338330671875 0.614981609375 0.5364384171875 0.618465503125 0.54599136875 0.6271752375 0.55728121875 0.6424172718750001 0.55901811875 0.6511270046875001 0.54164911875 0.6533044390625 0.5234116671875 0.6498205453125 0.499963515625
7 0.6720303671875001 0.34972165781250003 0.6620141734375 0.32627350625 0.6498650015625 0.3429072828125 0.6502560328125 0.4304875109375 0.6480785984375 0.4617517140625 0.6445947046875 0.484331415625 0.64415921875 0.506911115625 0.647207625 0.5225432171875 0.6511270046875001 0.53296461875 0.6720303671875001 0.54859671875 0.6837885078125 0.5364384171875 0.6898853218750001 0.5182009671875 0.688143375 0.499095065625 0.6811755875000001 0.46783086406249996 0.6720303671875001 0.34972165781250003
5 0.7425792125 0.49475281562499995 0.747369565625 0.47217311406249995 0.7469340796874999 0.4530672125 0.7399662921875 0.4339613125 0.7334339921875 0.4191976609375 0.722546825 0.33756335625 0.7094822234375 0.32366815625 0.688143375 0.3488532078125 0.688143375 0.4356982125 0.686401428125 0.4617517140625 0.6837885078125 0.4765153640625 0.6803046140625 0.49388436562500004 0.68465948125 0.510384915625 0.69162726875 0.5208063171874999 0.6985950562500001 0.5225432171875 0.7055628421875 0.5225432171875 0.7142725765625 0.505174215625 0.7212403640625 0.5138587171875 0.7290791249999999 0.5147271671875 0.7425792125 0.49475281562499995
5 0.8004989437500001 0.4461196125 0.7996279703125 0.41832921093750003 0.7878698296875 0.396617959375 0.7787246078125001 0.381854309375 0.7726277953125 0.3488532078125 0.7665309812500001 0.3097729546875 0.7586922203124999 0.3010884546875 0.744756646875 0.31672055625 0.733492321875 0.34551425468749997 0.7369178859375001 0.390538809375 0.7421437265625 0.43656666250000004 0.7386598328125 0.45914636406250003 0.7412727515624999 0.4765153640625 0.743885671875 0.485199865625 0.750853459375 0.49475281562499995 0.7599986796875 0.501700415625 0.76609549375 0.4878052140625 0.7778536359375 0.4878052140625 0.78656336875 0.46001481406250005 0.7965795640625 0.46001481406250005 0.8004989437500001 0.4461196125
4 0.799192484375 0.6737704078125 0.8148700046874999 0.685928709375 0.822708765625 0.6685597078125001 0.816176465625 0.65466450625 0.799192484375 0.62340030625 0.7839504484375001 0.583451603125 0.77959558125 0.5626088015625 0.7752407156250001 0.5348184 0.7674019546874999 0.5191863 0.7569502734375 0.5157124984375 0.747369565625 0.5191863 0.73953080625 0.5261339 0.7299500984375 0.5426344515625 0.7177564703125 0.54437135 0.7130210515625001 0.5610240656250001 0.7086112499999999 0.5730302015625 0.7112241703125 0.5947414546875 0.7290791249999999 0.6129789046874999 0.7369178859375001 0.63295325625 0.7491115125000001 0.6564014078125 0.7630470875 0.6685597078125001 0.7826439890625 0.6833233578125 0.8044183234375 0.684191809375 0.7874343421875001 0.6668228078125 0.768272928125 0.63208480625 0.799192484375 0.6737704078125
4 0.7125306296875 0.7406410609375 0.7064338171875 0.7232720609375 0.70207895 0.7041661609375 0.700337003125 0.679849559375 0.7073047906250001 0.685928709375 0.71862744375 0.707639959375 0.7312565578125 0.7328250109375001 0.7451921328125 0.7545362625 0.7504179734374999 0.7449833124999999 0.7486760265625 0.7232720609375 0.737353371875 0.692876309375 0.7208048781249999 0.64076930625 0.716885496875 0.6121104546875 0.7177564703125 0.5817147031250001 0.7116596562499999 0.5582665515625 0.703820896875 0.5469767015625 0.696853109375 0.5547927515625 0.6872724015625 0.5539243015624999 0.6824820484375 0.5678195015624999 0.6772562078125001 0.569556403125 0.6689819609375001 0.574767103125 0.6555272671875 0.581879853125 0.6485140859375 0.5947414546875 0.65069151875 0.6129789046874999 0.65765930625 0.6303479046875 0.6672400125 0.6520591578125 0.676385234375 0.681586459375 0.6811755875000001 0.705034609375 0.6877078890625 0.7345619109375 0.6985950562500001 0.7597469625 0.710353196875 0.7771159640625 0.7194984171875001 0.7762475140625 0.7199339046875 0.7614838625 0.7125306296875 0.7406410609375
6 0.6550463859375 0.6260056546875 0.6524334656249999 0.601689053125 0.6480785984375 0.5947414546875 0.6380624046875 0.5956099046875 0.6271752375 0.5947414546875 0.61672355625 0.5999521546875 0.6093202828125001 0.6068997546875 0.6071428484375 0.6216634046875 0.60975576875 0.63642705625 0.6162880687500001 0.64684845625 0.6245623171875 0.6590067562499999 0.6363204578125 0.7032977093749999 0.6724658531250001 0.817064665625 0.679433640625 0.810117065625 0.6811755875000001 0.7901427156249999 0.659401253125 0.6668228078125 0.6550463859375 0.64076930625 0.6550463859375 0.6260056546875
6 0.6302236437500001 0.7901427156249999 0.6249978031250001 0.7519309125 0.6193364765625 0.7137191109375001 0.6175945296875 0.6772442078124999 0.618465503125 0.65119070625 0.6189009890625 0.6216634046875 0.6110622296875 0.6095051046875 0.60278798125 0.6068997546875 0.594949221875 0.6129789046874999 0.587545946875 0.6121104546875 0.588015628125 0.6140325265625 0.5853685140625 0.62426875625 0.5831910796875001 0.6277425562500001 0.5766587796875 0.63121635625 0.5766587796875 0.64424310625 0.5862394875 0.6702966078125 0.5871104609375 0.6720335078125 0.5932072749999999 0.706771509375 0.6006105484375001 0.7415095109375 0.6093202828125001 0.7753790640625 0.61672355625 0.7944849656249999 0.6263042640625 0.8049063656250001 0.6302236437500001 0.7901427156249999
0 0.5666333359375 0.605161771875 0.56227846875 0.605161771875 0.5566171421874999 0.610372471875 0.5431530546875 0.6183774828125 0.540504134375 0.6346890734375 0.545729975 0.656400325 0.5531332484375 0.6876645265625 0.5762140437500001 0.77972023125 0.591891565625 0.812721334375 0.6006012984375 0.823142734375 0.5971174046875001 0.77885178125 0.593198025 0.7423768796875 0.5818753703125 0.664216375 0.5805689109375 0.645978925 0.5766495296875 0.623399221875 0.5666333359375 0.605161771875
9 0.4050677703125 0.47228891562499997 0.4028903375 0.361127309375 0.3980999828125 0.34288985781250003 0.39201409531250003 0.335955353125 0.3828579484375 0.3411529578125 0.3793740546875 0.378496309375 0.3750191890625 0.4471038640625 0.377632109375 0.473157365625 0.37284175468749997 0.5070269171875 0.373277240625 0.53655421875 0.380680515625 0.55131786875 0.40071290312499996 0.5573970203124999 0.40724520468750003 0.55218631875 0.40942263749999996 0.5226590171875001 0.411164584375 0.498342415625 0.4050677703125 0.47228891562499997
15 0.37850308125 0.487052565625 0.37240626875 0.45665681406249997 0.363696534375 0.4279979625 0.3693578609375 0.377627859375 0.3676159140625 0.3454952078125 0.3593471734375 0.3342173703125 0.3484545 0.3541797078125 0.3493254734375 0.4002075609375 0.3423576859375 0.4306033125 0.339744765625 0.48618411562499997 0.3353898984375 0.5096322671875 0.336260871875 0.5287381671875 0.3427931734375 0.54697561875 0.3528093671875 0.54697561875 0.3693578609375 0.5304750687500001 0.373712728125 0.5243959171875 0.38111600156250003 0.5078953671875001 0.37850308125 0.487052565625
15 0.300524225 0.4818126453125 0.2983467921875 0.5052607953125 0.3000887390625 0.522629796875 0.31445979999999996 0.538261896875 0.333185728125 0.527840496875 0.336669621875 0.5043923453125 0.33536316093749996 0.47747039375 0.3340567015625 0.34112373749999997 0.326653428125 0.32983388593749996 0.319250153125 0.3385183875 0.300524225 0.4818126453125
13 0.26699174999999997 0.37499328906249996 0.25000776875 0.4357847921875 0.2434754671875 0.47399659375000003 0.25654006875 0.5026554453125 0.27265307656250004 0.49831319531249996 0.2848467046875 0.521761346875 0.295733871875 0.511339946875 0.30139519843749996 0.48094419374999997 0.2983467921875 0.4357847921875 0.2913790046875 0.3263600859375 0.27962086406250003 0.3194124859375 0.26699174999999997 0.37499328906249996
13 0.23564842812500003 0.3029336875 0.22300759375 0.3402552875 0.2221366203125 0.3663087875 0.205588125 0.40017833906250005 0.19774936406250002 0.4210211421875 0.20079777187499998 0.44620619218749996 0.2147333453125 0.46704899375000003 0.23128184062499998 0.48094419374999997 0.2452174140625 0.47312814375 0.24913679531250002 0.44186394218749997 0.24913679531250002 0.3220178359375 0.24478192812500002 0.294227434375 0.23564842812500003 0.3029336875
12 0.2765724578125 0.5573677984375001 0.26699174999999997 0.538261896875 0.2556690953125 0.527840496875 0.24303998125 0.513076846875 0.23084635312500001 0.515682196875 0.2221366203125 0.5347880968750001 0.21821723906249998 0.5747367999999999 0.2112494515625 0.6025272015625001 0.18904361875 0.66095805 0.192523525 0.6693978546875 0.22692697343749998 0.6198962015625 0.2330237875 0.6242384515625 0.221265646875 0.6502919546875 0.20515263749999998 0.6659240546875 0.20210423125000002 0.68502995625 0.23955608750000001 0.6659240546875 0.2578465296875 0.6129486015625 0.271782103125 0.5973165015624999 0.27962086406250003 0.5677891984375 0.2765724578125 0.5573677984375001
12 0.264814315625 0.758848209375 0.26394334218750004 0.7744803109375 0.27352405 0.7744803109375 0.30139519843749996 0.7128203578125001 0.31794369375 0.6546342046875 0.33536316093749996 0.616422403125 0.3388470546875 0.5921058015625 0.31794369375 0.58255285 0.3136134828125 0.5801418703125 0.3009597125 0.5608415984375 0.2857621609375 0.5523336703124999 0.28136281093750004 0.5564993484375 0.2743950234375 0.6042641015625 0.27265307656250004 0.631186053125 0.23607219375000002 0.7275840078125 0.24260449374999998 0.740610759375 0.25828201562499997 0.7171626078125 0.2809273234375 0.6824246046875 0.2878951109375 0.6893722062500001 0.27700794375000004 0.7223733078125 0.264814315625 0.758848209375
14 0.368058353125 0.6018666500000001 0.3445083828125 0.59471115 0.3340567015625 0.6103432515625 0.33797608125 0.626843803125 0.330137321875 0.6754770046874999 0.31445979999999996 0.738005409375 0.29878227968750004 0.7970600109375 0.3166372328125 0.7970600109375 0.3562665234375 0.67808235625 0.36541174375 0.6511604046875 0.3728150171875 0.640739003125 0.380653778125 0.621633103125 0.368058353125 0.6018666500000001
14 0.3963696859375 0.609687571875 0.377169884375 0.6155539515624999 0.37194404531249997 0.6390021031249999 0.37194404531249997 0.68589840625 0.3645407703125 0.7354000578125001 0.34581484218749997 0.7883755125 0.3562665234375 0.7935862124999999 0.3832666984375 0.748426809375 0.39110545937499996 0.7076096578125 0.3985087328125 0.6615818046874999 0.4089604140625 0.653765753125 0.4098313875 0.639870553125 0.3963696859375 0.609687571875
8 0.4032990859375 0.67374010625 0.3815247515625 0.8040076125000001 0.40591200625 0.7976991609375 0.4302992625 0.7013012062499999 0.44031545625 0.6622209546875 0.44467032343749996 0.642246603125 0.436441109375 0.6244604203125 0.418541121875 0.616422403125 0.40591200625 0.642475903125 0.4032990859375 0.67374010625
10 0.4407509421875 0.6839322046875 0.44597678281249997 0.8072521109374999 0.45033165000000003 0.7985676109375001 0.4633962515625 0.7186702078125 0.4633962515625 0.6735108046875 0.470799525 0.6352990015625 0.4668801453125 0.6075086 0.438573509375 0.6092455015625 0.43813802187500006 0.644851953125 0.4407509421875 0.6839322046875
10 0.4703640390625 0.7013012062499999 0.47384793125 0.772514109375 0.48081571875 0.7864093109375 0.4869125328125 0.749065959375 0.48778350625 0.6769846046875 0.49170288749999996 0.642246603125 0.49088597968750003 0.6180020796875 0.46470271093750004 0.6196669015625 0.4681866046875 0.6561418031249999 0.4703640390625 0.7013012062499999
2 0.5008481078125 0.7777248109375 0.5078158953125 0.7803301609375 0.51478368125 0.70303810625 0.5130417359375 0.664826303125 0.5191973125 0.6101811578125 0.49213837343750005 0.6092455015625 0.49213837343750005 0.6405097015625 0.49475129375 0.7186702078125 0.5008481078125 0.7777248109375
2 0.5361225296875001 0.6248776015625 0.5326386375000001 0.6170615500000001 0.5200095218749999 0.6179300015625 0.5191385484375 0.6665632046875001 0.5195740359375 0.6874060046875 0.5226224421875 0.7768563609375 0.5308966890625 0.774251009375 0.53873545 0.7117226062500001 0.5443967765625 0.6700370046875 0.5487516453125 0.650062653125 0.548815321875 0.6353819015625 0.5361225296875001 0.6248776015625