11 0.4916064390625 0.4140714375 0.4944906234375 0.3165798625 0.45938360468750006 0.3143076 0.45285194375 0.38978111875 0.449803815625 0.4773997796875 0.45764182187499997 0.5190403640625 0.47593045937499995 0.5181728328124999 0.49117100156250004 0.4817373375 0.4916064390625 0.4140714375
11 0.45198103593749994 0.3915161484375 0.45420535937500006 0.31549479375 0.41322650781250003 0.30910254375 0.40800119375 0.42968664062500006 0.40234040625 0.5190403640625 0.41453285468749995 0.5520058 0.44283671875 0.5311855078125001 0.44849750468750005 0.471327225 0.45198103593749994 0.3915161484375
9 0.4066948484375 0.42708411249999995 0.40684295625000005 0.3361111125 0.4019049703125 0.31170507187499996 0.37360110625 0.31777764375 0.37403654375 0.35508065312500003 0.37752010937499997 0.4626521078125 0.387099865625 0.50169013125 0.4001631875 0.50255763125 0.4066948484375 0.42708411249999995
13 0.30915540468749997 0.486942428125 0.31742881562499997 0.4479044046875 0.306978184375 0.3949861765625 0.307762984375 0.3491319453125 0.306978184375 0.3351278765625 0.2573375390625 0.35594816875 0.26648187343749996 0.411468909375 0.25167676875 0.45831455156249995 0.267352765625 0.486942428125 0.29260851718750003 0.499955103125 0.30915540468749997 0.486942428125
3 0.532973625 0.5103652484375 0.5338445328125 0.4661221359375 0.5290546546875 0.4288191421875 0.5336870953124999 0.332855903125 0.5342799703125001 0.30997004375000003 0.492477346875 0.31170507187499996 0.4903001265625 0.3845760625 0.4907355640625 0.4600495484375 0.48986468906249997 0.5233779234375 0.5146849875 0.5294505109375 0.532973625 0.5103652484375
3 0.5595357062499999 0.38370853125000004 0.5625400546875 0.312239584375 0.536892628125 0.30910254375 0.5342799703125001 0.3828410328125 0.532973625 0.45831455156249995 0.54037619375 0.4990875703125 0.5556167359375 0.505160159375 0.5617129265624999 0.4531094609375 0.5595357062499999 0.38370853125000004
1 0.5974193921875 0.38978111875 0.5968369671875 0.2970486125 0.5682445875 0.292619809375 0.5669383078125 0.40886638125 0.561277521875 0.493015015625 0.5704218078125 0.5164378359375 0.5982902671875 0.5311855078125001 0.6026447078125 0.4652546375 0.5974193921875 0.38978111875
7 0.633561196875 0.48347236875000005 0.632690321875 0.3906486171875 0.6305894859375 0.31766493125 0.6061282734375 0.30736751406249996 0.6022092375 0.3698283578125 0.5969839218749999 0.45484449062500004 0.5808725046875 0.45137443125 0.5860978203125 0.5077626875 0.6244169109375 0.5346555671875 0.633561196875 0.48347236875000005
7 0.6814600421875 0.5207753953125 0.6801537640624999 0.4036612921875 0.6872066109375 0.3013888890625 0.633561196875 0.2917523109375 0.6309485718750001 0.3637557703125 0.6322549171875 0.4453018765625 0.623110565625 0.5415957203125 0.6353030125 0.5450657140625 0.660994184375 0.5589459515625 0.6814600421875 0.5207753953125
5 0.7502602171875 0.45224196250000004 0.7380677703125 0.422746553125 0.722391825 0.378503475 0.733480225 0.331770834375 0.6875563 0.30389747031250003 0.6845082046875001 0.3481405515625 0.6784119468750001 0.43228920156250006 0.6801537640624999 0.49475001250000006 0.691039865625 0.5155703703125 0.722391825 0.4826048703125 0.7502602171875 0.45224196250000004
10 0.4698342359375 0.5589459515625 0.476365896875 0.6448295500000001 0.48768746875 0.72030306875 0.5177330828125 0.700350275 0.5037988859375 0.622274228125 0.4977569953125 0.5531250015625 0.4698342359375 0.5589459515625
10 0.4397886234375 0.60839405625 0.45372281875000003 0.666517309375 0.45981904218749997 0.73071318125 0.48768746875 0.7211705671875001 0.47288236406250006 0.5971164109375 0.4680924875 0.5389931265625 0.4384178921875 0.5618055562500001 0.4397886234375 0.60839405625
8 0.40629856093749994 0.557465278125 0.4049530984375 0.6040564984375 0.4162746359375 0.6830000421875 0.420629078125 0.7376533015625 0.45720638593749996 0.735050740625 0.4559000390625 0.666517309375 0.44240128125 0.6144666437499999 0.43717593125 0.5554758265624999 0.40629856093749994 0.557465278125
14 0.26475574375 0.6475260421875 0.2930439546875 0.616201640625 0.31742881562499997 0.622274228125 0.32787947968750003 0.5676210687500001 0.3108971546875 0.5363905984375 0.273884409375 0.499955103125 0.2612565421875 0.5225103921875001 0.2346944609375 0.55721085625 0.26475574375 0.6475260421875
2 0.531231875 0.650034640625 0.5247002140625 0.591911321875 0.5227991859375 0.5411892375 0.49421912968750004 0.5389931265625 0.5007507906249999 0.589308859375 0.5051052312500001 0.630081846875 0.5146849875 0.6890726640625 0.5247002140625 0.72030306875 0.5351508453125 0.7177005078125 0.531231875 0.650034640625
2 0.55692308125 0.6760599890625001 0.552568640625 0.6240093250000001 0.548385771875 0.546614584375 0.52252299375 0.546800709375 0.5251356515625 0.617069171875 0.531231875 0.6630473140625 0.5351508453125 0.7159655109374999 0.5425534140625 0.735050740625 0.5556167359375 0.722038065625 0.55692308125 0.6760599890625001
0 0.5852269453125001 0.73331574375 0.583049725 0.6647823109375001 0.5852269453125001 0.5988514078125 0.579960709375 0.5401041671875 0.554310390625 0.5363905984375 0.5477787296875001 0.5719586265625 0.5564876109375 0.6144666437499999 0.5591003015625 0.6795299828125 0.5599711765625 0.73331574375 0.57434084375 0.750665975 0.5852269453125001 0.73331574375
4 0.73022983125 0.48867745781250005 0.6984424015624999 0.5181728328124999 0.679282821875 0.546800709375 0.69234614375 0.5849713015625 0.7167310375 0.6014539703125 0.762888134375 0.5164378359375 0.7568892296875 0.518402778125 0.73022983125 0.48867745781250005