11 0.5042810078125 0.5444462671875 0.49700285468749994 0.46860093125 0.4955327484375 0.4074776796875 0.4986824421875 0.3626405828125 0.456133303125 0.36487133437499997 0.4606121734375 0.44294738125000005 0.4555734546875 0.49760063125 0.4555734546875 0.5567153421875 0.4734888921875 0.5555999453125 0.5042810078125 0.5444462671875
11 0.45725304062500005 0.5321772328125001 0.44941504062500004 0.47863929687500006 0.444376321875 0.42510144375000003 0.43323835468749994 0.35446428750000003 0.4057462046875 0.34591000156249996 0.4130243578125 0.40502471250000005 0.4214222078125 0.46971632812499997 0.41806307656249997 0.503177490625 0.42310179375 0.5411001171875001 0.4426967765625 0.5522538375 0.45725304062500005 0.5321772328125001
9 0.417503228125 0.47417779062500004 0.4130243578125 0.42398604687499997 0.3996413796875 0.35027901875 0.3682358265625 0.348140753125 0.3771935234375 0.4083708625 0.3822322421875 0.48087004999999994 0.38167239375 0.545561621875 0.401827225 0.5567153421875 0.4203025109375 0.5176773203125 0.417503228125 0.47417779062500004
15 0.3682358265625 0.34591000156249996 0.3457462296875 0.353069196875 0.34528171093750004 0.42733215468749997 0.35311971249999996 0.49425448125000004 0.34864084375000004 0.548907815625 0.3654365421875 0.5533692359375 0.3811125453125 0.5388694078125 0.3872709609375 0.5065235984375 0.376633675 0.4228706921875 0.3682358265625 0.34591000156249996
15 0.34084667031250004 0.35167410781249997 0.31840857499999997 0.34367924843750003 0.3195283140625 0.46079331718749994 0.3172888796875 0.5344079015625 0.3363240140625 0.5511384828125 0.35367956093749997 0.52325418125 0.3464014078125 0.46079331718749994 0.34084667031250004 0.35167410781249997
13 0.31784872656249996 0.5154465671875 0.30721144218749996 0.4462934890625 0.3009502609375 0.36702009062499996 0.268581325 0.35817911874999997 0.26914121562500004 0.4340244125 0.2618630625 0.5165619234375 0.272500346875 0.545561621875 0.289296046875 0.546676978125 0.3088910296875 0.5422155140625 0.31784872656249996 0.5154465671875
13 0.267461628125 0.49425448125000004 0.25570464843749996 0.44071662968750003 0.251254734375 0.353069196875 0.21595483437500002 0.3325255265625 0.21875411718749999 0.4206399390625 0.21035626875000002 0.48421615781250005 0.21651468281250003 0.5221388250000001 0.2349899265625 0.5399847624999999 0.260743365625 0.528831040625 0.267461628125 0.49425448125000004
13 0.2148350953125 0.296833675 0.1728617890625 0.29168526875 0.176205 0.3604098296875 0.161088865625 0.40167860624999996 0.17060643281250001 0.43513976875000004 0.185162696875 0.428447553125 0.2013985484375 0.449639596875 0.21707453124999998 0.43179365937499997 0.2176343796875 0.3604098296875 0.2148350953125 0.296833675
3 0.5205168171875 0.499831340625 0.523875990625 0.56452295625 0.5686644796875 0.5622922046875 0.575382828125 0.528831040625 0.5636258046875 0.461908715625 0.5608265203125 0.3726789484375 0.5179307328125 0.38097098281249997 0.5205168171875 0.499831340625
3 0.573703240625 0.45187035 0.573703240625 0.5098697078125001 0.5815412 0.547792375 0.6072946406249999 0.548907815625 0.6061749437499999 0.4775239 0.5955376171875 0.3782558078125 0.5676262609375 0.37399553750000003 0.573703240625 0.45187035
1 0.6425656265625 0.4719470390625 0.6509187640625 0.36143973281249997 0.6218508609375 0.34479464531250004 0.6011361828124999 0.48310075937499997 0.6089742265625 0.5399847624999999 0.6240903390625 0.5422155140625 0.6336078859375001 0.5589460953125001 0.6487239984375 0.5355232562500001 0.6425656265625 0.4719470390625
7 0.693614921875 0.353069196875 0.6660795875 0.34479464531250004 0.65320286875 0.4585626078125 0.645364909375 0.519908071875 0.65824154375 0.547792375 0.6811957015625 0.5377540953125 0.6817555921875 0.42398604687499997 0.693614921875 0.353069196875
7 0.7315827984375 0.44071662968750003 0.735611140625 0.37957589375 0.698551290625 0.355948365625 0.692392834375 0.43513976875000004 0.6789563078125 0.5065235984375 0.6862343765625 0.5422155140625 0.7147871 0.548907815625 0.7332623859375 0.529946396875 0.7315827984375 0.44071662968750003
5 0.775811440625 0.4630240703125 0.78460673125 0.35446428750000003 0.7466989109375 0.3492561078125 0.7399806484375 0.436255165625 0.7315827984375 0.5076389546875 0.7411003453125 0.5422155140625 0.775251634375 0.5355232562500001 0.785329071875 0.50206209375 0.775811440625 0.4630240703125
5 0.8329023859375001 0.30563616250000003 0.78141000625 0.300179740625 0.78141000625 0.3782558078125 0.7786107234374999 0.44852424218750003 0.8004451843749999 0.46079331718749994 0.8345963890625001 0.4262168 0.8250788421875 0.3615252265625 0.8329023859375001 0.30563616250000003
10 0.4955327484375 0.5637276796874999 0.4673304359375 0.570099815625 0.46173186875 0.5935227000000001 0.46901002187499996 0.6626756921875 0.47292900156249995 0.748559309375 0.4998021375 0.738521028125 0.49420357187499997 0.630329884375 0.4955327484375 0.5637276796874999
10 0.43149964374999994 0.575676678125 0.4421368859375 0.6715987453125 0.4438164734375 0.7764436109374999 0.4779677203125 0.7675206859375 0.4684501734375 0.663791046875 0.4654354578125 0.5693080375 0.43149964374999994 0.575676678125
8 0.4079856390625 0.65709883125 0.4012673765625 0.761943825 0.41806307656249997 0.8009818484375 0.43149964374999994 0.7675206859375 0.4426967765625 0.660445025 0.4331791890625 0.5845996453125 0.410140434375 0.587444196875 0.4079856390625 0.65709883125
14 0.4073406859375 0.591629465625 0.3811125453125 0.5890611078125 0.3715949578125 0.6370221421875 0.3704752609375 0.7295980171875 0.3738343921875 0.8065587093750001 0.39734835468749996 0.7965203421875 0.4029469203125 0.67494476875 0.4073406859375 0.591629465625
14 0.346446165625 0.5860491078125001 0.34024299375 0.6526373265625 0.33464442656250004 0.7675206859375 0.3368838625 0.8244046453125 0.3682358265625 0.79986649375 0.371035109375 0.6715987453125 0.38391182968750004 0.6147147000000001 0.3704752609375 0.59017650625 0.346446165625 0.5860491078125001
12 0.268581325 0.786481978125 0.3200881625 0.782020471875 0.33744371093750003 0.663791046875 0.34808099531250003 0.5845996453125 0.2887361984375 0.579022784375 0.28205196250000003 0.63348214375 0.268581325 0.786481978125
12 0.22435268437500003 0.6381375828125 0.21875411718749999 0.74298245 0.25570464843749996 0.7530208140625 0.276979175 0.659329584375 0.2870566109375 0.5634075593750001 0.22745687499999998 0.5539620546874999 0.22435268437500003 0.6381375828125
12 0.164447996875 0.6247530234374999 0.152563615625 0.6474330375 0.1890816984375 0.7229058015625001 0.2209935109375 0.6459451109375001 0.231070946875 0.57121525625 0.222673096875 0.5600615359375001 0.19635983125 0.5377540953125 0.16724728125 0.547792375 0.164447996875 0.6247530234374999
2 0.4992422890625 0.7128674359375 0.5003619859375 0.77532825625 0.52835481875 0.7675206859375 0.5261153828125 0.6626756921875 0.523875990625 0.575676678125 0.49532326718749997 0.580138140625 0.49763255937500006 0.591629465625 0.4992422890625 0.7128674359375
2 0.5535483671875 0.666021884375 0.5585270796875 0.59441964375 0.5585870859375001 0.5890611078125 0.5244358390625 0.5734459249999999 0.527235121875 0.6671371546875 0.5294745578125 0.7597130296875 0.5361928203125 0.788712771875 0.5608265203125 0.771982190625 0.5535483671875 0.666021884375
0 0.5910587453125 0.8288661515625 0.5927383328125 0.7675206859375 0.5932982234375 0.6559834343750001 0.59142411875 0.5860491078125001 0.5709039578125 0.5656383968750001 0.5529885203125 0.59798411875 0.5569074984375 0.6671371546875 0.5619462171875 0.7407517390625 0.5641856953125 0.809904775 0.5781821109374999 0.8433659375 0.5910587453125 0.8288661515625
6 0.5955376171875 0.6805216281249999 0.5960975078125 0.79986649375 0.6162522953125 0.8143662796875001 0.6240903390625 0.7374055875 0.62800931875 0.6548681640625 0.6246501453125 0.580138140625 0.5928239921875 0.591629465625 0.5955376171875 0.6805216281249999
6 0.668878871875 0.7585976750000001 0.6649598921875 0.6782908765625 0.6586180703125 0.5804687515625 0.629129015625 0.5834842484375 0.6201713609375 0.6225222718750001 0.6319282984375 0.6615602953125 0.6403261484375 0.73294416875 0.652083171875 0.7965203421875 0.667199284375 0.8121355687499999 0.668878871875 0.7585976750000001
4 0.71531296875 0.5637276796874999 0.6543225640625 0.5734459249999999 0.6638401109375 0.6336759921875 0.6711182640625 0.7284826625 0.6979914 0.7942896328125 0.727103928125 0.7630591812499999 0.719825775 0.6191761625 0.71531296875 0.5637276796874999
4 0.7573362390625 0.7496747484374999 0.805483859375 0.703944425 0.7774910265625 0.6626756921875 0.767413590625 0.5589460953125001 0.7160129046875 0.5665178578125001 0.72094555625 0.6526373265625 0.7573362390625 0.7496747484374999
4 0.77637133125 0.6626756921875 0.8301176031249999 0.7240211578125 0.8485928046875 0.6481758640625 0.82030351875 0.5609375015625 0.79820570625 0.56117680625 0.77637133125 0.6626756921875