11 0.46117202031250004 0.4039093578125 0.46117202031250004 0.5054082015625 0.4589325859375 0.6314452828125 0.4986824421875 0.6247530234374999 0.49700285468749994 0.5165619234375 0.49763255937500006 0.41584821562499996 0.46117202031250004 0.4039093578125
11 0.46341145624999996 0.4083708625 0.44303747343750005 0.40189732187500005 0.4354186234375 0.47417779062500004 0.4342989265625 0.5277156859375001 0.4197426203125 0.5622922046875 0.42926020937500003 0.6080224421875 0.4544537578125 0.6225222718750001 0.4628516078125 0.5399847624999999 0.4628516078125 0.46971632812499997 0.46341145624999996 0.4083708625
9 0.42870036093749997 0.461908715625 0.4304386078125 0.4005022328125 0.4029469203125 0.386063421875 0.40014763750000004 0.503177490625 0.391189940625 0.5845996453125 0.4119046609375 0.61136855 0.4281404703125 0.6013302265625 0.4342989265625 0.5355232562500001 0.42870036093749997 0.461908715625
15 0.37934320625 0.38934151875 0.3771935234375 0.49648523281249995 0.362637259375 0.5321772328125001 0.36991541250000004 0.5834842484375 0.38839065625 0.5890611078125 0.40854548749999997 0.547792375 0.4119046609375 0.48421615781250005 0.4096652265625 0.386063421875 0.37934320625 0.38934151875
15 0.3447218640625 0.46971632812499997 0.332964840625 0.5332925453125 0.3464014078125 0.56898441875 0.364316846875 0.5589460953125001 0.3855913734375 0.48421615781250005 0.38895050468750003 0.386063421875 0.347146103125 0.382366071875 0.3447218640625 0.46971632812499997
15 0.3200881625 0.352602259375 0.31844868593750003 0.38097098281249997 0.3066515953125 0.4630240703125 0.2870566109375 0.4987159859375 0.301053028125 0.5388694078125 0.325686728125 0.5522538375 0.349200690625 0.529946396875 0.351999975 0.45633185468750004 0.360397825 0.37156354999999996 0.3200881625 0.352602259375
13 0.2730601953125 0.40167860624999996 0.25010608125 0.44740888593749994 0.2618630625 0.4853315125 0.2797784578125 0.5221388250000001 0.3032924625 0.4920237703125 0.31840857499999997 0.3492561078125 0.2792522140625 0.34190848281249997 0.2730601953125 0.40167860624999996
3 0.5011322453125 0.42840401874999995 0.501481725 0.519908071875 0.4998021375 0.6225222718750001 0.527235121875 0.625868421875 0.5462702562499999 0.6102532796875 0.5378724078125 0.5254849328125 0.5333935375000001 0.41952458437500006 0.49644300625 0.42398604687499997 0.5011322453125 0.42840401874999995
3 0.566984978125 0.48756226406250003 0.55502739375 0.4172433046875 0.532273840625 0.4206399390625 0.542351234375 0.5154465671875 0.5378724078125 0.5567153421875 0.5429110828125 0.6080224421875 0.5597067828125 0.6102532796875 0.5776222203125 0.5890611078125 0.566984978125 0.48756226406250003
1 0.6100939234375 0.5511384828125 0.5955376171875 0.48867762031249995 0.5893243078125 0.40189732187500005 0.588819353125 0.402794003125 0.5585870859375001 0.41060157343750003 0.567544784375 0.47640854375 0.5725835453125 0.5433309546875 0.5809813953125 0.5968687218750001 0.6028157703125 0.5879458390625001 0.6100939234375 0.5511384828125
7 0.6336078859375001 0.5109850609375 0.6179318828125 0.445178134375 0.6152219765625 0.3851562515625 0.5865799609375 0.3894095296875 0.5927383328125 0.44740888593749994 0.6011361828124999 0.5054082015625 0.60673475 0.56452295625 0.6257699265625 0.56117680625 0.6476043015624999 0.5388694078125 0.6336078859375001 0.5109850609375
7 0.6711182640625 0.44294738125000005 0.6712169375 0.3656250015625 0.6156924890625 0.3804865609375 0.6173720765625 0.40614011093749997 0.6263297328124999 0.47863929687500006 0.644245128125 0.5366386546874999 0.665519696875 0.5355232562500001 0.6767168296875 0.5076389546875 0.6711182640625 0.44294738125000005
5 0.7147871 0.4853315125 0.723744840625 0.45075499375000005 0.7108681203125 0.4039093578125 0.701314228125 0.31261160781249997 0.6716781546874999 0.3224871828125 0.6744774375 0.35817911874999997 0.6711182640625 0.4418320265625 0.6750372437500001 0.49760063125 0.6912731375 0.5065235984375 0.698551290625 0.48867762031249995 0.7147871 0.4853315125
5 0.6996709875 0.3113334625 0.7119878171875 0.4150630796875 0.7299032125 0.454101103125 0.7595756312499999 0.40948621875 0.738860953125 0.373794303125 0.729311709375 0.30284598281249997 0.6996709875 0.3113334625
5 0.738860953125 0.3704481953125 0.7584559343749999 0.3949863890625 0.775251634375 0.3671020875 0.7566092515625 0.27633928750000003 0.72766381875 0.3024105359375 0.738860953125 0.3704481953125
10 0.4936437234375 0.7251365125 0.4936437234375 0.6961368546875 0.494132875 0.64324776875 0.4779677203125 0.6403682500000001 0.465650890625 0.64371444375 0.4662107390625 0.67717560625 0.4662107390625 0.7295980171875 0.4678903265625 0.785366621875 0.49532326718749997 0.782020471875 0.4936437234375 0.7251365125
10 0.43149964374999994 0.7831359124999999 0.4555734546875 0.7831359124999999 0.46341145624999996 0.705059865625 0.4645311515625 0.642599003125 0.436038103125 0.636272321875 0.4354186234375 0.69055999375 0.43149964374999994 0.7831359124999999
8 0.4080406234375 0.6348772328125001 0.4012673765625 0.7061752203125 0.39678850625 0.7786744078125001 0.4057462046875 0.835558365625 0.4203025109375 0.8054433546875 0.4303799046875 0.7262518671875 0.4387777546875 0.6559834343750001 0.4337390359375 0.625868421875 0.4080406234375 0.6348772328125001
14 0.400707528125 0.6927907046875 0.4059408125 0.630691965625 0.400707528125 0.6359067453125 0.3822322421875 0.618060809375 0.3682358265625 0.6504065734375 0.37327454375 0.7496747484374999 0.377753371875 0.8143662796875001 0.39678850625 0.7742129015625 0.400707528125 0.6927907046875
14 0.38167239375 0.6102532796875 0.3450462921875 0.60418526875 0.33352473125 0.6504065734375 0.3290458609375 0.7028290703125 0.3172888796875 0.771982190625 0.3195283140625 0.8054433546875 0.3380035578125 0.789828128125 0.354239409375 0.7240211578125 0.36991541250000004 0.6537527234375 0.38167239375 0.6102532796875
12 0.2982537453125 0.7440978890625 0.34248242812499996 0.6225222718750001 0.34304227656249997 0.59017650625 0.2898558953125 0.579022784375 0.28201789375 0.6403682500000001 0.267353284375 0.6976562515625 0.2982537453125 0.7440978890625
12 0.21905763125000002 0.567912946875 0.2366695125 0.6359067453125 0.2825777421875 0.6080224421875 0.29937344062500004 0.5656383968750001 0.2836974796875 0.529946396875 0.2613032140625 0.5109850609375 0.2484264953125 0.5344079015625 0.21905763125000002 0.567912946875
2 0.492523984375 0.6403682500000001 0.49308387500000006 0.703944425 0.49812255156249996 0.785366621875 0.5221964046875 0.789828128125 0.52163655625 0.7530208140625 0.5193306062499999 0.650223215625 0.492523984375 0.6403682500000001
2 0.548028025 0.6251116078125001 0.517717534375 0.6347913890625 0.5261153828125 0.7095212859375 0.5345132328125 0.7708667515625 0.5574673890625 0.79986649375 0.5692243718750001 0.7797897625 0.5496293890625 0.6872138875 0.548028025 0.6251116078125001
2 0.5788252515625001 0.6195312515625 0.545710365625 0.6325607234375 0.5574673890625 0.703944425 0.576502525 0.7976356984375 0.5910587453125 0.8255200015625 0.600576378125 0.7842512671875 0.5871397671875 0.697252209375 0.5788252515625001 0.6195312515625
0 0.587224496875 0.62371651875 0.5983369 0.688329284375 0.6072946406249999 0.786481978125 0.6235304484374999 0.8065587093750001 0.6218508609375 0.7407517390625 0.6240903390625 0.676060165625 0.6235304484374999 0.6370221421875 0.6117735109375 0.59798411875 0.587224496875 0.62371651875
6 0.660481021875 0.6559834343750001 0.6523186375 0.5888392875 0.630808603125 0.5812535375000001 0.6168121859375 0.6080224421875 0.6420057359375 0.701713715625 0.6548824546875001 0.7597130296875 0.673917546875 0.7831359124999999 0.676157025 0.755251609375 0.660481021875 0.6559834343750001
4 0.706949140625 0.5734459249999999 0.6957147328125 0.53582589375 0.6548824546875001 0.5879458390625001 0.65992113125 0.625868421875 0.711427925 0.676060165625 0.7411003453125 0.6794062734375 0.7455792156250001 0.6504065734375 0.72934340625 0.618060809375 0.706949140625 0.5734459249999999
4 0.7097484234375 0.5734459249999999 0.7640545015625 0.6247530234374999 0.760695328125 0.5332925453125 0.7384108890625 0.47444196562499996 0.696871703125 0.547792375 0.7097484234375 0.5734459249999999