11 0.48433375625 0.36981026875 0.4488551921875 0.369332840625 0.44829534375 0.46971632812499997 0.44325662499999996 0.547792375 0.44773545312499996 0.5857150015625 0.4796473078125 0.5834842484375 0.485805721875 0.5054082015625 0.48433375625 0.36981026875
11 0.44101719062500006 0.461908715625 0.4339382921875 0.37678571562499996 0.4079856390625 0.3704481953125 0.4130243578125 0.45075499375000005 0.4130243578125 0.5254849328125 0.41358420625000003 0.5734459249999999 0.43989749375000003 0.575676678125 0.44605590937499995 0.5567153421875 0.44101719062500006 0.461908715625
9 0.40454093750000003 0.362834821875 0.3822322421875 0.36487133437499997 0.379432959375 0.5054082015625 0.38167239375 0.5667536671875 0.41078492187500004 0.5622922046875 0.4119046609375 0.524369534375 0.4079856390625 0.47083168437499995 0.40454093750000003 0.362834821875
15 0.3422465453125 0.3460937515625 0.3156092921875 0.35037150625 0.3206480109375 0.48087004999999994 0.309450878125 0.528831040625 0.32400714218750004 0.554484675 0.35871827968750003 0.52325418125 0.352559821875 0.4630240703125 0.3422465453125 0.3460937515625
13 0.2610538515625 0.36422991250000003 0.24058849218749997 0.36487133437499997 0.239468796875 0.43179365937499997 0.2473067984375 0.5087543515624999 0.2702609125 0.528831040625 0.3016128765625 0.4897930171875 0.2848171765625 0.43290901562500006 0.2610538515625 0.36422991250000003
3 0.5266752734375 0.493139125 0.524230165625 0.3851562515625 0.48468602499999996 0.36487133437499997 0.48524587343750003 0.4083708625 0.485805721875 0.503177490625 0.48524587343750003 0.5812535375000001 0.5037211171875 0.575676678125 0.5266752734375 0.5845996453125 0.5266752734375 0.493139125
3 0.55502739375 0.37399553750000003 0.5255555359375 0.3659866890625 0.5249956874999999 0.45075499375000005 0.5249956874999999 0.5366386546874999 0.5305942531250001 0.582368978125 0.5597067828125 0.570099815625 0.5574673890625 0.5054082015625 0.55502739375 0.37399553750000003
1 0.5916186375 0.4853315125 0.585824621875 0.39073660781249997 0.5580272374999999 0.38383266875 0.5602666734375 0.512100459375 0.56138636875 0.570099815625 0.566984978125 0.5834842484375 0.5916186375 0.5890611078125 0.5966573125 0.56898441875 0.5916186375 0.4853315125
7 0.61961146875 0.4719470390625 0.6110223546875 0.37818080468750004 0.5871397671875 0.3782558078125 0.5871397671875 0.428447553125 0.58993905 0.52325418125 0.597217203125 0.5678690640624999 0.61289320625 0.5767921171875 0.6324881890625 0.5555999453125 0.61961146875 0.4719470390625
5 0.7343820828125 0.4641394671875 0.7475100703125 0.35167410781249997 0.7181462734374999 0.3381023875 0.6963118125000001 0.41394772343749997 0.684554875 0.49760063125 0.6940724203124999 0.5411001171875001 0.728223625 0.5377540953125 0.743899628125 0.499831340625 0.7343820828125 0.4641394671875
10 0.4762881765625 0.6002148296875001 0.4645311515625 0.6994830046875 0.46173186875 0.7775590515624999 0.4830064390625 0.74186709375 0.49588315781250003 0.6526373265625 0.498332496875 0.5888392875 0.4762881765625 0.6002148296875001
10 0.44863696875 0.58465401875 0.44829534375 0.6024455828125 0.4454960609375 0.6504065734375 0.43597847187500005 0.73294416875 0.4298200578125 0.77532825625 0.44829534375 0.7786744078125001 0.4645311515625 0.7106367265625 0.4779677203125 0.5890611078125 0.44863696875 0.58465401875
8 0.418539678125 0.591629465625 0.41582364062500005 0.6526373265625 0.401827225 0.7463285984375 0.3906300921875 0.785366621875 0.40518635625000005 0.8076740640625 0.42310179375 0.7764436109374999 0.44325662499999996 0.67048330625 0.4522143234375 0.5767921171875 0.418539678125 0.591629465625
14 0.4046265078125 0.5656383968750001 0.3870425125 0.5804687515625 0.3822322421875 0.6336759921875 0.3738343921875 0.698367565625 0.36711612968749996 0.7942896328125 0.3917497875 0.7775590515624999 0.4057462046875 0.688329284375 0.41862292500000003 0.6013302265625 0.4046265078125 0.5656383968750001
14 0.365996390625 0.5600615359375001 0.34808099531250003 0.592407259375 0.3345472375 0.66277901875 0.3312852953125 0.7452132437500001 0.3441619734375 0.76640533125 0.362637259375 0.7474439546875 0.3760738265625 0.6548681640625 0.3962286578125 0.6057916890625 0.38839065625 0.5834842484375 0.365996390625 0.5600615359375001
2 0.49700285468749994 0.6069070875 0.49476342031250004 0.7072905765625 0.49532326718749997 0.7730975453125 0.518277425 0.7474439546875 0.5199569687500001 0.6671371546875 0.52003054375 0.5986049125 0.49700285468749994 0.6069070875
2 0.5473280875000001 0.5930245546874999 0.5193971203125 0.6013302265625 0.5210767078125 0.639252853125 0.517717534375 0.718444296875 0.518277425 0.768636040625 0.545710365625 0.769751396875 0.5429110828125 0.672714015625 0.5473280875000001 0.5930245546874999
0 0.5798616125 0.6693679078125 0.5788252515625001 0.5958147328125001 0.54850965 0.592407259375 0.5445906703125 0.6504065734375 0.5468301046875 0.74298245 0.54850965 0.8121355687499999 0.5776222203125 0.818827784375 0.5781821109374999 0.7842512671875 0.5798616125 0.6693679078125
6 0.6162522953125 0.73294416875 0.6179318828125 0.6191761625 0.6012232359375 0.5888392875 0.5927383328125 0.5857150015625 0.573703240625 0.6202915609375 0.5798616125 0.6403682500000001 0.592178528125 0.7150981468750001 0.6033756609375 0.8020972046875 0.619051578125 0.8065587093750001 0.6162522953125 0.73294416875
6 0.652083171875 0.688329284375 0.6470444109375 0.5912918609375 0.6278208421875 0.5804687515625 0.60449535625 0.6002148296875001 0.610653728125 0.6370221421875 0.61961146875 0.67048330625 0.629129015625 0.748559309375 0.64480501875 0.7909434828124999 0.65824154375 0.7842512671875 0.652083171875 0.688329284375
4 0.6887153625 0.5693080375 0.6811957015625 0.595753365625 0.72318495 0.6927907046875 0.7567763484375 0.7307133734375 0.7836494843749999 0.6794062734375 0.7534171734374999 0.6080224421875 0.7315827984375 0.5422155140625 0.6887153625 0.5693080375