10 0.45333401875 0.769751396875 0.4734888921875 0.768636040625 0.477407871875 0.6950215 0.484126134375 0.609137840625 0.45283659062500004 0.6279017875 0.45389390937499996 0.67717560625 0.45333401875 0.769751396875
10 0.48132685156250005 0.6147147000000001 0.48020715625 0.6816370265625 0.4818867421875 0.771982190625 0.5065204015625 0.76640533125 0.5042810078125 0.6805216281249999 0.5039319921875001 0.6083705375 0.48132685156250005 0.6147147000000001
8 0.42198205624999996 0.69055999375 0.42422149062500003 0.761943825 0.4387777546875 0.7730975453125 0.4438164734375 0.7106367265625 0.4555734546875 0.6559834343750001 0.4510946265625 0.6191761625 0.42203936249999996 0.6195312515625 0.42198205624999996 0.69055999375
12 0.30217272500000003 0.6314452828125 0.3122501609375 0.5946379687500001 0.287616459375 0.5210235125 0.24425536406249998 0.558147321875 0.260743365625 0.6448297125 0.30217272500000003 0.6314452828125
2 0.501481725 0.6046764203125 0.5065204015625 0.684983134375 0.5137985546875 0.7608284703125 0.5395519515625 0.7585976750000001 0.5311541015625 0.71175208125 0.529129725 0.616741071875 0.501481725 0.6046764203125
2 0.5571272046875 0.6251116078125001 0.5395519515625 0.6080224421875 0.5244358390625 0.6225222718750001 0.5305942531250001 0.7128674359375 0.5373125171875001 0.771982190625 0.554108215625 0.7786744078125001 0.552428671875 0.6805216281249999 0.5571272046875 0.6251116078125001
0 0.5501892359375 0.6738294125000001 0.565865196875 0.7262518671875 0.5832207875 0.80878941875 0.600576378125 0.7842512671875 0.583780678125 0.7028290703125 0.57322575625 0.62371651875 0.5501892359375 0.6738294125000001
6 0.573703240625 0.6314452828125 0.5871397671875 0.6939061453125001 0.6016960734375 0.7742129015625 0.627449428125 0.751905459375 0.60673475 0.668252553125 0.6005233 0.606975446875 0.573703240625 0.6314452828125
6 0.6327204015625 0.6000000015625 0.610653728125 0.5890611078125 0.6016960734375 0.6336759921875 0.620731165625 0.698367565625 0.6470444109375 0.77532825625 0.6632803046875 0.751905459375 0.644245128125 0.69055999375 0.6327204015625 0.6000000015625
14 0.4029469203125 0.5879458390625001 0.4197426203125 0.6191761625 0.44493616874999997 0.5857150015625 0.4370982109375 0.5132158140625 0.445101434375 0.4121158140625 0.4203025109375 0.402794003125 0.412464509375 0.4987159859375 0.4029469203125 0.5879458390625001
15 0.3951089625 0.4897930171875 0.39824150468749997 0.41584821562499996 0.37999280625 0.40725546562500003 0.36767597812499997 0.49760063125 0.3547992578125 0.548907815625 0.3598379765625 0.595753365625 0.3771935234375 0.599099559375 0.40014763750000004 0.57121525625 0.3951089625 0.4897930171875
13 0.32824780468750003 0.41863839374999995 0.289296046875 0.41729383281250004 0.2803383484375 0.45075499375000005 0.28817630781250003 0.5165619234375 0.3189684234375 0.53106179375 0.33408457812500003 0.50206209375 0.33016555625 0.4719470390625 0.32824780468750003 0.41863839374999995
1 0.5795251890625 0.41305803750000003 0.5636258046875 0.402794003125 0.5569074984375 0.5210235125 0.5496293890625 0.5779073875 0.56138636875 0.6046764203125 0.5821010906249999 0.59017650625 0.5821010906249999 0.529946396875 0.5795251890625 0.41305803750000003
5 0.6999143546875 0.44235491250000003 0.6666393937499999 0.4206399390625 0.6560021515625001 0.5076389546875 0.652083171875 0.5845996453125 0.673917546875 0.595753365625 0.697431509375 0.5745612796875 0.6884738546875 0.5210235125 0.6999143546875 0.44235491250000003