10 0.4926475015625 0.5503906265625 0.4618881484375 0.5542612625000001 0.464635471875 0.608133715625 0.4642430015625 0.686990540625 0.47954959218750004 0.6916750921875 0.487006653125 0.66669078125 0.49171635937499997 0.610476021875 0.4926475015625 0.5503906265625
10 0.4477589984375 0.5979838359375 0.4455424953125 0.5318359390625 0.40968875625 0.5175655734375 0.40968875625 0.5417690765625001 0.413613521875 0.631556559375 0.4167533453125 0.7072903015625001 0.4406944078125 0.7143171578125 0.448936409375 0.6815252421875 0.4477589984375 0.5979838359375
8 0.40733390312499995 0.52068856875 0.3719409265625 0.5396484390625 0.37554330937499997 0.6089144953125001 0.37593577968749997 0.6963596421875 0.3747583375 0.7494513781250001 0.39595207656250003 0.7572589828125 0.409296284375 0.7283708703125 0.40497904843750004 0.6549793734375 0.4065489609375 0.5932992859375 0.40733390312499995 0.52068856875
14 0.37358092656249997 0.5238115921875 0.3516022453125 0.525373178125 0.333668109375 0.5474609390625 0.3398279484375 0.60657221875 0.33551068281249996 0.6784021874999999 0.328053653125 0.736178475 0.3370805953125 0.7549166781250001 0.3516022453125 0.725247815625 0.3688711890625 0.669813834375 0.37161854375000003 0.5987646140625 0.37358092656249997 0.5238115921875
13 0.30882229687499996 0.5238115921875 0.30568247187500003 0.45900847968749997 0.30717154375 0.3794921890625 0.3076448546875 0.356728884375 0.249165859375 0.362194184375 0.2499508 0.4636930296875 0.2487733734375 0.5113194359375 0.266827303125 0.5487959921875001 0.28645113125 0.545672878125 0.30882229687499996 0.5238115921875
2 0.52625430625 0.54411138125 0.49951698125000005 0.5474609390625 0.5023132140625 0.6253104515625 0.503883125 0.6862097921875 0.5023132140625 0.7213440140625 0.52586180625 0.7143171578125 0.5278241890625 0.6588831765625 0.5282166890625 0.5995454234375 0.5282166890625 0.5573842859375 0.52625430625 0.54411138125
2 0.5835558765625 0.5792456031250001 0.5835558765625 0.538646053125 0.549075371875 0.5347656265625 0.5458781046875 0.6089144953125001 0.5478404875 0.66669078125 0.544700721875 0.7283708703125 0.5486254875000001 0.751793684375 0.5678568140625 0.7549166781250001 0.5753138437499999 0.7143171578125 0.57845366875 0.6534178171875 0.5835558765625 0.5792456031250001
0 0.6106367328125 0.6947981453125001 0.6173088828125 0.6214066500000001 0.6251303265625 0.5591796890625 0.5878731421875 0.5394268015625 0.5847333171875 0.6237489265625 0.5863031999999999 0.6830867390625001 0.59140540625 0.763505090625 0.6043571453125 0.77755874375 0.6098517921875 0.7619435343750001 0.6106367328125 0.6947981453125001
3 0.615316784375 0.3716796890625 0.6051420859375 0.343455921875 0.59415273125 0.356728884375 0.587480640625 0.4519816234375 0.590620465625 0.5323999749999999 0.6216260890624999 0.5370845859375 0.6153465 0.464473809375 0.615316784375 0.3716796890625
7 0.6647985078125 0.3863977609375 0.6408319953125 0.3882812515625 0.6385025921875 0.4769659640625 0.6392875328125001 0.5238115921875 0.636540209375 0.5605074 0.654201653125 0.5893954828125 0.675002921875 0.548015184375 0.66558345 0.48321204218749997 0.66597595 0.4098205765625 0.6647985078125 0.3863977609375
5 0.7448637578125 0.444954796875 0.742508875 0.38874003749999997 0.6997132515625 0.3951171890625 0.6887396015625 0.476185215625 0.6769653046874999 0.5238115921875 0.68324489375 0.57221880625 0.6934493078124999 0.5909570093750001 0.7158204593749999 0.5800264109375 0.7303420796875 0.54411138125 0.7311270796875 0.48945815000000004 0.7448637578125 0.444954796875