11 0.5026021140625 0.3661132828125 0.47412747343749995 0.36765964218749997 0.47069832968750003 0.45842307499999996 0.467269221875 0.5638257296875 0.47020846250000004 0.6018877812500001 0.5059693203125 0.594080184375 0.5005806703125 0.48086993125 0.5026021140625 0.3661132828125
11 0.444735 0.3637558609375 0.446257184375 0.3819824234375 0.443755228125 0.45256735 0.443755228125 0.5296674609375 0.436407109375 0.5765131546875 0.45796159843749995 0.6057916734375 0.46824895624999996 0.5852966515625 0.46922872812499994 0.4974610984375 0.47363756874999996 0.3705875234375 0.444735 0.3637558609375
9 0.441795721875 0.5257636437500001 0.438366615625 0.4564711671875 0.4333958421875 0.3685546890625 0.41044377968749995 0.361803953125 0.4094640078125 0.47501420625 0.4040753953125 0.55113838125 0.40505512968749996 0.5755371453125 0.42318051093750003 0.5784649890625 0.4368969765625 0.56675365 0.441795721875 0.5257636437500001
15 0.3831753625 0.3600097671875 0.378112028125 0.45061544218750005 0.36635506875 0.532595378125 0.37713229375 0.5687054828125 0.40162602343750003 0.552114390625 0.4133830203125 0.536499121875 0.4133830203125 0.47306233437499995 0.4094640078125 0.36765964218749997 0.3831753625 0.3600097671875
13 0.2992704140625 0.3197265640625 0.26887002187500003 0.323741884375 0.27376876875 0.47306233437499995 0.2967928578125 0.47891802187500004 0.31099922812499997 0.489653465625 0.3296144765625 0.45939901250000004 0.3168777078125 0.4076736375 0.2992704140625 0.3197265640625
10 0.48294519375 0.6116472875000001 0.48098568750000004 0.692651178125 0.4868642046875 0.746328459375 0.50841869375 0.7482804046875 0.5059693203125 0.7043626296875 0.506889228125 0.6200195328125 0.48294519375 0.6116472875000001
10 0.45355271875 0.7385208999999999 0.48098568750000004 0.7375449640625 0.48049582031250004 0.65849294375 0.48049582031250004 0.6116472875000001 0.4536065234375 0.6139160171875 0.45698186406249997 0.6809398 0.45355271875 0.7385208999999999
8 0.42807925625000004 0.6126232593750001 0.42171087187499995 0.6643486703125 0.42122100468749996 0.7385208999999999 0.4496337453125 0.73559301875 0.4560020921875 0.6487334390624999 0.452381634375 0.6090332046875 0.42807925625000004 0.6126232593750001
14 0.3837878078125 0.7188964859375 0.4197513671875 0.7375449640625 0.420241271875 0.65263721875 0.4300387625 0.6233587015625 0.42269064375000004 0.5979840015625 0.3937880375 0.5979840015625 0.389869025 0.65849294375 0.3837878078125 0.7188964859375
12 0.220265025 0.5504394546875 0.22625093125 0.6487334390624999 0.2541737859375 0.6428777125 0.30316124218749996 0.5950561578125 0.323735959375 0.542354884375 0.26984975625 0.4740382703125 0.24976490624999997 0.53747513125 0.220265025 0.5504394546875
3 0.5399612515625 0.3795410171875 0.5064591875 0.371563459375 0.5049895484375 0.42036098749999995 0.5089085609375 0.542354884375 0.5103781609375 0.5989599359375 0.5431997796875 0.5911524140625 0.5431997796875 0.5199079546875 0.5399612515625 0.3795410171875
3 0.5672036031250001 0.4867256203125 0.5687461609375 0.3966308609375 0.5662238703125 0.3803470296875 0.5402605406250001 0.3832748734375 0.5412402734375 0.5218598640625001 0.543689646875 0.5804168984375 0.5485883921875 0.597008028125 0.5730821578125 0.5677295109375 0.5672036031250001 0.4867256203125
1 0.6014948234374999 0.4916053734375 0.605492853125 0.3844238296875 0.5706327859375 0.3832748734375 0.5716125203125 0.45451925937500004 0.5676935078125 0.5228358734375 0.5716125203125 0.5530902515625 0.58287965 0.5765131546875 0.600025259375 0.5608978875 0.6014948234374999 0.4916053734375
7 0.655713334375 0.3539062515625 0.625498721875 0.3510685296875 0.6245189875 0.46818258124999995 0.62500881875 0.53161936875 0.6539114625 0.5384510296875 0.6646886875 0.50624463125 0.656360834375 0.45939901250000004 0.655713334375 0.3539062515625
5 0.72837238125 0.437928090625 0.72920671875 0.3490234390625 0.6989799078125001 0.3335013890625 0.68134439375 0.47794208749999995 0.689182415625 0.509172475 0.7043684828125001 0.4974610984375 0.7146558781250001 0.5072206046875001 0.7332711265625 0.48086993125 0.72837238125 0.437928090625
2 0.530952915625 0.6604448171875 0.5270999093750001 0.6212402359375 0.50449968125 0.615551178125 0.516256678125 0.7014347484375001 0.527523771875 0.7512082125 0.5431997796875 0.7629196640625 0.5505478984375001 0.740472771875 0.5441795140625 0.7190018890625 0.530952915625 0.6604448171875
2 0.558385921875 0.6614207890625 0.5540474843750001 0.6139160171875 0.5260541703125 0.6175030125000001 0.5343820234375001 0.6663005421875 0.547608659375 0.7297373296874999 0.5554466437500001 0.756087965625 0.57553153125 0.7580399109375 0.5740618921875 0.730713265625 0.558385921875 0.6614207890625
0 0.554466909375 0.6165270406250001 0.55936565625 0.663372696875 0.57014288125 0.7121701890625001 0.5848391187499999 0.756087965625 0.6014948234374999 0.7970779343750001 0.6122721234374999 0.7843905484375 0.6083531125 0.750232278125 0.5907175984374999 0.6663005421875 0.5833150484375 0.607906175 0.554466909375 0.6165270406250001
6 0.6259885515625 0.719977825 0.6181506031249999 0.6175030125000001 0.608555078125 0.5760742203125 0.5921872375 0.5765131546875 0.57945046875 0.615551178125 0.5941467046875 0.663372696875 0.603944196875 0.7248575765624999 0.61570123125 0.765847471875 0.630887296875 0.7648715359375 0.6259885515625 0.719977825
6 0.6597899421875 0.7697512890625 0.6754659125 0.7629196640625 0.665668421875 0.6965549953125 0.6485228125 0.6184789484375 0.6434644359374999 0.5675292984375 0.62500881875 0.5608978875 0.6137416875 0.5755371453125 0.6137416875 0.6009119203125 0.625498721875 0.653613190625 0.640194959375 0.6897233703125 0.6470531734375 0.7365689546875 0.6597899421875 0.7697512890625
4 0.75923449375 0.5482104984375 0.737168503125 0.5052734390625 0.696530534375 0.546258628125 0.6906520546875 0.5862726609375 0.719554625 0.619454921875 0.747477459375 0.6663005421875 0.782258584375 0.6594689546875 0.7979345546875 0.5638257296875 0.75923449375 0.5482104984375