11 0.498131296875 0.4564711671875 0.49715156250000003 0.3881546265625 0.5013772234375 0.2940917984375 0.5040098140625 0.2495696375 0.47559707500000004 0.24566583749999998 0.47314770156249997 0.30812667031249996 0.4653097171875 0.4057217296875 0.46286034374999996 0.457447103125 0.47363756874999996 0.475990178125 0.498131296875 0.4564711671875
11 0.4324881359375 0.3598520453125 0.42122100468749996 0.43695215468750004 0.436407109375 0.4662306734375 0.46335021093749995 0.46330282812499995 0.467269221875 0.399866040625 0.47559707500000004 0.263232978125 0.44748207500000003 0.2477050796875 0.4324881359375 0.3598520453125
3 0.49911106875 0.43012049374999994 0.518216184375 0.4769661140625 0.53193265 0.42524074062499995 0.5324225171875 0.26811273125 0.5050518937499999 0.2660156265625 0.4976414296875 0.3832748734375 0.49911106875 0.43012049374999994
3 0.5623048578125001 0.3783951203125 0.5589470421875 0.2684570328125 0.558385921875 0.24566583749999998 0.5338921562500001 0.2495696375 0.5334022890625 0.31007856093749997 0.532912421875 0.432072403125 0.5407504078125001 0.4847737125 0.56475423125 0.470134453125 0.5623048578125001 0.3783951203125
1 0.5931669703125 0.34911658437500004 0.591406621875 0.2452636734375 0.5598554859375 0.24664179218750001 0.5623048578125001 0.3335013890625 0.5613251234375001 0.3949862875 0.569163146875 0.4613509203125 0.58630875625 0.4672066078125 0.5951265140625 0.437928090625 0.5931669703125 0.34911658437500004
5 0.6945709921875001 0.41938505312499996 0.6980001734375 0.3832748734375 0.69184758125 0.3001953140625 0.6607696765625 0.2193152015625 0.65048228125 0.26518484999999997 0.6495025453125 0.34618877656249997 0.643624065625 0.4037698203125 0.654891196875 0.428168584375 0.6779152859375001 0.42426480624999996 0.6945709921875001 0.41938505312499996
5 0.7362103296875 0.309102625 0.734106278125 0.2232910171875 0.7161255171875001 0.2056518609375 0.7043684828125001 0.27104055625 0.6945709921875001 0.34911658437500004 0.7014292796875 0.3881546265625 0.7161255171875001 0.393034378125 0.744048353125 0.3686356140625 0.7362103296875 0.309102625
10 0.48729099218750005 0.5125976578125 0.4550223578125 0.4974610984375 0.4604109703125 0.5394269671874999 0.46922872812499994 0.6057916734375 0.481965459375 0.6594689546875 0.49911106875 0.6643486703125 0.49127308281250004 0.594080184375 0.48729099218750005 0.5125976578125
10 0.41730199375000004 0.5852966515625 0.40554503437499995 0.6897233703125 0.4432653609375 0.69753093125 0.45698186406249997 0.62043093125 0.4667793546875 0.53161936875 0.451103346875 0.50038894375 0.42420916875000003 0.5162597671875 0.41730199375000004 0.5852966515625
8 0.3990989296875 0.4930664078125 0.3859500515625 0.5677295109375 0.3678246703125 0.685819553125 0.40162602343750003 0.695579059375 0.4133830203125 0.6311662984375 0.42758938906250005 0.5179561203125 0.4148526203125 0.48086993125 0.40113615625000004 0.4916053734375 0.3990989296875 0.4930664078125
14 0.334513221875 0.529585103125 0.30906953125 0.6333496109375 0.3041409765625 0.6408434468750001 0.336472690625 0.697448571875 0.3639056953125 0.691592884375 0.3766424265625 0.60375733125 0.3986867828125 0.50225849375 0.35949681718750004 0.4749318484375 0.334513221875 0.529585103125
14 0.26887002187500003 0.50225849375 0.24966237812499997 0.5637695328125 0.2639712765625 0.5998535515625 0.2987523640625 0.6310839406250001 0.3232460921875 0.570575034375 0.339901834375 0.500306584375 0.3305942109375 0.47688375625 0.296302990625 0.42515838281249996 0.26887002187500003 0.50225849375
2 0.5148928140625 0.6734142984375 0.511330090625 0.6109534390625 0.5084799 0.541394840625 0.508080715625 0.49133522812499997 0.5081236328125 0.47538504374999996 0.48567846093749995 0.485321978125 0.48567846093749995 0.4988078515625 0.4906662796875 0.5598491125 0.4974354609375 0.6400545281250001 0.50242328125 0.6734142984375 0.5148928140625 0.6734142984375
2 0.5298562453125 0.55701 0.53168768125 0.5082031265625 0.5084799 0.5300382796875 0.511330090625 0.57759366875 0.5173867109375 0.6365056171875 0.5216619953125 0.6840610328125 0.5302125125 0.6812218921875 0.5327064359375 0.6372154421875 0.5298562453125 0.55701
0 0.5526577125000001 0.583981775 0.557289209375 0.539975215625 0.5619758640625 0.4975497171875 0.531281340625 0.5016469906250001 0.5327064359375 0.5676567343750001 0.5319938750000001 0.654959971875 0.5344877968749999 0.6918686265625 0.54695733125 0.6918686265625 0.5558641421875 0.6762534390625 0.5526577125000001 0.583981775
6 0.588284953125 0.67128493125 0.5865035921875 0.6137925796875 0.58864119375 0.557719771875 0.58870073125 0.5055397734375 0.5672648484375 0.48461220625 0.5594268671875 0.50732524375 0.5597831609374999 0.5917893140625 0.56049569375 0.6826414359374999 0.5718964 0.7408436109375 0.5854347625 0.728067509375 0.588284953125 0.67128493125
6 0.616430453125 0.7152914625 0.6196368828125001 0.664896878125 0.6199931765625 0.56268830625 0.6216614015624999 0.4984375015625 0.596479175 0.49383937031249997 0.58507846875 0.532167621875 0.5932727453125 0.570495846875 0.5918476781249999 0.6457327796875 0.596479175 0.7117425500000001 0.60253585 0.7316164203125 0.616430453125 0.7152914625
4 0.6299688156250001 0.7039349031250001 0.6431508828125 0.713871865625 0.6506326265625 0.6762534390625 0.64849496875 0.6286979953125 0.6534827609375 0.5641078234375 0.6577399734375 0.5028764203125 0.6577580734375 0.5016469906250001 0.6406569875 0.4831926375 0.6246247281249999 0.49241979999999996 0.6182118140624999 0.5179719781250001 0.6278311578125 0.5598491125 0.6260497968750001 0.6315371359374999 0.6299688156250001 0.7039349031250001
4 0.70371719375 0.432088309375 0.6826971421875 0.47751438437499993 0.66737741875 0.5179719781250001 0.678778125 0.5591393953125 0.7076263921875 0.588991478125 0.7090627234375 0.5946285078125 0.7340017921875 0.6145023515625 0.73863334375 0.5960480234375 0.7589394171875 0.5293284828125 0.7496763125 0.4910002578125 0.729725090625 0.4931295984375 0.70371719375 0.432088309375