11 0.45894133125 0.320814021875 0.459921103125 0.46818258124999995 0.455512225 0.556018134375 0.49904988125000005 0.5726100515625 0.500029615625 0.49648587656250004 0.50088725625 0.3260742203125 0.45894133125 0.320814021875
11 0.4315083640625 0.45256735 0.4251400171875 0.53747513125 0.4530628515625 0.55113838125 0.45894133125 0.4642787640625 0.45747173124999996 0.326669765625 0.434447603125 0.31983806718749996 0.43462073281249997 0.3355957046875 0.4315083640625 0.45256735
9 0.42220073906250005 0.42621667656250006 0.4125727171875 0.3099609390625 0.3869297859375 0.31203050625 0.39182853125 0.43012049374999994 0.3839905453125 0.49843703437500003 0.3942779046875 0.546258628125 0.41240324843750004 0.5501624078125 0.4300387625 0.5179561203125 0.42220073906250005 0.42621667656250006
15 0.3560676734375 0.5121003578125001 0.3639056953125 0.4867256203125 0.3585170453125 0.4184090796875 0.3605149015625 0.3343750015625 0.3643955625 0.31300642343749996 0.339901834375 0.31203050625 0.3374524625 0.40962554687499997 0.32716510312499997 0.4564711671875 0.32618533125 0.4974610984375 0.334513221875 0.5238117718749999 0.3560676734375 0.5121003578125001
15 0.3639056953125 0.323741884375 0.35949681718750004 0.41450529999999997 0.3634157921875 0.4720863609375 0.387419653125 0.4847737125 0.389869025 0.4008419765625 0.3837878078125 0.3209472671875 0.3639056953125 0.323741884375
15 0.331084078125 0.4691585171875 0.3168777078125 0.399866040625 0.3194810953125 0.3160644546875 0.27915738125 0.30812667031249996 0.2796472484375 0.396938159375 0.27523836875 0.46330282812499995 0.29728272499999997 0.485749684375 0.31099922812499997 0.5042927234375 0.32471573125000003 0.495509190625 0.331084078125 0.4691585171875
13 0.23741348125 0.2708984390625 0.214493934375 0.266160803125 0.20714581562499998 0.326669765625 0.2159635546875 0.3852267828125 0.23457878437500002 0.381322965625 0.2595623984375 0.3579001359375 0.2595623984375 0.31593426875 0.23741348125 0.2708984390625
3 0.5373212625 0.4652547 0.5368313953125 0.4106014828125 0.5417985859375001 0.3331542984375 0.5020503093750001 0.3510685296875 0.5020503093750001 0.471110425 0.4976414296875 0.5433307453125 0.5079287890625 0.558945978125 0.53536179375 0.5638257296875 0.5397706359375001 0.5277156265625 0.5373212625 0.4652547
3 0.5696529765625 0.49355728125000004 0.5681834125 0.39205840625 0.56629638125 0.3429199234375 0.571122615625 0.339357078125 0.5441795140625 0.336429271875 0.5427099125 0.387178653125 0.5412402734375 0.48086993125 0.536341528125 0.5452826546875 0.5706327859375 0.5482104984375 0.5696529765625 0.49355728125000004
1 0.6029644625 0.432072403125 0.6079426328124999 0.3355957046875 0.57945046875 0.3276456828125 0.5696529765625 0.46818258124999995 0.5725922546875 0.526739615625 0.5912075031249999 0.55113838125 0.605413834375 0.5306433968750001 0.6014948234374999 0.50038894375 0.6029644625 0.432072403125
7 0.6377455875 0.5355231500000001 0.6387253203125 0.49843703437500003 0.6387253203125 0.437928090625 0.64101465625 0.3416992203125 0.6078632078124999 0.336429271875 0.603944196875 0.422312896875 0.6014948234374999 0.48770159218750003 0.6083531125 0.53161936875 0.6171708687499999 0.5189320203125 0.6205999765625 0.5335712765625 0.6377455875 0.5355231500000001
7 0.6612253375 0.3307128921875 0.640194959375 0.3286216375 0.638235415625 0.45159141406250003 0.6441139703125 0.5160041375 0.6700772625 0.5257636437500001 0.6735064453125 0.4964851265625 0.667627890625 0.4232888328125 0.6612253375 0.3307128921875
5 0.7117166015625 0.3891305609375 0.720632490625 0.3319335953125 0.6769355515625 0.31788617656249996 0.679384925 0.4076736375 0.671057071875 0.4662306734375 0.6735064453125 0.5121003578125001 0.7048583875000001 0.5150282015625 0.7269027421875001 0.48086993125 0.7117166015625 0.3891305609375
10 0.47412747343749995 0.5726092640625 0.47608694218750003 0.6614207890625 0.47951608593749995 0.7238816421875 0.49568192499999997 0.7258335125 0.49372245625 0.670204359375 0.4958652203125 0.5797363296875 0.47412747343749995 0.5726092640625
10 0.4413058546875 0.5657776390625 0.4452248671875 0.6516612828125 0.447184371875 0.7170499421875001 0.46335021093749995 0.7131461984375 0.4716781 0.6262865453125 0.4725923140625 0.5724121109375 0.4413058546875 0.5657776390625
8 0.41196027187500006 0.5748535171875 0.40701463593750004 0.6614207890625 0.39917665 0.7414487078125 0.41730199375000004 0.7531601578125 0.4398362546875 0.6985069421875 0.4442450953125 0.58920043125 0.429058990625 0.5599219140625 0.41196027187500006 0.5748535171875
14 0.3776633578125 0.5565429703125 0.37517278906249996 0.624334675 0.37027404218750004 0.6965549953125 0.3967272765625 0.6916752421875 0.40652476875000004 0.615551178125 0.4094640078125 0.5794409265625 0.40113615625000004 0.552114390625 0.3776633578125 0.5565429703125
14 0.38105130625 0.561873896875 0.36929430937499996 0.541378875 0.3531655625 0.5504394546875 0.341861340625 0.5911524140625 0.33157394375 0.6467815296875 0.323735959375 0.705338565625 0.3305942109375 0.7258335125 0.34333094218750004 0.7111942546875001 0.3570474453125 0.64970945 0.37517278906249996 0.594080184375 0.38105130625 0.561873896875
12 0.3065903484375 0.7092423828125 0.322756225 0.63994994375 0.3413714359375 0.592128275 0.354390453125 0.5321289078125 0.3212865859375 0.5247877078125 0.29189411249999997 0.508196540625 0.2860156328125 0.5472346375 0.285525765625 0.6077435062500001 0.26593078281250004 0.6809398 0.2874852328125 0.708266446875 0.3065903484375 0.7092423828125
12 0.24094715 0.475990178125 0.230169925 0.541378875 0.21352813125 0.5895019546875 0.24388642656249998 0.6458055578125 0.27376876875 0.5862726609375 0.2958131234375 0.5433307453125 0.2933637515625 0.489653465625 0.270829528125 0.4906294375 0.2649510109375 0.4564711671875 0.24094715 0.475990178125
12 0.22086229999999998 0.40962554687499997 0.1957672296875 0.4210449234375 0.189020453125 0.47794208749999995 0.1738343484375 0.5540662249999999 0.20518630937500001 0.5804168984375 0.216453440625 0.5628497578125 0.2350686703125 0.4916053734375 0.2541737859375 0.45159141406250003 0.22086229999999998 0.40962554687499997
2 0.4951920578125 0.5726092640625 0.498131296875 0.695579059375 0.5079287890625 0.7258335125 0.5206655578125 0.71021831875 0.518216184375 0.6282384546875 0.5179132359375 0.5711914078125 0.4951920578125 0.5726092640625
2 0.5466981453125 0.5711914078125 0.5471187546875 0.5687054828125 0.5196857859375 0.56675365 0.5196857859375 0.6340941812499999 0.5206655578125 0.719977825 0.5480985265625 0.7238816421875 0.543689646875 0.637022025 0.5466981453125 0.5711914078125
0 0.579184765625 0.5683709625 0.5623048578125001 0.5608978875 0.5461390203125001 0.584320678125 0.5427099125 0.62726251875 0.5564263781250001 0.6936271890625 0.5779809046875 0.757063975 0.5965960781249999 0.771703234375 0.6024746328125 0.7346170828125 0.5858188515625 0.66532460625 0.58092010625 0.6223827656250001 0.579184765625 0.5683709625
6 0.629417734375 0.745352525 0.62108980625 0.7004588125 0.6171708687499999 0.587248521875 0.6110048578125 0.5638671890625 0.6108024859375 0.561873896875 0.5848391187499999 0.5687054828125 0.57553153125 0.5960321671875 0.5902277687499999 0.65849294375 0.6010049937499999 0.7248575765624999 0.6122721234374999 0.7638956 0.629417734375 0.745352525
6 0.65195191875 0.6087194421875 0.6544012921875 0.5579700046875 0.635502653125 0.5479980484375 0.63186710625 0.542354884375 0.6112923140625 0.5755371453125 0.6259885515625 0.6360460515625 0.64117469375 0.7287613953125 0.65734056875 0.7365689546875 0.66664815625 0.7131461984375 0.65195191875 0.6087194421875
4 0.7690319859375 0.5813929078125 0.751886375 0.5394269671874999 0.7406192453125 0.47891802187500004 0.6989799078125001 0.5218598640625001 0.6950608953125 0.5862726609375 0.7161255171875001 0.6067675343750001 0.7533559390625 0.6809398 0.794995278125 0.62043093125 0.7690319859375 0.5813929078125
4 0.8033232046875 0.4945332171875 0.7916760968750001 0.4344726578125 0.74845719375 0.45354332187499996 0.740129340625 0.509172475 0.76462306875 0.5443067203124999 0.78470795625 0.6087194421875 0.8096915140625001 0.6360460515625 0.8204688156250001 0.5774890171875 0.8033232046875 0.4945332171875