11 0.5011322453125 0.35167410781249997 0.4734888921875 0.3470253984375 0.46173186875 0.46971632812499997 0.45669319374999995 0.5399847624999999 0.4645311515625 0.5656383968750001 0.501481725 0.5634075593750001 0.5003619859375 0.46525482343749996 0.5011322453125 0.35167410781249997
11 0.4606121734375 0.47863929687500006 0.4667705875 0.4150630796875 0.4731347640625 0.32935267968750004 0.4488551921875 0.3180256984375 0.4438164734375 0.369332840625 0.42758062187499996 0.46637017812500003 0.42310179375 0.5277156859375001 0.4298200578125 0.5511384828125 0.45333401875 0.550023084375 0.4606121734375 0.47863929687500006
9 0.43485877500000003 0.306871978125 0.4080406234375 0.30145089375 0.4012673765625 0.398332496875 0.3917497875 0.46637017812500003 0.38167239375 0.5087543515624999 0.401827225 0.5433309546875 0.42422149062500003 0.5254849328125 0.430939753125 0.503177490625 0.42534118750000005 0.45075499375000005 0.43485877500000003 0.306871978125
15 0.36487669375 0.42956290781249995 0.354239409375 0.4897930171875 0.362637259375 0.53106179375 0.393429375 0.5098697078125001 0.4046265078125 0.47640854375 0.40518635625000005 0.31021810625 0.3709439609375 0.31261160781249997 0.36487669375 0.42956290781249995
15 0.36767597812499997 0.4206399390625 0.3654365421875 0.3046412453125 0.338046921875 0.30982142968750004 0.3363240140625 0.4228706921875 0.35647884531249996 0.461908715625 0.36767597812499997 0.4206399390625
13 0.311449315625 0.31261160781249997 0.268581325 0.3046412453125 0.27362004375 0.43067830625000003 0.280898196875 0.47640854375 0.3156092921875 0.46971632812499997 0.3312852953125 0.44294738125000005 0.3200881625 0.373794303125 0.311449315625 0.31261160781249997
13 0.23725599375 0.30982142968750004 0.2282716640625 0.3771404109375 0.21707453124999998 0.4217552953125 0.24618705937500002 0.46525482343749996 0.272500346875 0.45187035 0.2741798921875 0.3927556375 0.2697010640625 0.2912568140625 0.24058849218749997 0.28344915937500004 0.23725599375 0.30982142968750004
3 0.5396287796875 0.3558593765625 0.505960553125 0.348140753125 0.5020415734375 0.45633185468750004 0.502601421875 0.5533692359375 0.5087598359375 0.575676678125 0.5468301046875 0.5600615359375001 0.5417913875 0.4462934890625 0.5396287796875 0.3558593765625
3 0.5697842625 0.42398604687499997 0.5613268265625 0.343303571875 0.538992103125 0.34367924843750003 0.542351234375 0.4228706921875 0.5445906703125 0.5143312124999999 0.5529885203125 0.5578306984375 0.5781821109374999 0.548907815625 0.5776222203125 0.5076389546875 0.5697842625 0.42398604687499997
1 0.6068227328125 0.30145089375 0.5725835453125 0.31356425625 0.574263046875 0.47529318906249995 0.5776222203125 0.5221388250000001 0.6016960734375 0.5433309546875 0.6162522953125 0.5054082015625 0.605615053125 0.42956290781249995 0.6068227328125 0.30145089375
7 0.6392064515625 0.4396012734375 0.6392064515625 0.3782558078125 0.6404197093749999 0.29029017968750004 0.6072946406249999 0.287910665625 0.600576378125 0.4585626078125 0.605615053125 0.503177490625 0.62129105625 0.504292846875 0.6386465609374999 0.5165619234375 0.6476043015624999 0.4909083734375 0.6392064515625 0.4396012734375
7 0.668878871875 0.4083708625 0.6677172515625001 0.28889509062499996 0.6403261484375 0.2856799546875 0.6392064515625 0.4083708625 0.6336078859375001 0.4585626078125 0.6492838890625 0.4920237703125 0.6694386765625 0.495369878125 0.6778365265625 0.4630240703125 0.668878871875 0.4083708625
5 0.7175863828125 0.3726789484375 0.7132131578124999 0.29587053750000003 0.6778365265625 0.2856799546875 0.676157025 0.36487133437499997 0.673917546875 0.445178134375 0.6828752875 0.4797546515625 0.7119878171875 0.47529318906249995 0.730463103125 0.4396012734375 0.7175863828125 0.3726789484375
5 0.7440103859375 0.25122767968750004 0.7103082296875 0.282333803125 0.7215053625000001 0.38829413125 0.730463103125 0.4440627359375 0.7584559343749999 0.44740888593749994 0.7797305046874999 0.3938709921875 0.750617890625 0.32025645156250004 0.7440103859375 0.25122767968750004
5 0.8010049890625 0.2946028796875 0.780407109375 0.22332589375 0.7718924609375 0.1908733265625 0.736621475 0.22544982343750003 0.753977065625 0.324717978125 0.7735720484375 0.3492561078125 0.7797305046874999 0.324717978125 0.7959663140625 0.3269486875 0.8010049890625 0.2946028796875
10 0.48692541875 0.594522621875 0.48524587343750003 0.6335606453125 0.47908745937499997 0.7361748859375 0.5143584031249999 0.75179006875 0.509879575 0.66702180625 0.5095314890625 0.587444196875 0.48692541875 0.594522621875
10 0.4454960609375 0.745097853125 0.4779677203125 0.74732860625 0.48356628749999997 0.687098496875 0.48692541875 0.5777920187500001 0.4570362140625 0.5986049125 0.4544537578125 0.66702180625 0.4454960609375 0.745097853125
8 0.42273930000000004 0.58465401875 0.42086235937499994 0.6391375046875 0.3951089625 0.7350594874999999 0.4046265078125 0.7796743703125 0.42870036093749997 0.75179006875 0.44941504062500004 0.65921419375 0.4606121734375 0.6045609437499999 0.44605590937499995 0.5777920187500001 0.42273930000000004 0.58465401875
14 0.39054219843750004 0.572098215625 0.376633675 0.6391375046875 0.355918996875 0.7372902406249999 0.3654365421875 0.7852512328125 0.38167239375 0.7830205218749999 0.40350681093749996 0.67706013125 0.4197426203125 0.624637675 0.41358420625000003 0.581138146875 0.39054219843750004 0.572098215625
14 0.339123296875 0.6413682578125 0.3228874453125 0.7105212937500001 0.33016555625 0.746213209375 0.352559821875 0.749559315625 0.37327454375 0.65921419375 0.39678850625 0.571099803125 0.3576451578125 0.5497767875 0.339123296875 0.6413682578125
12 0.3032924625 0.7350594874999999 0.34304227656249997 0.60902245 0.35927812812500004 0.5421001234375 0.30217272500000003 0.5131004890625 0.28313763281250004 0.6034455890625 0.2624537265625 0.694866071875 0.3032924625 0.7350594874999999
12 0.2506659296875 0.71386744375 0.2657820421875 0.694906109375 0.287616459375 0.60009948125 0.2981505125 0.519084821875 0.289296046875 0.49302375625000006 0.26522219375 0.5030621 0.25010608125 0.48856227187499995 0.2349899265625 0.5131004890625 0.23722936093749997 0.597868728125 0.2204336625 0.6815216359375 0.2506659296875 0.71386744375
12 0.21651468281250003 0.48410076718750006 0.1756615375 0.48420759062499996 0.1734057171875 0.5755612875 0.21539494375 0.597868728125 0.236109665625 0.6045609437499999 0.23722936093749997 0.581138146875 0.23554981718749998 0.5197926828125 0.24114838437500002 0.47963932500000006 0.21651468281250003 0.48410076718750006
3 0.5085168828125 0.591176534375 0.5169147328125 0.6804062796875 0.5247526921875 0.7584823265625 0.5577842421875 0.75179006875 0.544347675 0.6815216359375 0.5326294093749999 0.5930245546874999 0.5085168828125 0.591176534375
3 0.560626890625 0.5762834828125001 0.5292315624999999 0.5855996734375 0.5370695640625 0.623522278125 0.5645025484375 0.7506747140625001 0.5924953796875 0.791943490625 0.5924953796875 0.746213209375 0.56562224375 0.6502912249999999 0.560626890625 0.5762834828125001
0 0.614889646875 0.727251875 0.5947347734374999 0.644714365625 0.5921240562500001 0.5790736625 0.5756996812499999 0.5699844265625 0.5611433734375 0.5855996734375 0.56730183125 0.6435989671875 0.5756996812499999 0.687098496875 0.5947347734374999 0.754020821875 0.6120903640625001 0.7651745421875 0.614889646875 0.727251875
6 0.659678178125 0.7372902406249999 0.6328050421875 0.606791696875 0.6229212828125 0.548381696875 0.601453078125 0.54656165 0.5958545125 0.5733305343749999 0.59081579375 0.60902245 0.6171290390624999 0.6647910546875 0.63224519375 0.7350594874999999 0.64904089375 0.762943790625 0.659678178125 0.7372902406249999
6 0.6910301421875 0.6982522171875 0.669755571875 0.5922918687500001 0.6642175671875 0.5274553578125001 0.6255268890625 0.5454462328125 0.6283261718750001 0.5889457390625 0.6445620234375 0.6224069234375 0.6591182875 0.6837523890625 0.6708753109375001 0.728367271875 0.691589990625 0.745097853125 0.6910301421875 0.6982522171875
4 0.7181127171874999 0.5023437515625 0.660797875 0.524254209375 0.657998590625 0.5688690921874999 0.6859914234375 0.6413682578125 0.719022975 0.7350594874999999 0.7587727875 0.6960214640625 0.7263010859375 0.5755612875 0.7181127171874999 0.5023437515625
4 0.7968430140625 0.6290991390625 0.7794874671875001 0.5532538453125 0.78060720625 0.5086389609374999 0.7706079921875 0.4632812515625 0.746455959375 0.48075465937499995 0.7268609765625 0.4673701859375 0.71566384375 0.5197926828125 0.7352588265625 0.5688690921874999 0.7542939171875 0.6290991390625 0.78228675 0.67706013125 0.7968430140625 0.6290991390625
4 0.83850188125 0.43816964374999995 0.7699699203125 0.44617816250000003 0.7766881828125001 0.5030621 0.7778079234375 0.5554845765625 0.7923642296875 0.5777920187500001 0.8125190171875 0.557715371875 0.8427513281250001 0.507523628125 0.8393921546875 0.42610143125000005 0.83850188125 0.43816964374999995