11 0.4781076796875 0.4852073984375 0.48196952812499994 0.39361979375 0.483333028125 0.373298384375 0.4445785015625 0.3689608265625 0.44283671875 0.3975887359375 0.4367404953125 0.5060276906250001 0.4397886234375 0.5684885015625001 0.475059584375 0.57022353125 0.4781076796875 0.4852073984375
11 0.40843662968750005 0.4747972515625 0.403211315625 0.55721085625 0.42541895625 0.57022353125 0.43717593125 0.5693560328125 0.44065949687500006 0.4904124546875 0.43804684062500004 0.3637557703125 0.4144644921875 0.3578125015625 0.40843662968750005 0.4747972515625
9 0.40364675156249996 0.3637557703125 0.380711975 0.3675781265625 0.37621376406249996 0.4531094609375 0.37316566875 0.52684795 0.3666340078125 0.5459332781249999 0.3849226453125 0.573693590625 0.40277587812500004 0.55113826875 0.409742975 0.530318009375 0.4053885359375 0.4539769921875 0.40364675156249996 0.3637557703125
15 0.3657631328125 0.374165915625 0.3453262703125 0.37625868125 0.3457326796875 0.4340241984375 0.34137823906250003 0.49561754375 0.33920101874999997 0.5251129531250001 0.3526998109375 0.565018475 0.3627150046875 0.5563433578125 0.3757783265625 0.5181728328124999 0.37229479374999996 0.4721947234375 0.3657631328125 0.374165915625
15 0.347039025 0.364623284375 0.31133262500000003 0.35594816875 0.3104849609375 0.37625868125 0.30436549375 0.44183181562499996 0.299140178125 0.50863021875 0.30349461875 0.5459332781249999 0.3178642859375 0.5415957203125 0.32657316718749996 0.5598133843750001 0.3409428015625 0.5415957203125 0.343120021875 0.46698966718749996 0.347039025 0.364623284375
13 0.28272079375 0.361067709375 0.23382356875000002 0.378503475 0.2346944609375 0.45224196250000004 0.2434033421875 0.487809925 0.2608211046875 0.48954495624999994 0.2838996359375 0.48607489687500005 0.28520598124999996 0.437494259375 0.28272079375 0.361067709375
3 0.476365896875 0.392690965625 0.47549502187500003 0.5037324484375 0.4785431171875 0.567928321875 0.5172976453125 0.5618557328125 0.5133786421875 0.48898474375 0.511911278125 0.3871093765625 0.476365896875 0.392690965625
3 0.5469078546875 0.472502059375 0.5434862140625001 0.3871093765625 0.5434242890625 0.36840063125 0.510330546875 0.3779432625 0.5142495499999999 0.4837796703125 0.5155558625000001 0.5644582625 0.5460369468749999 0.5653257609375 0.552568640625 0.5445055015625 0.5469078546875 0.472502059375
1 0.5930649515625 0.5063349765625 0.5773889390625 0.4369340453125 0.578327521875 0.3198350703125 0.577824409375 0.30507229687500004 0.5503914203125 0.3076748171875 0.550826825 0.4195838140625 0.5503914203125 0.524552740625 0.5591003015625 0.5566506453125 0.5904522609375 0.548843059375 0.5930649515625 0.5063349765625
7 0.5956775765625 0.3710031671875 0.5948067015625 0.49158728749999997 0.598725671875 0.5419029734375 0.618320653125 0.542770471875 0.6226750953125 0.4837796703125 0.6235123437500001 0.37625868125 0.5956775765625 0.3710031671875
7 0.6226750953125 0.36059302187500003 0.623110565625 0.5028649656249999 0.6261586609375 0.5601207046875001 0.664913221875 0.5497105578125 0.6631714046875 0.46469442499999997 0.6550872812499999 0.3686631953125 0.6226750953125 0.36059302187500003
5 0.7158601640625 0.523685209375 0.7006196203124999 0.42739143124999995 0.700272103125 0.371918403125 0.7010550249999999 0.343242796875 0.65663974375 0.3493153765625 0.6631714046875 0.452549265625 0.6614296562499999 0.529757796875 0.6731866328125 0.5557831453125 0.6897335203125 0.5349628531249999 0.7158601640625 0.523685209375
10 0.46591526562499996 0.584275090625 0.46199626406250005 0.6536760046875 0.45981904218749997 0.7256794625 0.485074778125 0.7265469609374999 0.48986468906249997 0.6371932703125001 0.48904666875 0.585677084375 0.46591526562499996 0.584275090625
10 0.4319506171875 0.7430296953125 0.4602544796875 0.741294665625 0.46243169999999995 0.668423675 0.46765701562500006 0.5773349703124999 0.437873496875 0.5780815984375 0.43804684062500004 0.64413335625 0.4319506171875 0.7430296953125
10 0.432386053125 0.573864928125 0.4084761421875 0.5780815984375 0.4049530984375 0.646735884375 0.3966796546875 0.7343545796875001 0.394066996875 0.7812001875 0.40582397343750004 0.8072255687500001 0.420629078125 0.771657571875 0.429337959375 0.6883764703125 0.44109493437499997 0.6033603203125 0.432386053125 0.573864928125
14 0.3849226453125 0.5677923390624999 0.3692796703125 0.5726562515625 0.3675048828125 0.6181080078125001 0.37185932187500004 0.6744962640625001 0.3749074515625 0.7551748375 0.386228990625 0.7794651906250001 0.394502434375 0.7430296953125 0.39929231249999997 0.6493384468750001 0.4053885359375 0.584275090625 0.3849226453125 0.5677923390624999
14 0.3283149171875 0.6337232265625 0.3283149171875 0.752572309375 0.3526998109375 0.760379928125 0.36402135 0.6857739078125 0.368375790625 0.5912151437500001 0.352264340625 0.5669248578125 0.3295388015625 0.5726562515625 0.3283149171875 0.6337232265625
12 0.2353583890625 0.6594618062500001 0.272142659375 0.728281990625 0.32178325625 0.6389282828125 0.3361529234375 0.5782024859375 0.3191705984375 0.55564718125 0.290866734375 0.5304893468749999 0.273448971875 0.5860100874999999 0.2353583890625 0.6594618062500001
12 0.22729190781250003 0.665821146875 0.2751907546875 0.58340754375 0.28694773125 0.5270192875 0.26604642031250003 0.49318633749999996 0.23425900624999998 0.48190869999999997 0.1901735671875 0.6019531265625 0.22729190781250003 0.665821146875
2 0.492477346875 0.7352220765624999 0.5129432046875 0.7386921375 0.5146849875 0.66321861875 0.518168553125 0.564322296875 0.49122425 0.5835069453124999 0.4907355640625 0.65714603125 0.492477346875 0.7352220765624999
2 0.5159913328125 0.5686598546875 0.519474865625 0.640663346875 0.518168553125 0.73175205 0.53994075625 0.7326195484375 0.545166071875 0.6302531671875 0.5489301671875 0.5704861125 0.5159913328125 0.5686598546875
0 0.579566159375 0.6458683875 0.5826826859375001 0.5628906265625 0.5495205453125 0.571262415625 0.54995595 0.6319882296875 0.5547458609375 0.7022566421875001 0.5608420515625 0.7855377453125 0.577824409375 0.7959478921875001 0.5847914750000001 0.778597659375 0.579566159375 0.6458683875
6 0.57695346875 0.598155246875 0.5878395703125 0.7074616984375 0.5991611421874999 0.784670246875 0.631383975 0.778597659375 0.613530809375 0.666688678125 0.6197015765625 0.5835069453124999 0.57695346875 0.598155246875
6 0.6178852499999999 0.584275090625 0.62659413125 0.719606875 0.639657453125 0.7803326890625 0.660994184375 0.76992254375 0.6575106203125001 0.6640861171875 0.6599868390625 0.5911024312500001 0.6178852499999999 0.584275090625
4 0.7044542484375 0.5304893468749999 0.6892136734375 0.5877451 0.694003584375 0.6397957984375 0.7471277796875 0.665821146875 0.7770318609375 0.566145834375 0.7297100171875 0.5088015390625 0.7044542484375 0.5304893468749999