13 0.28521701875 0.3814037140625 0.27724280625 0.4099924 0.26680816875 0.46641818125 0.253392203125 0.5060152203125 0.249417103125 0.5357130015625 0.256373528125 0.5505618906249999 0.26134240468750003 0.5505618906249999 0.27128015625 0.5624410015625 0.2792303578125 0.5664007062499999 0.3010934109375 0.5545215953125 0.3060622859375 0.3773248421875 0.2956276484375 0.3733651375 0.28521701875 0.3814037140625
13 0.35227283125 0.5317532968750001 0.3398506421875 0.40009313906250005 0.327925340625 0.38326439687499997 0.32047202656249996 0.3931636578125 0.31152805 0.4713678109375 0.3030809609375 0.5060152203125 0.297118309375 0.5367029265625 0.295130759375 0.5644208546875 0.3030809609375 0.5802596703125 0.3100373875 0.5842193734375 0.3209689140625 0.576299965625 0.331403553125 0.5871891515625001 0.33885686718749997 0.5871891515625001 0.34879461875 0.576299965625 0.35276971874999996 0.5574913718750001 0.35227283125 0.5317532968750001
15 0.34780084375000003 0.512944703125 0.3413413046875 0.5396727046875001 0.334881765625 0.5614510765625 0.33885686718749997 0.5812495953125 0.34978839375000004 0.5960984859375 0.3627074703125 0.5980783375 0.370160784375 0.5931287078125 0.3786078734375 0.5921387828125 0.388545625 0.5703604109375 0.3771172109375 0.3802946203125 0.364235253125 0.3814037140625 0.34780084375000003 0.512944703125
15 0.388545625 0.40702262187500005 0.36867012187500003 0.5555115203125001 0.36668257187500003 0.5812495953125 0.3746327734375 0.589169003125 0.38258297343750003 0.6030279671875001 0.388545625 0.6059977453125 0.403949140625 0.5980783375 0.4128931171875 0.601048115625 0.41885576718750006 0.5871891515625001 0.42034642968749997 0.5475921125000001 0.41040867812500004 0.4080125484375 0.3989802640625 0.38326439687499997 0.388545625 0.40702262187500005
9 0.41939892656250005 0.4012145703125 0.41090556562499997 0.5119547765625 0.403949140625 0.5624410015625 0.40345225156250003 0.5792697437500001 0.408918015625 0.5960984859375 0.41637132968749996 0.608967525 0.42432153125000005 0.6178768578125 0.4337623953125 0.6109473765625 0.444197034375 0.5951085609375 0.44370014687500003 0.5505618906249999 0.43674372031250003 0.3971233609375 0.43028418124999995 0.3901938796875 0.41939892656250005 0.4012145703125
11 0.460594325 0.4050427703125 0.44966279687500005 0.419891659375 0.44370014687500003 0.5238338890625001 0.4402219328125 0.5644208546875 0.4402219328125 0.5921387828125 0.447675246875 0.606987671875 0.4561223359375 0.6139171546875 0.4660600875 0.612927228125 0.4710289625 0.601048115625 0.47202273906250003 0.5842193734375 0.47202273906250003 0.5634309281250001 0.4700351875 0.5357130015625 0.47202273906250003 0.4218715125 0.460594325 0.4050427703125
11 0.485935590625 0.40702262187500005 0.4810232109375 0.4170632546875 0.4745071765625 0.5238338890625001 0.4695383015625 0.5555115203125001 0.4715258515625 0.6059977453125 0.4789791640625 0.6178768578125 0.4914013546875 0.6218365609375 0.50233288125 0.619856709375 0.5092893078125 0.607977596875 0.5102830828125 0.5832294484375 0.50978619375 0.482256996875 0.50581109375 0.4268211421875 0.4998484421875 0.40405284375 0.485935590625 0.40702262187500005
12 0.1992314578125 0.644604859375 0.21711940937500002 0.625796265625 0.20270967031249998 0.6584638234375 0.2002252328125 0.682222046875 0.21165364687500002 0.685191825 0.22309576406249998 0.6785665562500001 0.2459388890625 0.6495544890625 0.252895315625 0.6347056 0.252895315625 0.61688693125 0.24892021562500002 0.607977596875 0.24395133906250002 0.5733301890625 0.23152915 0.56739063125 0.2255664984375 0.5436324078125 0.2046972203125 0.5495719640625001 0.19972834374999998 0.5812495953125 0.19326880625 0.6178768578125 0.1897905921875 0.631735821875 0.1992314578125 0.644604859375
12 0.2593548546875 0.6980608625 0.252895315625 0.71686945625 0.2593548546875 0.7297384953125 0.27326770625 0.7109299015625 0.28469612031249997 0.6911313812500001 0.293143209375 0.6396552296875 0.3100373875 0.6059977453125 0.3070560625 0.5951085609375 0.2981120859375 0.5733301890625 0.288671221875 0.5654107796875001 0.2832054578125 0.5644208546875 0.26084551718750004 0.551551815625 0.254385978125 0.5634309281250001 0.251901540625 0.575310040625 0.251901540625 0.59114885625 0.252895315625 0.6119373015625 0.24892021562500002 0.6396552296875 0.2414669015625 0.6743026390625 0.2374918 0.7000407140625 0.24047312656250003 0.7218190875 0.249913990625 0.71686945625 0.2618392921875 0.676282490625 0.26134240468750003 0.6921213078124999 0.2593548546875 0.6980608625
12 0.327428453125 0.7515168671875 0.33885686718749997 0.7178593828125 0.34879461875 0.6723227875 0.35276971874999996 0.6584638234375 0.369663896875 0.6109473765625 0.3582354828125 0.589169003125 0.34879461875 0.589169003125 0.334881765625 0.5921387828125 0.32593778906250004 0.5792697437500001 0.3090436125 0.5792697437500001 0.3020871859375 0.588179078125 0.3010934109375 0.6059977453125 0.3031079390625 0.635973215625 0.2991058609375 0.66638323125 0.28767744687499996 0.7020205671874999 0.2817147953125 0.737657903125 0.2851930078125 0.7574564234375 0.29612453437499997 0.744587384375 0.3110311625 0.706970196875 0.3189813640625 0.6980608625 0.3080498375 0.7297384953125 0.3020871859375 0.7515168671875 0.30159029843749996 0.7703254609375 0.31500626249999997 0.769335534375 0.327428453125 0.7515168671875
14 0.3984833765625 0.6426250078125 0.40047092656250005 0.6267861906250001 0.3935145 0.606987671875 0.376659503125 0.59932313125 0.3607199203125 0.6030279671875001 0.3542603828125 0.6149070796875 0.3562479328125 0.6416350828125 0.35078216875 0.6733127140625 0.34680706875 0.713899678125 0.34283196718750003 0.7495370140625 0.3403475296875 0.781214646875 0.34481951718750004 0.78517435 0.3592292578125 0.7633959781249999 0.37662032343749996 0.7158795312499999 0.38705496250000004 0.6673731578125001 0.3984833765625 0.6426250078125
14 0.4014647015625 0.612927228125 0.3910300625 0.6218365609375 0.3835767484375 0.6426250078125 0.3815891984375 0.682222046875 0.37662032343749996 0.8010131656249999 0.38755185000000003 0.811902353125 0.40047092656250005 0.8010131656249999 0.42034642968749997 0.6891515296875 0.42879351874999994 0.6347056 0.42283086875000003 0.6228264875 0.410453465625 0.61319073125 0.4014647015625 0.612927228125
8 0.42929040625 0.6267861906250001 0.42432153125000005 0.650544415625 0.4183588796875 0.6941011593749999 0.41388689218749997 0.7614161265625 0.41388689218749997 0.7980433890625 0.42929040625 0.781214646875 0.4402219328125 0.744587384375 0.45512856093750004 0.6624235281249999 0.45021106875 0.6270583296875001 0.4412157078125 0.6218365609375 0.42929040625 0.6267861906250001
10 0.45960055000000005 0.782204571875 0.46556319999999995 0.80299301875 0.4774885015625 0.7980433890625 0.4784822765625 0.7020205671874999 0.481960490625 0.637675378125 0.4640725375 0.62876604375 0.45115345937500007 0.631735821875 0.45165034843749996 0.6743026390625 0.45960055000000005 0.782204571875
10 0.485438703125 0.7297384953125 0.485438703125 0.7861642765625 0.4968671171875 0.8049728703125 0.50233288125 0.7604262015625001 0.507362621875 0.6270583296875001 0.49189824218749995 0.625796265625 0.482457378125 0.6347056 0.4799729390625 0.657473896875 0.485438703125 0.7297384953125
2 0.5271772609375 0.8168519828124999 0.5346305734375 0.637675378125 0.526744453125 0.6310205015625 0.50630798125 0.624806340625 0.50630798125 0.687171678125 0.50978619375 0.7574564234375 0.5157488453125 0.7980433890625 0.5271772609375 0.8168519828124999
2 0.5297077875 0.6307866062499999 0.5252358 0.6436556437500001 0.52722335 0.6693937187500001 0.5331860015625 0.7515575765625 0.5386517640624999 0.828771803125 0.5540552796875 0.8129329875 0.5580535656250001 0.6270583296875001 0.549086403125 0.62484705 0.541136203125 0.6228671968749999 0.5297077875 0.6307866062499999
2 0.5550490546875 0.71987994375 0.5764152203124999 0.799074025 0.5967876109375 0.8218423218750001 0.606228475 0.8139229140625 0.6067253625 0.7733359484375 0.6007627125 0.7080008328125 0.5635202359375 0.623096159375 0.5525646156249999 0.65652468125 0.550577065625 0.6802829046875 0.5550490546875 0.71987994375
6 0.588340521875 0.6872123859375 0.6186506656249999 0.8079833578125 0.6266008656250001 0.8168926921875 0.6345510671875 0.8040236546875 0.6116942390625 0.6208873453125 0.6027502625000001 0.6010888265625 0.58886570625 0.61319073125 0.583371646875 0.6268269015625 0.5774089953125 0.6426657171875 0.588340521875 0.6872123859375
6 0.6047378125 0.6536881343750001 0.6171600015625 0.6675470984375 0.6285884171875 0.7269426578125 0.6355448421875 0.76159006875 0.64200438125 0.7803986625 0.657407896875 0.8031669593749999 0.667842534375 0.7942576265625 0.64250126875 0.6061716875000001 0.6107323890624999 0.6013042171875 0.6037440375 0.6309198375 0.6047378125 0.6536881343750001
4 0.7051091031250001 0.7437714 0.71902195625 0.7566404390625 0.71951884375 0.727932584375 0.703618440625 0.6566579124999999 0.697158903125 0.5794436859375 0.6832460499999999 0.5725142046875 0.6698300859375 0.5764739078125001 0.666351871875 0.58736309375 0.662873659375 0.5913227984375 0.6474701453125 0.5893429453125 0.6370355046875 0.6012220578125 0.6345510671875 0.6249802812499999 0.64299815625 0.6507183578125 0.6579047828125 0.6784362859375 0.661382996875 0.7180333250000001 0.6728114109375001 0.7437714 0.6857304875 0.7606001421874999 0.700637115625 0.76159006875 0.6941775765625 0.7299124359375 0.6872211515625 0.6883355453125 0.7051091031250001 0.7437714
4 0.75926985 0.71308369375 0.758276075 0.6823959890625 0.7458538859375 0.558655240625 0.737903684375 0.546776128125 0.72647526875 0.5507358328125 0.7165870046875 0.5656446765625 0.699146453125 0.565584721875 0.6956682390625 0.5853832406249999 0.6926869140624999 0.6041918359375 0.703121553125 0.6328996890624999 0.7120655296875 0.6695269515625 0.72548149375 0.7041743609375 0.7403881218749999 0.7318922875 0.7508227609375 0.734862065625 0.740885009375 0.6942751 0.7388974593750001 0.684375840625 0.7547978625 0.7229829546875 0.75926985 0.71308369375
4 0.8134305968750001 0.646758653125 0.8104492703125 0.6091414656249999 0.7965364187499999 0.5725142046875 0.7915675421875 0.5517257578125 0.779642240625 0.5299473859375 0.7618112781249999 0.557720334375 0.7577791875 0.5725142046875 0.745356996875 0.5794436859375 0.739891234375 0.6081515390625001 0.741878784375 0.6328996890624999 0.7567854125 0.6517082828125 0.7741764765625 0.668537025 0.7905737671875 0.6913053234375 0.80150529375 0.6883355453125 0.79454886875 0.652698209375 0.80299595625 0.6556679875 0.8084617203125 0.664577321875 0.8134305968750001 0.646758653125
5 0.7518165359375 0.5019629953125 0.7473445484375 0.48018462343749996 0.7284628203125 0.3752524671875 0.71951884375 0.3693129125 0.7016779046875 0.3922996859375 0.701134003125 0.429698396875 0.703121553125 0.4722652140625 0.704115328125 0.4999831421875 0.704115328125 0.5296809234375 0.704115328125 0.5455197375 0.7100779796875 0.5564089234375 0.72150639375 0.5593787015625 0.7329348078125 0.553439146875 0.741381896875 0.5484895171875 0.7478414359375 0.5336406265625 0.7518165359375 0.5178018109375 0.7518165359375 0.5019629953125
5 0.6588985578125001 0.5108723296875 0.6544265703125001 0.5613585546875 0.6564141203125 0.5712578140625 0.6693331984374999 0.5811570749999999 0.6777802859375 0.5811570749999999 0.6892087015625 0.5771973703125 0.703121553125 0.5682880359375 0.7090842046875 0.55739885 0.704115328125 0.5108723296875 0.6787740624999999 0.3712927640625 0.661879884375 0.398020765625 0.6588985578125001 0.5108723296875
7 0.630079078125 0.5088924765625 0.6266008656250001 0.5465096640625 0.627594640625 0.5752175187499999 0.6345510671875 0.5890764828124999 0.6464763687499999 0.5930361859375 0.6544265703125001 0.5890764828124999 0.663867434375 0.573237665625 0.664364321875 0.5455197375 0.6454825937499999 0.392081209375 0.63852616875 0.37624239375 0.6231566390625 0.386356428125 0.630079078125 0.5088924765625
7 0.5943031734375 0.5771973703125 0.5957938359375 0.5969958890625 0.6107004640625 0.60095559375 0.6186506656249999 0.6118447796875001 0.6310728546875 0.6019455203125 0.6365386171875 0.5811570749999999 0.6270977531249999 0.397030840625 0.6181537765625 0.385151728125 0.6087129124999999 0.39901069218749996 0.5967876109375 0.542549959375 0.5943031734375 0.5771973703125
1 0.5764152203124999 0.50097306875 0.5724401203125 0.542549959375 0.5729370078125 0.579177221875 0.582377871875 0.6049152984374999 0.5933093984375 0.6078850765625 0.6136817890625 0.5722477406250001 0.5992720484375 0.42672861875 0.5957938359375 0.398020765625 0.5819081265625 0.3922996859375 0.5749245578125 0.435637953125 0.5764152203124999 0.50097306875
3 0.56448991875 0.6197641875000001 0.5754214453125 0.597985815625 0.5769121078125 0.553439146875 0.56747124375 0.4029703953125 0.549605075 0.405176740625 0.547595740625 0.5059226984375 0.544614415625 0.5524492203125 0.545111303125 0.6118447796875001 0.56448991875 0.6197641875000001
3 0.5222360046875 0.6277323234375001 0.5421115078125001 0.62278269375 0.549067934375 0.606943878125 0.549067934375 0.5505180968750001 0.5411177328125001 0.40796875468750005 0.53366441875 0.3960896421875 0.5177989921874999 0.40814837031250006 0.511304478125 0.5406188375000001 0.508323153125 0.6138733609375 0.5222360046875 0.6277323234375001