11 0.4883978578125 0.3910824703125 0.4889377578125 0.36765964218749997 0.4479078203125 0.3705875234375 0.44574838437500003 0.4916053734375 0.451686915625 0.5794409265625 0.4889377578125 0.5794409265625 0.4894776171875 0.51014845 0.4883978578125 0.3910824703125
11 0.41011711875 0.4642787640625 0.41281645468750006 0.5306433968750001 0.4133563546875 0.58920043125 0.4473679609375 0.58236876875 0.4425091484375 0.45842307499999996 0.4414294296875 0.37937105625 0.41231437812499994 0.3856445328125 0.41011711875 0.4642787640625
9 0.3819418078125 0.3490234390625 0.375565653125 0.4389040640625 0.375565653125 0.5150282015625 0.370706840625 0.55699414375 0.39068190937499997 0.5852966515625 0.4117367359375 0.55699414375 0.41551579062500005 0.5121003578125001 0.4117367359375 0.352044446875 0.3819418078125 0.3490234390625
15 0.3447932 0.4720863609375 0.33399585625 0.5433307453125 0.35397096562499997 0.5608978875 0.375565653125 0.5472346375 0.3831237609375 0.5277156265625 0.3782649890625 0.37253939375 0.34211999375 0.3734375015625 0.3447932 0.4720863609375
15 0.3307566609375 0.5345472140624999 0.3404742859375 0.4964851265625 0.323738371875 0.447687596875 0.309722584375 0.3770996109375 0.309701834375 0.3735153671875 0.274070609375 0.37253939375 0.2816287375 0.45842307499999996 0.2843280734375 0.5257636437500001 0.2940456984375 0.5472346375 0.312941028125 0.53161936875 0.3307566609375 0.5345472140624999
13 0.24425282187500003 0.3368164078125 0.2422184375 0.422312896875 0.24329817656250002 0.49355728125000004 0.23627990781250002 0.5257636437500001 0.2686719375 0.55113838125 0.2832483546875 0.5286915249999999 0.2837882140625 0.4564711671875 0.2735307296875 0.336429271875 0.24425282187500003 0.3368164078125
13 0.2098264078125 0.42524074062499995 0.19524999062499998 0.489653465625 0.21792441562499998 0.5286915249999999 0.24005898124999997 0.5179561203125 0.24437791406249998 0.4691585171875 0.23627990781250002 0.3422849421875 0.20780573750000003 0.3355957046875 0.2098264078125 0.42524074062499995
3 0.49758234687499997 0.3783951203125 0.4948830109375 0.47794208749999995 0.4970424875 0.5706573921875 0.5245757046875 0.5882244953125 0.538072384375 0.526739615625 0.5371793874999999 0.3880859390625 0.49758234687499997 0.3783951203125
3 0.5769428046875 0.4867256203125 0.56890185 0.4149414078125 0.567765078125 0.39401031406250003 0.538072384375 0.399866040625 0.5348331890625 0.5238117718749999 0.5396919609374999 0.58236876875 0.55750759375 0.5950561578125 0.57910228125 0.5755371453125 0.5769428046875 0.4867256203125
1 0.6087236640625 0.3844238296875 0.5753232265625 0.377419146875 0.5753232265625 0.5199079546875 0.5807218984375 0.5745611734375 0.5990773500000001 0.5901764046875 0.6244511312500001 0.5687054828125 0.6120341703125 0.47501420625 0.6087236640625 0.3844238296875
7 0.633088996875 0.45159141406250003 0.6168929828125 0.5013648796875 0.6266106078125 0.5472346375 0.6509046296875 0.5579700046875 0.66332155 0.4847737125 0.6886953328125001 0.34716469375000003 0.66069450625 0.3404785171875 0.633088996875 0.45159141406250003
7 0.7086704421875 0.4720863609375 0.7329137296875 0.3416992203125 0.689235190625 0.3276456828125 0.6557634015625 0.470134453125 0.6449660578125 0.5306433968750001 0.663861409375 0.556018134375 0.6908547671874999 0.5638257296875 0.7043514875 0.55699414375 0.7086704421875 0.4720863609375
5 0.750240196875 0.44963950625000004 0.7592366234375 0.3404785171875 0.7324245640625 0.3403330328125 0.7070508234374999 0.471110425 0.70597110625 0.5238117718749999 0.7135292140625 0.5482104984375 0.7421421890625 0.55113838125 0.758878021875 0.5179561203125 0.750240196875 0.44963950625000004
5 0.7909590859375 0.3319335953125 0.7572584859375 0.3344773265625 0.7491604796875 0.47306233437499995 0.75563886875 0.5121003578125001 0.770755165625 0.5189320203125 0.80530663125 0.48379777500000004 0.7885707171874999 0.428168584375 0.7909590859375 0.3319335953125
10 0.45559478125 0.6074039296875 0.4572143984375 0.6874318484375 0.4572143984375 0.779171290625 0.4901462875 0.7860028796874999 0.4825881390625 0.71475849375 0.4879083296875 0.5980468765625 0.45559478125 0.6074039296875
10 0.42374260937499997 0.8162573328124999 0.44641705624999994 0.8513915750000001 0.45451506249999996 0.7440370109375001 0.4566744984375 0.6074039296875 0.421088675 0.6078125015625 0.421043275 0.6727925890625001 0.42374260937499997 0.8162573328124999
8 0.3893662140625 0.5919433609375 0.3816329953125 0.6376583828125 0.378933659375 0.7411091296875 0.378393759375 0.7967383203125 0.4070067359375 0.84846369375 0.41564460312499996 0.750868634375 0.4221230328125 0.6171634359375 0.394049915625 0.588860853125 0.3893662140625 0.5919433609375
14 0.34819450625 0.5833984390625 0.344382153125 0.6298507843750001 0.33898348125 0.7391572578125001 0.3422226765625 0.8045459171875 0.358418690625 0.79381055 0.37569442343750004 0.6786483140625 0.3870316671875 0.6171634359375 0.3702957515625 0.5869089453125 0.34819450625 0.5833984390625
14 0.33412466875 0.5800773015625 0.307697746875 0.5968261734375 0.30281235624999997 0.6815761593749999 0.30281235624999997 0.7850269046875 0.314689459375 0.798690303125 0.3260266609375 0.7811231265624999 0.33250505 0.6864559125 0.348701065625 0.5995962953125 0.33412466875 0.5800773015625
12 0.2396479140625 0.712806584375 0.278518334375 0.65132170625 0.28931567812500003 0.6005722671875 0.2558439296875 0.5615342265625001 0.23478910156250002 0.5654380437500001 0.210505521875 0.6358886734375 0.2396479140625 0.712806584375
2 0.485827334375 0.6074039296875 0.4874469515625 0.690359728125 0.49608481875 0.7606281781249999 0.5176795046875 0.7616041140625 0.5165997875 0.7089027671875 0.5128813328125 0.6065917984375 0.485827334375 0.6074039296875
2 0.5506783078125 0.6029296890625 0.512280834375 0.598620359375 0.5139004515625001 0.6425381359375 0.5192991234375001 0.7391572578125001 0.521458559375 0.7996661640625 0.5522310125 0.7967383203125 0.55061139375 0.6737685609375 0.5506783078125 0.6029296890625
0 0.5884752843750001 0.5895019546875 0.5495316765625 0.6054520203125 0.5549303484375 0.6874318484375 0.5592492609375 0.779171290625 0.575985175 0.8035700562500001 0.5997392984375 0.7820990609375 0.5943406265625 0.684504003125 0.5884752843750001 0.5895019546875
6 0.6342908046875 0.6522976421875 0.6343716125000001 0.5907226578125 0.593260909375 0.6064279578125 0.5970399625 0.7303736875 0.6105366421875 0.7908826312499999 0.6251130796875 0.8035700562500001 0.6337509875 0.7947864109375 0.6294320328125 0.7313496234375 0.6342908046875 0.6522976421875
6 0.6661430171875 0.7664838671875 0.667222734375 0.66986474375 0.6748683734375 0.6090332046875 0.6494071015625 0.5849570546875 0.6288921328125 0.6122836828125 0.6364503234375001 0.65132170625 0.63213136875 0.7342775046875001 0.6353705234375 0.8025940453124999 0.658045009375 0.8133295609375001 0.6661430171875 0.7664838671875
4 0.7308888921875 0.5650878921875 0.676400459375 0.623995059375 0.7120317265625 0.6981673265625 0.757380534375 0.763556021875 0.7746562671875 0.747940790625 0.778435321875 0.69621541875 0.7449635734375 0.6161874625 0.7308888921875 0.5650878921875
4 0.7816745578125001 0.5293279015625 0.7347061312500001 0.567389934375 0.747662909375 0.6347305375000001 0.788152946875 0.710854675 0.8205449765624999 0.715734428125 0.8140665874999999 0.63180269375 0.7956837078125 0.5907226578125 0.7816745578125001 0.5293279015625