11 0.46335021093749995 0.40428073593749997 0.4653097171875 0.592639228125 0.4834350609375 0.630701278125 0.50303004375 0.5936152375 0.49568192499999997 0.515539115625 0.495252775 0.4100585953125 0.46335021093749995 0.40428073593749997
11 0.4261197515625 0.5340821921875001 0.423670378125 0.5809278140624999 0.43934635 0.6150860828125 0.4653097171875 0.58385573125 0.4667793546875 0.49602010625000004 0.46481985000000003 0.39940098281249997 0.43829540156249996 0.3954101578125 0.4261197515625 0.5340821921875001
9 0.392808265625 0.52139480625 0.3859500515625 0.5809278140624999 0.3932981703125 0.6014227609375 0.40652476875000004 0.598494990625 0.4241602453125 0.5643367203125 0.4349375078125 0.39354529375 0.4058358234375 0.3941894546875 0.392808265625 0.52139480625
15 0.3614563234375 0.5672644906250001 0.3467600859375 0.49992392187499995 0.340916665625 0.4076171890625 0.323735959375 0.3818338796875 0.29924223125 0.40135289218750003 0.3021814703125 0.5292024390625001 0.3002220015625 0.588735484375 0.312958734375 0.595567071875 0.3394119671875 0.5916632546875 0.3614563234375 0.5672644906250001
10 0.46824895624999996 0.720308221875 0.4604109703125 0.648087903125 0.46034341718749994 0.5980468765625 0.4359172421875 0.6070979703125 0.434447603125 0.6305207984375001 0.435427375 0.675414584375 0.44277549374999997 0.7329956109375 0.4476742390625 0.7925286546875 0.47608694218750003 0.7896007359375 0.46824895624999996 0.720308221875
10 0.40113615625000004 0.7925286546875 0.423670378125 0.800336178125 0.434447603125 0.694933596875 0.434447603125 0.641256240625 0.435427375 0.5836751421875 0.3990989296875 0.5858398453125 0.40113615625000004 0.7925286546875
8 0.375213578125 0.5809570328125 0.3722335484375 0.7164044421875 0.3732132828125 0.7935045171875 0.3986867828125 0.8022881234374999 0.403585528125 0.6978613671875 0.40456526249999997 0.5924587125 0.3883994234375 0.5651321031250001 0.375213578125 0.5809570328125
14 0.33417977187500003 0.5956054703125 0.3369625953125 0.7310437015625 0.334513221875 0.8100956828125 0.347249953125 0.8120476296874999 0.35900695 0.7632501375 0.37468292187499996 0.5836751421875 0.35949681718750004 0.5670840125 0.33417977187500003 0.5956054703125
3 0.5079287890625 0.6207612921875 0.5358516609375 0.616857475 0.53536179375 0.5280459875 0.5270339046875 0.40410025625 0.49647766562499995 0.4100585953125 0.5015604421875001 0.56318019375 0.5079287890625 0.6207612921875
3 0.574258165625 0.4259277359375 0.5348718906250001 0.4158116890625 0.5348718906250001 0.5309738312500001 0.5407504078125001 0.6149055671875 0.5608352937500001 0.6178334125 0.5740618921875 0.590506803125 0.57014288125 0.517310509375 0.574258165625 0.4259277359375
7 0.643624065625 0.4958395890625 0.62304935 0.5417092734375 0.62500881875 0.5651321031250001 0.660279771875 0.590506803125 0.681834296875 0.5895308671875 0.70681785625 0.4275230671875 0.662450228125 0.4283691421875 0.643624065625 0.4958395890625
5 0.679384925 0.56318019375 0.6906520546875 0.596362528125 0.72298373125 0.59538655625 0.7328813890625 0.4039550796875 0.69016215 0.5026712515625 0.679384925 0.56318019375
6 0.634806309375 0.6978613671875 0.6416645984375 0.80521593125 0.665668421875 0.818879253125 0.667627890625 0.7593462468750001 0.6597899421875 0.6305207984375001 0.660279771875 0.593434646875 0.615291971875 0.5797363296875 0.634806309375 0.6978613671875