11 0.488533378125 0.29587053750000003 0.4914042890625 0.2722954390625 0.44325662499999996 0.2778722984375 0.4354186234375 0.43067830625000003 0.4342989265625 0.495369878125 0.4818867421875 0.49648523281249995 0.4818867421875 0.41060157343750003 0.488533378125 0.29587053750000003
11 0.39958778906250003 0.48421615781250005 0.42086235937499994 0.504292846875 0.43989749375000003 0.46079331718749994 0.4454960609375 0.2756415671875 0.41294018125000004 0.26099330468750004 0.40630609531250006 0.39610174531250003 0.39958778906250003 0.48421615781250005
9 0.36884415000000004 0.25262276875 0.3704752609375 0.34367924843750003 0.3620774109375 0.45187035 0.3704752609375 0.49425448125000004 0.38167239375 0.5165619234375 0.3990279421875 0.48644691093750003 0.4029469203125 0.40502471250000005 0.4057462046875 0.2522187921875 0.36884415000000004 0.25262276875
15 0.3352471734375 0.27075892968750004 0.33856340625 0.3849480234375 0.3357641234375 0.47417779062500004 0.354239409375 0.5054082015625 0.3771935234375 0.48421615781250005 0.377753371875 0.4206399390625 0.3687956734375 0.4150630796875 0.3581583890625 0.2656032234375 0.3352471734375 0.27075892968750004
15 0.311449315625 0.28191964375 0.304412159375 0.4128323265625 0.304412159375 0.4630240703125 0.3139297484375 0.4987159859375 0.3363240140625 0.48421615781250005 0.3408028421875 0.4418320265625 0.332964840625 0.41060157343750003 0.3380035578125 0.2722954390625 0.311449315625 0.28191964375
13 0.2573841921875 0.2745262328125 0.25825410312499997 0.30005580468750004 0.25010608125 0.40948621875 0.242827928125 0.4641394671875 0.2540250609375 0.495369878125 0.3004931796875 0.50206209375 0.3100107265625 0.4920237703125 0.302732615625 0.42398604687499997 0.3116903125 0.2912568140625 0.2573841921875 0.2745262328125
13 0.1957999828125 0.45298574687500004 0.2450673640625 0.44071662968750003 0.2523455171875 0.40502471250000005 0.224657128125 0.28331473281249997 0.17396556406250002 0.3046412453125 0.1957999828125 0.45298574687500004
3 0.5328336890625 0.499831340625 0.5345132328125 0.29237214843750003 0.4920330640625 0.284709821875 0.4818867421875 0.46637017812500003 0.49644300625 0.4909083734375 0.5328336890625 0.499831340625
3 0.5746256296875 0.30284598281249997 0.5781821109374999 0.29571825625 0.5345132328125 0.2856799546875 0.532273840625 0.39721714218750004 0.5294745578125 0.5009467390625 0.5725835453125 0.5087543515624999 0.575942634375 0.398332496875 0.5746256296875 0.30284598281249997
1 0.5770623296874999 0.390524884375 0.574263046875 0.4897930171875 0.58993905 0.512100459375 0.62297064375 0.5087543515624999 0.6201713609375 0.4083708625 0.6263297328124999 0.293487525 0.5788252515625001 0.28610491250000003 0.5770623296874999 0.390524884375
7 0.6572181968749999 0.27912946562499996 0.6257699265625 0.278987675 0.620731165625 0.3894095296875 0.619051578125 0.48756226406250003 0.6436853218749999 0.5076389546875 0.6571218484375 0.49425448125000004 0.653762759375 0.39610174531250003 0.6572181968749999 0.27912946562499996
7 0.6828752875 0.40614011093749997 0.6817159921875 0.3070312515625 0.6817555921875 0.3024105359375 0.6560021515625001 0.29237214843750003 0.6543225640625 0.43067830625000003 0.662160609375 0.48867762031249995 0.6800760046875001 0.5065235984375 0.6996709875 0.46860093125 0.6828752875 0.40614011093749997
5 0.7349419734375 0.355948365625 0.722065253125 0.44071662968750003 0.723744840625 0.47640854375 0.75789604375 0.47529318906249995 0.788688159375 0.4585626078125 0.7858888765625001 0.26783395468750004 0.7426105125 0.28191964375 0.7349419734375 0.355948365625
5 0.828997821875 0.3615252265625 0.8182037078125 0.27633928750000003 0.8250788421875 0.27675694375000004 0.7791706140625 0.2711800828125 0.7786107234374999 0.31356425625 0.77637133125 0.43513976875000004 0.797086009375 0.4585626078125 0.8357161703125 0.44071662968750003 0.828997821875 0.3615252265625
10 0.4298200578125 0.5210235125 0.430939753125 0.625868421875 0.430939753125 0.7150981468750001 0.4578128890625 0.701713715625 0.4578128890625 0.615830140625 0.46613539375 0.5176897328125001 0.4298200578125 0.5210235125
10 0.374394240625 0.7585976750000001 0.41022507499999994 0.7597130296875 0.42422149062500003 0.6481758640625 0.4320594921875 0.5266003734375 0.3975415671875 0.519084821875 0.38391182968750004 0.6269838609375 0.374394240625 0.7585976750000001
8 0.3867111125 0.5912918609375 0.3926420078125 0.523270090625 0.391189940625 0.5210235125 0.3581583890625 0.5221388250000001 0.35703869374999997 0.6548681640625 0.35367956093749997 0.7340595234375 0.362637259375 0.748559309375 0.374394240625 0.6950215 0.3867111125 0.5912918609375
14 0.3290458609375 0.7340595234375 0.3514401265625 0.7262518671875 0.35367956093749997 0.6370221421875 0.3581583890625 0.524369534375 0.3198485609375 0.533035715625 0.3228874453125 0.6526373265625 0.3290458609375 0.7340595234375
12 0.301053028125 0.592407259375 0.30777129062499997 0.5444462671875 0.2618630625 0.4920237703125 0.233056371875 0.5804687515625 0.260743365625 0.6481758640625 0.301053028125 0.592407259375
12 0.2254723796875 0.59017650625 0.239468796875 0.5555999453125 0.25850393125000004 0.48756226406250003 0.234430078125 0.436255165625 0.20307811406249998 0.44071662968750003 0.1917600875 0.509319196875 0.2254723796875 0.59017650625
2 0.4606121734375 0.6124839484375 0.4673304359375 0.7061752203125 0.492523984375 0.7072905765625 0.4948328109375 0.5218750015625 0.4667705875 0.5266003734375 0.4606121734375 0.6124839484375
2 0.49476342031250004 0.5165619234375 0.49196413593750005 0.62809913125 0.49476342031250004 0.7128674359375 0.5261153828125 0.7262518671875 0.5277949703125 0.6559834343750001 0.5305295984375 0.5218750015625 0.49476342031250004 0.5165619234375
0 0.5328336890625 0.5165619234375 0.5294745578125 0.6403682500000001 0.5289146671875 0.7307133734375 0.559146934375 0.73294416875 0.5625061078125 0.6202915609375 0.5655264484375 0.523270090625 0.5328336890625 0.5165619234375
6 0.604022984375 0.5372209828125001 0.5697842625 0.519908071875 0.5630659140625001 0.5422155140625 0.5731433499999999 0.676060165625 0.582660896875 0.7574823203125 0.6050551625 0.7585976750000001 0.60449535625 0.6325607234375 0.604022984375 0.5372209828125001
6 0.6386465609374999 0.6169454109375 0.6397197718750001 0.53582589375 0.61289320625 0.52325418125 0.6028157703125 0.5555999453125 0.6117735109375 0.62809913125 0.62129105625 0.739636384375 0.630808603125 0.7965203421875 0.6425656265625 0.7831359124999999 0.6386465609374999 0.6169454109375
4 0.6523186375 0.5246651796874999 0.6420057359375 0.5277156859375001 0.63640716875 0.6671371546875 0.6392064515625 0.74186709375 0.6632803046875 0.7474439546875 0.682315396875 0.5745612796875 0.6800760046875001 0.5388694078125 0.6523186375 0.5246651796874999
4 0.6912731375 0.548907815625 0.7215053625000001 0.615830140625 0.7562164578125 0.718444296875 0.8004451843749999 0.6782908765625 0.76461430625 0.554484675 0.7440103859375 0.48978794687500005 0.6912731375 0.548907815625
4 0.807004715625 0.45770089374999995 0.7455792156250001 0.4920237703125 0.7573362390625 0.5422155140625 0.7825297875 0.625868421875 0.8099627296874999 0.67717560625 0.8362759750000001 0.62363766875 0.8239591453124999 0.582368978125 0.807004715625 0.45770089374999995