12 0.239676178125 0.7327809609375 0.2667243 0.6820640515624999 0.2699064328125 0.6456112734375 0.2937724234375 0.598064171875 0.2914302046875 0.56176935 0.2714974984375 0.5567171937500001 0.2619511015625 0.5361134484375001 0.24604044218749999 0.5472077718749999 0.2356985125 0.5773209375 0.2349029796875 0.6121888125 0.21342358749999998 0.6930188875 0.21819678593749997 0.70252830625 0.24922257343749998 0.6407170734375 0.2532002390625 0.664490625 0.23888064375 0.70742250625 0.228538715625 0.7169319265625 0.239676178125 0.7327809609375
14 0.349459734375 0.7628941265625 0.371734659375 0.6392716593750001 0.37974902187500004 0.5921296468749999 0.3543819640625 0.568307590625 0.33479312656250004 0.5816335171875 0.33431535 0.6254187046874999 0.3335490734375 0.7454601890625 0.349459734375 0.7628941265625
14 0.3852587203125 0.5822151375 0.3730152484375 0.6025742593750001 0.37236858125 0.6599493671875 0.3779373125 0.7851567359375 0.37634624687499996 0.807345384375 0.398621171875 0.7487039578125 0.4025988359375 0.6662889812499999 0.4107595921875 0.6273224078124999 0.410779959375 0.606402665625 0.3935596375 0.5787779609375 0.3852587203125 0.5822151375
8 0.40279281562499997 0.7420043390625 0.423476675 0.8275891218749999 0.4338186046875 0.722985496875 0.438591803125 0.64532523125 0.425932603125 0.5789984703125 0.41313474531249994 0.5866838046875 0.4075660140625 0.6088724515624999 0.4043838828125 0.6580044578125 0.40279281562499997 0.7420043390625
10 0.45946679375 0.572087715625 0.4322335328125 0.5873173453125 0.438591803125 0.6580044578125 0.4465471328125 0.7816269234375001 0.4568890625 0.792721246875 0.4608667265625 0.7182307875 0.45946679375 0.572087715625
10 0.4816280203125 0.74619436875 0.48502595312499996 0.6471898015625001 0.48083349062499997 0.59009970625 0.4592756609375 0.5930234171875 0.46166226093749996 0.6532497484374999 0.47041312343749997 0.7610231796875 0.4731331890625 0.7741187328125 0.4816280203125 0.74619436875
13 0.5071592578125 0.5905951609375 0.48502595312499996 0.5862639125 0.48630017812500004 0.6514207640625 0.501166134375 0.7715801546875001 0.5092362234375 0.71488523125 0.5071125171875 0.6488821859375 0.5071592578125 0.5905951609375
2 0.5351454609374999 0.5820329484375 0.5092362234375 0.589648684375 0.512209415625 0.65395934375 0.5258011453125 0.7995045203125 0.531747528125 0.8011969062500001 0.5364196859375 0.7013461453125001 0.5351454609374999 0.5820329484375
2 0.5376939109375 0.600649190625 0.5410918437500001 0.694576603125 0.5478877078125 0.7072694953124999 0.5572320234375 0.8257365 0.5712484953125 0.7715801546875001 0.5712484953125 0.6666522359375 0.5623848265625 0.5795877984375 0.5534093484375 0.5761095968750001 0.542790809375 0.5879562984375 0.5376939109375 0.600649190625
0 0.567425821875 0.607418734375 0.5640278890625 0.6277273640625001 0.573372203125 0.6556517296875 0.592485575 0.766502996875 0.605227821875 0.804581678125 0.6039535984375 0.7402710171875 0.60352885625 0.6260349781250001 0.60225463125 0.5930334562499999 0.598069040625 0.5804345203125 0.58144229375 0.57949436875 0.567425821875 0.607418734375
6 0.59630825 0.5930334562499999 0.595458765625 0.6099573140625 0.6094752390625 0.6438050296875 0.637932925 0.7656568046875 0.64642775625 0.7724263484375 0.64897620625 0.75804106875 0.6387824078125 0.6234964 0.638357665625 0.5811867546875 0.6329036296874999 0.5694271578125 0.6120236875 0.565109090625 0.59630825 0.5930334562499999
12 0.7526479703125 0.5938227046875 0.7500995203125 0.5548978328125 0.7458521046875 0.5320506234375 0.7305614078125 0.5202039234375 0.719990103125 0.5380985125 0.7033779453125 0.5303582390625 0.6940336312500001 0.5447435171875 0.6948831140625 0.576898846875 0.7267387328125 0.7080587453125 0.7441531375 0.7114435171875 0.745002621875 0.6894425015625 0.726313990625 0.6369785421875 0.7284376984375001 0.6090541765624999 0.7543469359375 0.6809805718749999 0.7679386671875 0.6911348875 0.7662397000000001 0.6615181359375 0.7526479703125 0.5938227046875
12 0.7904499703125001 0.6335937703125001 0.798944803125 0.6539024 0.8040417015625 0.6606719437499999 0.8074396343749999 0.6403633140625 0.8019179937500001 0.577745040625 0.8082891171875 0.5489744828124999 0.8010685109375 0.5185115375 0.7929984203125 0.5083572234375 0.7819551390624999 0.521896309375 0.7798886046875 0.5110034671875 0.7696376328125 0.521896309375 0.7611428015625 0.5185115375 0.75392219375 0.5320506234375 0.7526479703125 0.5633597609375001 0.7577448687499999 0.589591740625 0.7594438343750001 0.631901384375 0.7683634078125 0.6606719437499999 0.7747345328125 0.6742110296875 0.784078846875 0.6725186437499999 0.7811056562500001 0.6539024 0.7832293640625 0.6352861562500001 0.7904499703125001 0.6335937703125001
5 0.7529708546875 0.21616924843750002 0.7428098000000001 0.21622686875000002 0.733728678125 0.23259865937500002 0.7301944015624999 0.283451596875 0.7431534171874999 0.3194398296875 0.760824803125 0.371857475 0.7737838203125 0.378116296875 0.7843866515625 0.371075121875 0.7879209296874999 0.34056335781249997 0.79341869375 0.3303927703125 0.7918479046875 0.2998810078125 0.7824231640625 0.2779751265625 0.768678753125 0.26545748125 0.7529708546875 0.21616924843750002
5 0.7494365765625 0.3389986515625 0.7325505859375 0.2920574796875 0.72474271875 0.29607658593749997 0.71566459375 0.32961041875 0.7168426875 0.3851574734375 0.7148792 0.432098646875 0.7168426875 0.46652217343749997 0.7345140734375 0.4813868796875 0.7419753250000001 0.482951584375 0.7474730890625 0.465739821875 0.7529708546875 0.46417511562499997 0.760824803125 0.44696335156250006 0.7635736859375 0.421928059375 0.75061466875 0.371857475 0.7494365765625 0.3389986515625
5 0.710952225 0.45556923281249995 0.711344921875 0.4375751171875 0.6835026421875 0.31173339375000003 0.672075175 0.327263359375 0.6701116875 0.381245709375 0.6712897796874999 0.40941041250000004 0.665792015625 0.4430515875 0.663828528125 0.47903982031250003 0.672467871875 0.50563981875 0.6854268890624999 0.51581040625 0.6964224171875 0.5025104078125 0.7070252499999999 0.5095515828125 0.715271896875 0.48686335 0.71566459375 0.4704339390625 0.710952225 0.45556923281249995
12 0.21627854531250001 0.6368136453125001 0.226311853125 0.59873956875 0.2373007125 0.5777988265625 0.24303403124999998 0.5482914171875 0.23634515937499997 0.5292543796875 0.2267896296875 0.5216395640625 0.2181896515625 0.5149766 0.21197855781250002 0.5035543765625 0.20528968593750002 0.5083136359375 0.19860081406250002 0.4997469703125 0.188112896875 0.5075760093749999 0.179011978125 0.519735859375 0.17614531875 0.5454358609375001 0.17423421249999999 0.5758951234375 0.1737564359375 0.6025469765625 0.1837897421875 0.6168247546875001 0.19238972031249998 0.615872903125 0.1947786015625 0.6415729046875 0.19238972031249998 0.6596580921874999 0.1966897078125 0.6710803140625 0.20528968593750002 0.6710803140625 0.21245633437500003 0.655850684375 0.21627854531250001 0.6368136453125001
13 0.25979674375 0.3236897359375 0.2487534625 0.3052088828125 0.23682671875 0.2981685578125 0.217832275 0.31136916718749996 0.2125315 0.34745083125 0.19707090625 0.383532496875 0.1939787875 0.4108137546875 0.19530398124999998 0.4354548921875 0.207230725 0.4363349328125 0.22048266249999998 0.46801639375 0.22887555625 0.47241659687500004 0.2399188375 0.45745590781249995 0.24566134375 0.43193472968749996 0.25140385 0.39673310625 0.256704625 0.351851034375 0.25979674375 0.3236897359375
13 0.2902762 0.383532496875 0.2893927375 0.327209896875 0.281441575 0.2955284359375 0.26686444374999996 0.3131292484375 0.25714635625 0.337770384375 0.2540542375 0.369451846875 0.24742826875 0.41521395781250003 0.2416857625 0.4486555015625 0.242569225 0.46889643437500006 0.25228731249999997 0.491777490625 0.25847155 0.48561720625 0.267306175 0.49617769375 0.28320850000000003 0.49265753125 0.29248485625 0.474176678125 0.29381005 0.4354548921875 0.2902762 0.383532496875
13 0.3388961765625 0.34034744687499996 0.32741116406250004 0.3174663921875 0.30313391875 0.3351972703125 0.29737343906249997 0.40195028906249997 0.2911892015625 0.44507227812499994 0.2916309328125 0.476753740625 0.2947230515625 0.5005148375 0.3039994078125 0.5154755265625 0.31680961406249997 0.504915040625 0.3322702078125 0.5137154453125 0.3428717578125 0.49875475625 0.3543567703125 0.48467410468749994 0.34861426406249996 0.43539183281250005 0.34110483281250004 0.3852295171875 0.3388961765625 0.34034744687499996
15 0.3861614203125 0.36674866562499997 0.3804189140625 0.324506715625 0.3676087078125 0.3130661890625 0.3530315765625 0.324506715625 0.34773080156249997 0.3852295171875 0.3464056078125 0.4424321578125 0.3419882953125 0.47411361875 0.34110483281250004 0.5005148375 0.3446386828125 0.5154755265625 0.3499394578125 0.5119553640625 0.3565654265625 0.5216358109375 0.36849217031250003 0.5119553640625 0.3760016015625 0.5119553640625 0.3835110328125 0.49787471562499996 0.3919039265625 0.46179305 0.3861614203125 0.36674866562499997
15 0.42326684531250003 0.4265914265625 0.4161991453125 0.37114886875 0.41134010156249995 0.2998655796875 0.4029472078125 0.29018513281249997 0.3870448828125 0.3139462296875 0.3843944953125 0.3957900046875 0.3768850640625 0.468833375 0.37511813906249997 0.5066751203125001 0.3782102578125 0.5242759328125 0.3888118078125 0.5304362171875 0.3954377765625 0.5321962984375 0.40383067031250003 0.5101952828125 0.4091314453125 0.5137154453125 0.4188495328125 0.5181156484375 0.4250337703125 0.482914025 0.4268006953125 0.455632765625 0.42326684531250003 0.4265914265625
9 0.4042724015625 0.5154755265625 0.4086897140625 0.5339563796875 0.41708260781249995 0.5436368265625 0.4281258890625 0.5524372328125 0.44181955781250004 0.5181156484375 0.44226128906250006 0.41339081718750004 0.43828570781250004 0.33594724375 0.4307762765625 0.30074562031249996 0.41491046875000004 0.307018425 0.40515586406250004 0.48995435 0.4042724015625 0.5154755265625
11 0.4400526328125 0.5251559734375 0.4524211078125 0.5524372328125 0.4652313140625 0.5436368265625 0.46788170156250003 0.476753740625 0.46302265781249996 0.354428096875 0.4594888078125 0.2945853359375 0.4471622015625 0.32286902500000003 0.4396109015625 0.3905097609375 0.4378439765625 0.48115394375 0.4400526328125 0.5251559734375
11 0.4652313140625 0.5471569875 0.46964862656250006 0.5629977203125 0.5014532765624999 0.56651788125 0.5018950078125 0.557717475 0.5018950078125 0.494354553125 0.49747769531249997 0.46003296875000005 0.4890848015625 0.3157063109375 0.47848325156250004 0.3104260671875 0.47229901406249997 0.3192264734375 0.46655650781249997 0.5031549578125001 0.4652313140625 0.5471569875
3 0.5098984468750001 0.33343609218750003 0.5045453953125 0.45211260312499996 0.5023367390625 0.5418767453125 0.5027784703125 0.565637840625 0.5155886765625 0.5709180843749999 0.5354665828125 0.5673979234375001 0.5403256265625 0.553317271875 0.5407673578125001 0.5286761359375001 0.5394421640625 0.4793938625 0.5336996578125001 0.4336317515625 0.5301658078125 0.3174663921875 0.5200059890625 0.30778594375 0.5098984468750001 0.33343609218750003
3 0.5420925515625 0.47411361875 0.5376752390624999 0.5022749171875 0.5394421640625 0.5304362171875 0.5443012078125 0.5418767453125 0.5557862203124999 0.5418767453125 0.5632956515624999 0.5357164609375 0.5668295015625 0.5084352015625 0.5637373828125 0.46971341562499996 0.5655043078124999 0.356188178125 0.5579948765625 0.3157063109375 0.5452428109375 0.3351972703125 0.5420925515625 0.47411361875
1 0.5942168390625 0.2822647671875 0.5867724375 0.2920484125 0.5743389328124999 0.34298756875 0.5725720078125 0.4063504921875 0.5659460390625 0.464433171875 0.5632956515624999 0.4908343890625 0.5694798890625 0.5225158515625 0.5822900953125 0.5409967046874999 0.5942168390625 0.5392366234375 0.6052601203125 0.5040349984375 0.6026097328125 0.43011158906249997 0.6017262703124999 0.330667 0.5986341515625 0.29194521406249996 0.5942168390625 0.2822647671875
7 0.6282301453125 0.3139462296875 0.6238128328125 0.2805046859375 0.60797905625 0.2920484125 0.5959837640625001 0.42307126406249995 0.5884743328125001 0.45299264375000003 0.5902412578125 0.5005148375 0.5973089578125 0.5137154453125 0.6065853140625 0.5075551609375 0.6167451328125 0.5225158515625 0.6224876390625 0.5251559734375 0.6273466828125 0.5216358109375 0.6326474578125 0.5119553640625 0.6375065015625 0.482914025 0.6357395765625 0.43715191249999996 0.6282301453125 0.3139462296875
7 0.6379482328125 0.2937052953125 0.6286718765625 0.3773091515625 0.6229293703125001 0.44947248125000006 0.6251380265625001 0.4952345921875 0.6335309203125 0.5031549578125001 0.6445742015625 0.5172356078125 0.6604765265625 0.5137154453125 0.6679859578125 0.5013948765625 0.6693111515625 0.4653132125 0.6626851828125 0.4265914265625 0.6604765265625 0.322746634375 0.6538505578125 0.2884250515625 0.6379482328125 0.2937052953125