11 0.50253211875 0.46049107187500005 0.5042810078125 0.44307675937499996 0.47068960937500004 0.4475382859375 0.4684501734375 0.5490371078125 0.47012971875 0.6404976265625 0.49812255156249996 0.6427283796875 0.502601421875 0.5947673453125 0.50253211875 0.46049107187500005
11 0.43597847187500005 0.535652634375 0.4320594921875 0.6181901859375001 0.45277417187499996 0.6516513484375 0.4662107390625 0.62934390625 0.4684501734375 0.5166913203125 0.4684501734375 0.437499896875 0.435338165625 0.4297991078125 0.43597847187500005 0.535652634375
9 0.39846809375 0.631574659375 0.4303799046875 0.627113153125 0.4354186234375 0.598113496875 0.4298200578125 0.4062694875 0.3870425125 0.4172433046875 0.3895103953125 0.593651990625 0.39846809375 0.631574659375
15 0.316169140625 0.52561433125 0.31281000937500003 0.5657676890625 0.32400714218750004 0.5992288515624999 0.362637259375 0.6070364640625 0.36767597812499997 0.5568447203125 0.360397825 0.4363845640625 0.3170488125 0.43258928750000003 0.316169140625 0.52561433125
13 0.2702609125 0.48880701875000004 0.25794408281250003 0.5401141390624999 0.2814580453125 0.5791521625 0.3156092921875 0.567998440625 0.3116903125 0.486576309375 0.31840857499999997 0.427461553125 0.27225284375 0.4005022328125 0.2702609125 0.48880701875000004
3 0.5028918250000001 0.6349207671875 0.5292050703125 0.6594589609375 0.5415218984375 0.619305540625 0.5410286531249999 0.46188616250000003 0.502331934375 0.44865361875 0.5028918250000001 0.6349207671875
3 0.53760291875 0.6259977984375 0.5527190328125 0.6516513484375 0.576792884375 0.62934390625 0.57252581875 0.4688616078125 0.5398423546875 0.46984572656249995 0.53760291875 0.6259977984375
1 0.5739936015625 0.46092271562500003 0.5762330359375001 0.6259977984375 0.600306846875 0.6416129828125 0.61262371875 0.6048057124999999 0.6059054125000001 0.5691137953125 0.6061227953125 0.46188616250000003 0.5739936015625 0.46092271562500003
7 0.6488189531249999 0.4688616078125 0.607585 0.45869200625 0.6059054125000001 0.5657676890625 0.6148631546875001 0.614844078125 0.6316588109375 0.6248824015625 0.645095421875 0.598113496875 0.6462151171875 0.552383215625 0.6488189531249999 0.4688616078125
7 0.660771425 0.44307675937499996 0.643415834375 0.5758060546875 0.6562925546875 0.60369035625 0.6926832359375 0.593651990625 0.6898839531250001 0.5512678609375 0.6978145437500001 0.46467634062499996 0.660771425 0.44307675937499996
5 0.6988416078124999 0.4475382859375 0.6898839531250001 0.5445756015625001 0.690443759375 0.59588274375 0.7352322906250001 0.5546139671875 0.73075350625 0.5021914703125 0.73351133125 0.44235491250000003 0.6988416078124999 0.4475382859375
5 0.7335527890625 0.5088837500000001 0.7402710515625001 0.555729321875 0.7789011265625 0.5334219015625 0.772707803125 0.43119419687500005 0.73579218125 0.4363845640625 0.7335527890625 0.5088837500000001
10 0.49841295468749997 0.813247428125 0.4962326859375 0.6683593765625 0.47153981875 0.6838642828125 0.477698275 0.8143628250000001 0.49841295468749997 0.813247428125
10 0.44018785468750005 0.8244011484374999 0.46258212031249996 0.8244011484374999 0.46650114218749994 0.747440521875 0.47265955625 0.6649029484375 0.44443734687500003 0.659988840625 0.44578642031250004 0.7340560046875 0.44018785468750005 0.8244011484374999
8 0.400438040625 0.82774725625 0.4390681578125 0.8310934078125 0.446906159375 0.7150946921875 0.44130759375000006 0.644826259375 0.41643986718750003 0.65301339375 0.4049169109375 0.7507865875 0.400438040625 0.82774725625
14 0.376924078125 0.7106332078125 0.362367771875 0.813247428125 0.392040190625 0.82774725625 0.4009978890625 0.7775555125 0.41723374062499996 0.65263389375 0.40435702031250004 0.6359033109375 0.3849427015625 0.6292968765625 0.376924078125 0.7106332078125
14 0.3433326796875 0.8143628250000001 0.36908607656250003 0.8054398140625001 0.3752444921875 0.7084024984374999 0.3847620375 0.6135958703125 0.3450462921875 0.640457590625 0.345572071875 0.7507865875 0.3433326796875 0.8143628250000001
12 0.2492767453125 0.76751716875 0.28790686249999997 0.7206715531250001 0.332135546875 0.624749590625 0.26663229374999997 0.573442428125 0.24983659375 0.6481723671874999 0.2295566859375 0.70184151875 0.2492767453125 0.76751716875
2 0.5234817515625 0.80209370625 0.5179307328125 0.6613839296874999 0.49716850625 0.6671337015625001 0.503326921875 0.808785965625 0.5234817515625 0.80209370625
2 0.5178831859375 0.6649029484375 0.5218022078125 0.74967123125 0.5279606218749999 0.8099013203125001 0.5486753015625 0.8076705671875001 0.543076734375 0.7519019625000001 0.548028025 0.6585937515625 0.5178831859375 0.6649029484375
0 0.5746256296875 0.655803571875 0.5503548890625 0.6548646031249999 0.5441964734375 0.7084024984374999 0.5542738671875 0.7764401578125 0.5688301328125001 0.8634391718750001 0.592903984375 0.838900978125 0.5766681328125001 0.722902284375 0.5746256296875 0.655803571875
6 0.603323046875 0.650223215625 0.5850659828125 0.6392493984375001 0.5733090015625 0.6738259156249999 0.5839462875 0.7418636609375 0.5996222484375 0.8310934078125 0.62033696875 0.822170396875 0.61081938125 0.7440943703125 0.603323046875 0.650223215625
6 0.64321945625 0.6446428578125001 0.6253756874999999 0.6269803015625001 0.6052208140625 0.64928774375 0.6136186640625 0.7418636609375 0.623136253125 0.8188242875 0.6516889328125 0.813247428125 0.6494494984375 0.7597095765625 0.64321945625 0.6446428578125001
4 0.7118132828125 0.6083705375 0.6740831984375 0.6202880640624999 0.6612064796875 0.6671337015625001 0.6936781812499999 0.7362868 0.73006890625 0.7664018125000001 0.7631004140625001 0.7150946921875 0.7468646062500001 0.6939026265625 0.7118132828125 0.6083705375
4 0.7183118828125 0.6414801734375 0.7586215453125 0.71955621875 0.7910932468749999 0.6637876140625 0.763608621875 0.5734933046874999 0.7155126 0.5879422890625 0.7183118828125 0.6414801734375