11 0.476698146875 0.375195928125 0.46278529687500003 0.5432109234375 0.45483509531250005 0.59231100625 0.4540400578125 0.6279482015625 0.465965359375 0.6398272687500001 0.4846483484375 0.6366595046875 0.5057163609375 0.631115965625 0.50531885625 0.5709287421875 0.50134375625 0.5376672921875 0.4984171453125 0.3952713171875 0.476698146875 0.375195928125
11 0.435798921875 0.417063259375 0.42621435625000004 0.51622293125 0.41627660625 0.5748263328125 0.4142890546875 0.5985844640625 0.41468658906250006 0.61838290625 0.41707164375000005 0.624718371875 0.4234317984375 0.633429675 0.4353570984375 0.633429675 0.45324505000000004 0.627886134375 0.4552326 0.5930408640625 0.46079774687499997 0.4283178890625 0.45006495781250005 0.3958483953125 0.435798921875 0.417063259375
9 0.382488253125 0.51701485625 0.372550503125 0.577994034375 0.38089823749999996 0.6025441515625001 0.3888484375 0.6263022828125 0.3964011046875 0.631053896875 0.4079289015625 0.6223425953125 0.420649240625 0.5843295609375 0.4166741390625 0.5463165265625001 0.4126990390625 0.3871370609375 0.4023637546875 0.3657547375 0.38560494843750004 0.3922996890625 0.382488253125 0.51701485625
15 0.352527653125 0.3865356109375 0.3462927140625 0.4933803484375 0.34323456874999997 0.5387360890624999 0.33439995 0.5725836734375 0.33541931406250003 0.5949230984375 0.3517294 0.6172624734375 0.3639619515625 0.607108196875 0.3751751375 0.6030464984374999 0.3846893328125 0.59018443125 0.3860485109375 0.5563368468750001 0.37211699375 0.3782985390625 0.364641553125 0.37288293125 0.352527653125 0.3865356109375
15 0.34867125625 0.39928405625 0.344593746875 0.37491378124999997 0.3261893046875 0.3856888890625 0.30823585468750003 0.50082680625 0.30245938125 0.53535133125 0.2956635171875 0.5637833578125 0.2956635171875 0.5840919078125 0.30449813593749997 0.5949230984375 0.311294 0.6064312562499999 0.3231867625 0.596953921875 0.332700984375 0.601692615625 0.33711827968749997 0.596953921875 0.344593746875 0.5834149156249999 0.341875390625 0.5089502312499999 0.34867125625 0.39928405625
13 0.3004087796875 0.479658803125 0.2976904234375 0.40113239375000004 0.28647726093750003 0.37946996093749996 0.280021184375 0.4485190109375 0.27084675156250004 0.386239478125 0.2628923078125 0.3789151296875 0.2589539890625 0.44513425156249997 0.25521626875000003 0.47627404375 0.242304140625 0.5074138109375 0.23856639531249998 0.53719969375 0.2514785484375 0.57172421875 0.25521626875000003 0.5757859187500001 0.2698273875 0.5690164281250001 0.2803609734375 0.581201553125 0.288176228125 0.5798476703125 0.3010883546875 0.5669855515625 0.302787321875 0.5419383609375 0.3004087796875 0.479658803125
13 0.2419643265625 0.5439692109375 0.24943979375 0.5236606609375001 0.2497795828125 0.48778222812500005 0.2582744125 0.42685657812500005 0.25861420156250003 0.38691641875 0.247061225 0.359838353125 0.2229599734375 0.3687544875 0.21953797968750002 0.42076400312500006 0.2168196484375 0.43836473593749997 0.2052666734375 0.4512268265625 0.194393275 0.46882758593749996 0.19031576562500002 0.49252086874999995 0.1937136984375 0.5148602953125 0.2025483171875 0.520275903125 0.207645215625 0.53719969375 0.21478086875 0.5500617609375 0.227353234375 0.5439692109375 0.23482867343749997 0.5439692109375 0.2419643265625 0.5439692109375
13 0.20118913906250002 0.2698037859375 0.187700571875 0.29339639375000004 0.1821607234375 0.345622390625 0.164491484375 0.38082384375 0.15701601874999999 0.41128666875000003 0.1621129171875 0.43430303593749997 0.17604446093749998 0.44513425156249997 0.1889565875 0.4607041609375 0.20152895312500002 0.4647658609375 0.21546047031249999 0.441072553125 0.222256334375 0.40519411875 0.227353234375 0.3374989390625 0.219198190625 0.2860506234375 0.20118913906250002 0.2698037859375
12 0.186151540625 0.6369662375 0.19022905 0.5977030453125 0.162636659375 0.5465657171875 0.1463957171875 0.556409003125 0.1334835765625 0.5780714359375 0.12159081406250001 0.5963491375000001 0.1202316484375 0.6159807453125 0.13688150937500002 0.6173346546875 0.125328546875 0.6471205125 0.133823378125 0.657951753125 0.14741510625 0.666075153125 0.1623660140625 0.6714907875 0.174938353125 0.6714907875 0.1793556765625 0.6620135046875 0.186151540625 0.6369662375
12 0.1847923625 0.7114309203125 0.1732393875 0.7330934046875 0.17425877812499999 0.7486632625 0.18886987187499998 0.7405398625 0.2058595328125 0.7337703453125 0.22013086406250001 0.710753978125 0.23542155937499998 0.6620135046875 0.2578479078125 0.6139498953125 0.255469365625 0.5902565875 0.23406238125 0.5618246124999999 0.2289654828125 0.5665632796875 0.21979107656250002 0.5455777609375 0.20979079843749998 0.545718996875 0.200422846875 0.5537011875 0.194986159375 0.5679171625 0.19158822656250002 0.5875487703125 0.186491328125 0.6247811640625 0.173579175 0.676229428125 0.1606670484375 0.7060153375 0.157269115625 0.7283547125000001 0.1684822765625 0.7270008296875 0.1868311171875 0.7019536125 0.20144223593750002 0.6741985781250001 0.1983840921875 0.6884145796875 0.1847923625 0.7114309203125
12 0.260906053125 0.8129736703124999 0.27449778125 0.7933420609375 0.2850313671875 0.769648753125 0.2982833078125 0.7005997046875 0.3156127578125 0.6613365124999999 0.324787165625 0.6207194125 0.3118750375 0.6037956203125 0.30304041875 0.607180378125 0.2948853765625 0.6044726125000001 0.278915078125 0.588902678125 0.2721192140625 0.5922874375 0.2590689984375 0.5922886046875 0.2551295515625 0.5990569546875 0.25139183125 0.6227502625 0.2473143234375 0.6647212703125 0.22828590625 0.7547558375000001 0.22624712656249998 0.7872495374999999 0.23780010156250003 0.7953729375 0.2541101875 0.7513710796875 0.267362128125 0.7222621375 0.26294480625 0.755432778125 0.25071225468749997 0.800788571875 0.252071434375 0.8129736703124999 0.260906053125 0.8129736703124999
14 0.359977365625 0.65125439375 0.3542008640625 0.635684484375 0.34230810156249997 0.621468509375 0.33341111093750003 0.625310690625 0.319881753125 0.6241763265625 0.31274609999999997 0.633653634375 0.31274609999999997 0.65328524375 0.3090083796875 0.6945792843749999 0.2855626421875 0.80763026875 0.2872616078125 0.8238770437499999 0.2930380828125 0.8353852515625 0.3062900234375 0.8225231609374999 0.322600109375 0.77919824375 0.3450264578125 0.702702709375 0.36337529687500003 0.6749477015625 0.359977365625 0.65125439375
14 0.38864942343750003 0.6364889828125 0.37785595625 0.6284252671874999 0.3554595046875 0.6413271984375 0.351951640625 0.65691705625 0.35384048749999997 0.680033034375 0.35357065625 0.7069120843750001 0.3533008234375 0.78916199375 0.347364403125 0.8208792796875001 0.351951640625 0.8370067109375 0.36328477187499997 0.834856378125 0.37326874062500004 0.8026015187500001 0.38783990468749996 0.7101375828125 0.39863337187500003 0.6606801265625 0.38864942343750003 0.6364889828125
8 0.4175986421875 0.640917709375 0.4003290921875 0.6462935187500001 0.392233990625 0.6618833562499999 0.39169432656250003 0.6790859515625 0.391964159375 0.7263930765625 0.3876467765625 0.79627860625 0.381710378125 0.8371347531250001 0.389805478125 0.8398226578125 0.40221796093749995 0.8290710375 0.4135510921875 0.8081054125 0.4265032609375 0.7543473328125 0.4345983609375 0.6656464265625 0.4175986421875 0.640917709375
10 0.46158202968750006 0.6548948078125 0.44755050937499996 0.6516693296875 0.43378884375000004 0.6548948078125 0.4286619421875 0.6618833562499999 0.4281222765625 0.6774732125 0.43082064375 0.7129535515625001 0.43810622656250003 0.797891365625 0.44269346093750006 0.8226200828125 0.45132822656249993 0.8134812218749999 0.45834397656250003 0.7624110484375 0.4632010453125 0.7011267640625001 0.46508989375 0.6559699734375 0.46158202968750006 0.6548948078125
10 0.46401056250000006 0.6651088546875 0.463470878125 0.68876240625 0.46401056250000006 0.7183293609375 0.4675184265625 0.7849894125 0.473454846875 0.8156315125000001 0.48532764375 0.8177818453125001 0.49504178125 0.72047969375 0.4980099796875 0.6640336890625 0.4945020953125 0.658120284375 0.46508989375 0.6532820687500001 0.46401056250000006 0.6651088546875
3 0.5558999765625 0.4670925625 0.553831628125 0.40596931718749996 0.5407320421875 0.3805585171875 0.5272877640625 0.4011618640625 0.5169459953125 0.5014314734374999 0.5083278546875001 0.555687015625 0.5038464109375 0.586592009375 0.502467503125 0.6147499046875 0.5076383875 0.6339796640625 0.5224616 0.6429078015624999 0.5359059046875 0.6484020484374999 0.5490054640625 0.640160678125 0.5534869062500001 0.6188705640625 0.55452106875 0.5666754046875 0.5531421859375001 0.5289026015625 0.5558999765625 0.4670925625
3 0.591751446875 0.4752800796875 0.5907172593750001 0.4354470015625 0.5834780265624999 0.38668570625 0.574903471875 0.4067950640625 0.5645181171875 0.4924495359375 0.5600366984375 0.53228269375 0.5524527203125 0.58722495 0.5524527203125 0.62568451875 0.5627944890625 0.6277448765625 0.5707231890625 0.6318655343749999 0.5776177015624999 0.6325523015625001 0.5848569343750001 0.6263712875 0.5931303546875 0.61675638125 0.5914067265625 0.5762365093749999 0.58761475 0.535716584375 0.591751446875 0.4752800796875
1 0.6186400296875 0.40322219375 0.610021915625 0.37918495625 0.601193165625 0.391332865625 0.5955434234375 0.4341272140625 0.5896830984375 0.4973108671875 0.58761475 0.535770384375 0.5896830984375 0.5659886890625 0.5920961671875 0.606508534375 0.6017484953125 0.6277987015625001 0.6093324484375 0.6312325921874999 0.6158822671874999 0.6223044546875001 0.624845103125 0.5810977609375 0.6255345421875 0.5611811828125 0.6227767796875 0.42382554062500005 0.6186400296875 0.40322219375
7 0.6488499890625 0.40752549531250004 0.6467872640625 0.387565415625 0.6346530578125 0.39353642031249997 0.6308749234375 0.44803268437500005 0.6249814640625 0.530221209375 0.6252761546875 0.55605194375 0.6246867968750001 0.592449678125 0.63205361875 0.611235609375 0.64089380625 0.6141709140625 0.6482606296875 0.6194544703125 0.6568061484375 0.6141709140625 0.6647623078125 0.5953849828125 0.662994275 0.56955429375 0.6579848453125 0.5337435890625 0.6488499890625 0.40752549531250004
7 0.6694770921875 0.38110775625 0.6593360125000001 0.398676425 0.6624049375000001 0.49499755624999997 0.6624049375000001 0.51965411875 0.6600475453125 0.57072844375 0.6612262421875 0.58481786875 0.6656463359375 0.5965590875 0.6865681078125 0.6071262015625 0.7010070859375 0.5812955125 0.6954082953125 0.5460718578125 0.6889255000000001 0.523176496875 0.68450540625 0.461535103125 0.6783172796875 0.40517724375 0.6694770921875 0.38110775625
5 0.7452080234375 0.5167188140625 0.739019896875 0.4838434125 0.7348944703125 0.3846301125 0.7307690453125 0.3693665265625 0.7254649468750001 0.3676053703125 0.7116491390624999 0.38472498593750004 0.70277511875 0.43394323593750006 0.6989443843750001 0.4797340265625 0.6959976546875 0.51965411875 0.6951136265625 0.5484201109375 0.6968816609374999 0.5636836859375001 0.69806035625 0.5754249031249999 0.7113206375 0.5877531734375 0.7239915828125 0.57307665 0.734599803125 0.5812955125 0.7434399890625001 0.5748378515625 0.7513961499999999 0.5542907203125 0.7452080234375 0.5167188140625
5 0.7754314453125 0.4346407140625 0.764823225 0.3859146640625 0.7527416390624999 0.3636063328125 0.7480268546875 0.3759346234375 0.7559830375 0.42583479999999996 0.7489108828125 0.3982429328125 0.7439014515625 0.38826289375 0.741249390625 0.3835664109375 0.740016115625 0.3972078515625 0.74272275625 0.46869028593750006 0.74272275625 0.517416290625 0.7462588218749999 0.540311675 0.7536256453125 0.554988196875 0.7660019203124999 0.56085880625 0.7789675109374999 0.5491175890625 0.78486096875 0.5309187093750001 0.7913437875 0.5244610484375001 0.7954692125 0.50684924375 0.7934064875 0.48747619374999995 0.7830929359375001 0.471625590625 0.7754314453125 0.4346407140625
5 0.78220893125 0.3342532875 0.78220893125 0.361845153125 0.7925224828124999 0.40822297343749997 0.777199478125 0.3665416359375 0.7669094828125 0.35829068125 0.771895378125 0.390024071875 0.7748421078125001 0.4234865484375 0.7769048093750001 0.44227254531250004 0.781030234375 0.46751611562499995 0.794585184375 0.4904114984375 0.8043094 0.48395381562499995 0.8134442546875 0.45577489687500006 0.8225791109375 0.447556059375 0.82847256875 0.4287701046875 0.816390984375 0.39472057656250004 0.8072561281249999 0.3712381421875 0.78220893125 0.3342532875
4 0.82847256875 0.6296829671874999 0.8414381828125 0.623812359375 0.8499837015624999 0.6191158546875 0.8496890109375 0.6091358375 0.83731275625 0.5838922 0.82847256875 0.5615838906249999 0.8190430453124999 0.553952103125 0.8008024953125 0.55728225 0.7972372453125 0.5791957171875 0.789870421875 0.5944593140625 0.7886917265625 0.6097228890624999 0.7883970578125 0.6308570718750001 0.78898639375 0.6467077203125 0.7966478859375 0.659623109375 0.8048987359374999 0.667254853125 0.816390984375 0.6690160296875 0.8346606968750001 0.6602101171875 0.8526357390625 0.6490559734375 0.8499837015624999 0.6337923765625 0.82847256875 0.6296829671874999
4 0.8057827640624999 0.76059754375 0.807550796875 0.7500304296875 0.8051934046874999 0.730657446875 0.7875130296874999 0.6954337703125 0.8140335921874999 0.7382892125 0.820811078125 0.7335927515625 0.8231684484375 0.717742103125 0.8087294937499999 0.672538409375 0.7795568703125 0.5739121828125 0.7645285562499999 0.5598227125 0.7577510703125 0.56334506875 0.747015759375 0.58959084375 0.7391866671875 0.5932851890624999 0.7312305078125 0.5979816703124999 0.7285784468750001 0.6226382328125 0.7300518109375 0.6455336171875 0.7380079937499999 0.6578618875 0.74920555 0.6760607656250001 0.7571617328125 0.6924984656250001 0.763939196875 0.715980903125 0.7777888374999999 0.7377021609375001 0.785744996875 0.7465080734375 0.7987106093749999 0.7629457953125 0.8057827640624999 0.76059754375
4 0.7215028671875 0.765733865625 0.7156094093750001 0.738729075 0.715314740625 0.722878425 0.7271016578125 0.7487090921874999 0.7365312046875 0.7815844937499999 0.7447820328125 0.8056540249999999 0.7497914859375 0.811524634375 0.7553902531250001 0.8038928249999999 0.75627428125 0.7839327453125 0.7533275515625 0.7451867359375 0.733584475 0.672391175 0.728575021875 0.60311799375 0.7200295031249999 0.59548620625 0.717377465625 0.600769740625 0.702349128125 0.5972473843749999 0.6917554140625 0.616025146875 0.6717031625 0.6130980328125 0.665515025 0.6166203890624999 0.6646309968749999 0.6359933953125 0.6684617546875 0.66123703125 0.6861421171875 0.6976347890625 0.6970450296874999 0.7522314484375 0.7070639125 0.7915645546875 0.7138413765625 0.8150469906250001 0.7229762328125 0.8273752609375 0.732700446875 0.8273752609375 0.7303430546875 0.8009575203124999 0.7215028671875 0.765733865625
6 0.673011446875 0.6801941671875 0.672422109375 0.6490798984375 0.6697700484375 0.6320551234375 0.6588671374999999 0.6238362859375 0.6520896734375 0.631468071875 0.6412842984375 0.6321794453125 0.6314625703125001 0.642622215625 0.6299892046875 0.655537559375 0.6270424765625 0.6719752609375 0.6276318125 0.6796070703125 0.6349986359375001 0.6901741625 0.6432494859375 0.70308950625 0.6741901421875001 0.8158052015624999 0.6859770593750001 0.8463323515625 0.694817246875 0.8498547078125 0.699237340625 0.8381134890625 0.686271728125 0.74242256875 0.673011446875 0.6801941671875
6 0.6349986359375001 0.7095472125 0.63411463125 0.6590599390625 0.6267478078125001 0.6344033765625 0.6182022890625001 0.6396869109375001 0.6051808734375 0.6395223078125001 0.5907976984375 0.66903995625 0.592860421875 0.6796070703125 0.597575184375 0.693109465625 0.6028792843749999 0.71424365 0.61230883125 0.749467303125 0.62085435 0.7905615671875 0.6264531171875001 0.8099345937500001 0.632641265625 0.8257852203124999 0.64089209375 0.8381134890625 0.6467855515625 0.8351781859375 0.637061359375 0.750054378125 0.6349986359375001 0.7095472125
0 0.5708917421875 0.64497415 0.5585154890624999 0.66141185 0.5576314609375 0.6790236765625 0.56146221875 0.7283368015625 0.569123709375 0.7794110812499999 0.5797319296875 0.8105253265625001 0.592402875 0.8416395718749999 0.603895121875 0.8545548937499999 0.6106725859375 0.853380790625 0.608904553125 0.8216794921874999 0.600653703125 0.7576898453124999 0.5935815703125 0.6590636187500001 0.5708917421875 0.64497415
2 0.527796465625 0.663520675 0.5283001609375 0.6976676203125 0.53037049375 0.7170532859375001 0.5336830234375001 0.747987875 0.5378236890625 0.781397225 0.5450698546875 0.81728136875 0.5537652609375 0.823880740625 0.5608043968749999 0.6700327171875 0.546519096875 0.655596575 0.5421714015625 0.655596575 0.5314056609375 0.6543591796875 0.527679071875 0.655596575 0.527796465625 0.663520675
2 0.4955889125 0.684468859375 0.4976592453125 0.7199405484375 0.500971775 0.7681984796875 0.5059405765625 0.8077947484375001 0.516292240625 0.8251181375 0.5229173 0.7950084578125 0.527796465625 0.6593934781249999 0.4976592453125 0.658483790625 0.4955889125 0.66095856875 0.4955889125 0.684468859375