3 0.5038571843749999 0.4836503796875 0.49806946406249997 0.5305963890625 0.49765602812500004 0.5750716234375 0.502616971875 0.5882494546875 0.53568980625 0.5866022484375 0.5451982265625 0.5618937921875 0.5443714187500001 0.5067115359375001 0.5410641218750001 0.48447391875 0.5340361578125 0.3452829671875 0.5195667937499999 0.3321051046875 0.506591309375 0.36794025937499997 0.5038571843749999 0.4836503796875
3 0.5580139749999999 0.40458326875 0.5534664359375 0.3568135609375 0.5345011453125 0.36175927343750003 0.5381702625 0.428468090625 0.544784821875 0.46553077500000006 0.5451982265625 0.5001226515625 0.5443714187500001 0.5371853359375 0.5443714187500001 0.55859931875 0.5485055234375 0.5734243546875 0.5621480796875 0.5750716234375 0.57413695625 0.5750716234375 0.5807515484375 0.5610701265625 0.58281856875 0.53965614375 0.574963796875 0.4688252484375 0.5580139749999999 0.40458326875
1 0.6059695781250001 0.334575975 0.5956343171875 0.32304535 0.586702878125 0.3380654890625 0.5782710609375 0.426820853125 0.57785765625 0.4828267125 0.57785765625 0.49847538281250003 0.5790979 0.52071303125 0.584885621875 0.5437742203125 0.5881929171875 0.5544812421875001 0.5935672656250001 0.563540996875 0.6026622828125 0.56601186875 0.610930490625 0.55859931875 0.6187853265625 0.533067259375 0.62043894375 0.491062865625 0.6059695781250001 0.334575975
7 0.6515828265625 0.35770294687500004 0.646635459375 0.3379900921875 0.6342669859375001 0.3393981578125 0.6236654359375 0.3760077625 0.6197781796874999 0.42247368593749995 0.6141240265625 0.46189934062500004 0.606702946875 0.49428469843749995 0.6081164921875 0.5308942765625 0.6165977375 0.5393426109375 0.627552665625 0.5435667796875 0.6459286734374999 0.5435667796875 0.651936234375 0.53511844375 0.6522896125 0.498508865625 0.6512294468750001 0.45697115468750005 0.6515828265625 0.35770294687500004
5 0.7010567484375 0.4626033609375 0.7045905984374999 0.39360850625 0.7045905984374999 0.351366721875 0.687274703125 0.3464384546875 0.6698316796875 0.367779065625 0.6604174515625 0.4203615765625 0.64557529375 0.461195321875 0.64027451875 0.49146856874999995 0.64380836875 0.5196297578125 0.6526429921875 0.53511844375 0.6632445406249999 0.545678890625 0.6759663953125 0.5393426109375 0.6855077781250001 0.5470869281249999 0.692928884375 0.5428627609375 0.7007033421875 0.5273741281250001 0.7010567484375 0.5006209765625 0.7010567484375 0.4626033609375
5 0.7395756890625 0.5224458875 0.7484103125 0.5132935328125 0.7530043281250001 0.498508865625 0.7501772375 0.461195321875 0.7459366281250001 0.44077845 0.7381621703125 0.35770294687500004 0.7321546359375 0.336582053125 0.7215228109375 0.33695845156250004 0.7155455 0.3738956234375 0.7077710421875001 0.41191321406250003 0.7010567484375 0.44993085781250003 0.7003499890625 0.46964365781249995 0.7003499890625 0.5083652937500001 0.7017635078125 0.514701571875 0.7024702671874999 0.5245579984375001 0.7095379656249999 0.5196297578125 0.716605665625 0.5266700546874999 0.71943275625 0.5301902046875 0.7325079890625 0.52314990625 0.7395756890625 0.5224458875
5 0.7699668171875 0.3302458296875 0.7579516953125001 0.31194101406249997 0.7453802578125 0.31670490625 0.7445231109375 0.368967465625 0.747703553125 0.4442985984375 0.747703553125 0.45908321250000006 0.7508839968750001 0.48090812187500004 0.7537110874999999 0.497804846875 0.7607787859374999 0.5083652937500001 0.7717337421875 0.5013249953125001 0.7823352906250001 0.480204103125 0.7908165078125 0.4766839546875 0.7957639296875 0.47175576875 0.7961172828125 0.4421864875 0.7699668171875 0.3302458296875
4 0.8455911781250001 0.5838068890625 0.8441776593749999 0.5528295171875001 0.8318091859375001 0.5457892203125 0.8070722375000001 0.561981925 0.7879894171874999 0.564094009375 0.776681109375 0.564094009375 0.7699668171875 0.5816947515625001 0.7678464859374999 0.609151921875 0.7664329671875 0.6344969828125 0.7674931328125 0.659138021875 0.7724405 0.6816669531249999 0.7844555671875 0.68870725 0.7978842078125 0.6901153421874999 0.8137865312500001 0.675330728125 0.8275685765624999 0.6556178734375 0.8378167187500001 0.63308894375 0.8455911781250001 0.5838068890625
4 0.77385401875 0.6845382609375 0.7671397265625 0.6563770718749999 0.7862224921875 0.6859463531250001 0.8000045390625001 0.706363171875 0.8007112984375 0.700730965625 0.7911699140625 0.6598972203125 0.778448034375 0.622583703125 0.7713803343750001 0.571189484375 0.7664329671875 0.5521806765624999 0.75936526875 0.5451403796875 0.752650921875 0.53810008125 0.7441697031250001 0.5409162109375 0.73433514375 0.55974745625 0.7197861624999999 0.5634451406250001 0.711304890625 0.5810459109375 0.713071815625 0.60991111875 0.71907935 0.628919928125 0.7371020046875 0.6563770718749999 0.752650921875 0.6873543890625 0.7727939078125 0.72537200625 0.7883428234375 0.7408606390625 0.7908165078125 0.731708284375 0.784102215625 0.7155155796875 0.77385401875 0.6845382609375
4 0.7077710421875001 0.7880306625 0.7070642828125 0.7662056984375 0.7010567484375 0.735228434375 0.6989364171875 0.71199543125 0.7035304328125 0.7035470953125 0.7127184640625 0.723963915625 0.71907935 0.74367676875 0.7279139734375 0.7570533453125 0.7381621703125 0.7683178093749999 0.7445231109375 0.7647976609375 0.7431095375 0.7338203421875 0.7197861624999999 0.6591932015624999 0.717312425 0.60991111875 0.70517604375 0.5791204125 0.68480101875 0.5916063578124999 0.6734927109375 0.5916063578124999 0.6611242374999999 0.603574840625 0.6551166765625 0.620471565625 0.654763296875 0.6422964765625 0.6590039328125 0.662009303125 0.6678385578125 0.6796100468749999 0.6759663953125 0.7056591531249999 0.6826807406250001 0.7415646578125 0.693282290625 0.7718379578125 0.7007033421875 0.7831024234374999 0.7077710421875001 0.7880306625
6 0.6611242374999999 0.755645253125 0.660064071875 0.6922825765625 0.660064071875 0.63314415 0.6548103249999999 0.5958516031250001 0.6392143531250001 0.5937184421875 0.6268458796874999 0.6028708218750001 0.615537571875 0.607094990625 0.6077631125 0.6218796296875 0.6098834171874999 0.64722474375 0.6197781796874999 0.6711617125 0.628259425 0.7042511140625 0.63674066875 0.7471969171875 0.64380836875 0.7823984046875 0.6508760671875 0.8070394437499999 0.6593573125 0.7901427203125 0.6611242374999999 0.755645253125
6 0.5991429515625 0.6099410265625 0.58868031875 0.61835948125 0.5833795453125 0.6324400765625 0.583732925 0.6563770718749999 0.5918607890625001 0.700026946875 0.5957480187499999 0.74367676875 0.6049360218750001 0.8014071859375 0.615537571875 0.8154877796875001 0.621191725 0.785214534375 0.628259425 0.6732737953125 0.629319590625 0.6373682625 0.6165977375 0.6042788875 0.5991429515625 0.6099410265625
1 0.5929209281250001 0.6246957328125 0.5833795453125 0.604982959375 0.5673330234375 0.602015725 0.558995978125 0.605686925 0.5522816578125 0.621175584375 0.550161353125 0.6444085609375 0.550161353125 0.6774979625 0.5554621281250001 0.7338203421875 0.5568756734375 0.7971830171875001 0.562176446875 0.830272446875 0.5727779953125001 0.8267522984375001 0.580905834375 0.7838064421875 0.589387078125 0.7232598953125 0.5929209281250001 0.6641214140625 0.5929209281250001 0.6246957328125
2 0.5196040578125001 0.6369874624999999 0.5202082203125 0.6574489515625 0.5214165015625001 0.6767067531250001 0.5229268765625 0.6989736375 0.52564555625 0.8048917828125 0.52866630625 0.813317053125 0.53682234375 0.794059228125 0.5443742171875 0.7350820687499999 0.5492074109375 0.6899465250000001 0.556759284375 0.619535034375 0.5215152359374999 0.60824321875 0.5196040578125001 0.6369874624999999
2 0.49664636562500003 0.8127152546874999 0.50993766875 0.7687833296875 0.517187471875 0.700177234375 0.5223227359375 0.6099061 0.519249296875 0.5984577140625 0.490302796875 0.6008789859375 0.48879242187500005 0.6261549078125 0.48879242187500005 0.6712904749999999 0.49664636562500003 0.8127152546874999
11 0.4993499984375 0.3815361609375 0.4890794453125 0.35505664062500003 0.47911096249999996 0.363481934375 0.4703508078125 0.3851470203125 0.4631010046875 0.4748163328125 0.45766364687500005 0.4988886359375 0.453132521875 0.544024203125 0.4552470609375 0.5650874671875 0.4606843953125 0.5783272609375001 0.4679342 0.5831416953125 0.48152757187499995 0.585548934375 0.49391264062499995 0.5831416953125 0.49814169374999995 0.5699019468750001 0.500256209375 0.5006940531249999 0.5005583031249999 0.4718072953125 0.4993499984375 0.3815361609375
11 0.456153271875 0.5295808125 0.45796571718749995 0.48564886406249996 0.46672589531249997 0.3640837546875 0.4594760921875 0.352047603125 0.45013817968750003 0.364358334375 0.44135159375 0.39658135 0.4337997203125 0.4260699296875 0.42896652656249995 0.4501422328125 0.42443540156250004 0.474214534375 0.4180918328125 0.49467597812499997 0.41688352812499996 0.5145356234375 0.418393903125 0.5476350390625 0.425039565625 0.5548567578125 0.4316852046875 0.557263996875 0.442257828125 0.5608748328125001 0.451622146875 0.556662153125 0.456153271875 0.5295808125
9 0.42333917187500003 0.4503912703125 0.424849546875 0.33845505 0.4179018140625 0.2957266984375 0.40098559843750003 0.3234098609375 0.3952461921875 0.36192553125 0.39011092812500003 0.4016448453125 0.38588184999999997 0.44016051406249995 0.3795383046875 0.47205633437500005 0.3768196015625 0.506359346875 0.382559053125 0.5304316499999999 0.39071506875 0.544875040625 0.40068355 0.5496895203125 0.4106519875 0.5424678015625 0.42031842187499996 0.5268208140625 0.42454745312500003 0.48830512031250006 0.42333917187500003 0.4503912703125
9 0.37077810312500004 0.2975321171875 0.3613889296875 0.3161835421875 0.354466075 0.4034502625 0.3423830765625 0.4822870453125 0.3426851234375 0.50515575 0.34631005937500003 0.522006334375 0.354768121875 0.5256172171875 0.367757353125 0.5286262546875 0.3774237421875 0.5226081781249999 0.3828611015625 0.5087665875 0.38739222500000003 0.48349068749999996 0.384069428125 0.4064593 0.3807465859375 0.3234098609375 0.37077810312500004 0.2975321171875
13 0.34993495 0.46483461562499995 0.3429872171875 0.4082647640625 0.33241459375 0.325215278125 0.3242585796875 0.31498454531250003 0.3230502515625 0.3721563109375 0.3209357359375 0.393219575 0.317310846875 0.3474821625 0.31040531875 0.31317261875 0.30401954375 0.3865996546875 0.293446921875 0.45821474218749997 0.29133240625 0.48770332187500004 0.2925406875 0.5045539515625 0.298280115625 0.5177937 0.306436153125 0.5226081781249999 0.315800471875 0.5129792203125 0.3224461109375 0.5244135734375 0.334831203125 0.5226081781249999 0.3457058734375 0.510572028125 0.350539090625 0.4955268390625 0.34993495 0.46483461562499995
13 0.291634475 0.4913141578125 0.2943531546875 0.4696490953125 0.29465522499999997 0.44678038906250006 0.29072824218750004 0.40706109843749994 0.29042617187499997 0.3781743859375 0.282836403125 0.3018816515625 0.2704892296875 0.28609778750000003 0.2674684796875 0.3047538125 0.2535730375 0.3853960359375 0.246927375 0.424513528125 0.23967757031249998 0.459418384375 0.24330248437500002 0.4756671703125 0.2490419125 0.486499725 0.2578020671875 0.499739471875 0.269885065625 0.5087665875 0.281061853125 0.5015449140625 0.291634475 0.4913141578125
13 0.2472294453125 0.4287261625 0.2478336078125 0.3865996546875 0.2475315375 0.32461345625 0.245417 0.2830887484375 0.23816719531250002 0.260220065625 0.228453884375 0.2725251375 0.2203447921875 0.31498454531250003 0.20886593593749997 0.35891649375 0.2010119921875 0.3853960359375 0.1985953828125 0.422708109375 0.20191820312500003 0.443169553125 0.2067514203125 0.44678038906250006 0.2167198796875 0.45761294374999995 0.2200426984375 0.462427421875 0.22970911093750002 0.47085269218750003 0.23454230625 0.4684454984375 0.2405838046875 0.45821474218749997 0.2472294453125 0.4287261625
12 0.16929412187499998 0.6413057515625 0.1768459953125 0.6425093703125 0.1862103140625 0.6401021765625 0.19768917187499999 0.6292696 0.21037630937500001 0.617835246875 0.2233655421875 0.597373803125 0.227292503125 0.58112499375 0.22457382343750001 0.549830996875 0.2200426984375 0.5245550734375 0.21067838125 0.5010845921875 0.19829331249999999 0.49566831406249995 0.1916476734375 0.496871934375 0.178658440625 0.517333378125 0.17322108281249998 0.534184009375 0.1689920515625 0.546220159375 0.15962770937499998 0.5606635265625 0.154190375 0.5823286140625 0.1529820703125 0.59978101875 0.1578152640625 0.6154280296875 0.1638567640625 0.6082063343749999 0.1608360140625 0.62445514375 0.164460928125 0.635287675 0.16929412187499998 0.6413057515625
12 0.2233655421875 0.64973104375 0.2146053640625 0.6719979281249999 0.20614725625000002 0.6918575953125 0.20735556093750002 0.70148650625 0.2161157390625 0.6978756703125 0.2281987375 0.687043115625 0.2411879453125 0.6713961296875001 0.2578020671875 0.6364912953124999 0.269885065625 0.6184370671874999 0.2804576890625 0.5943647640624999 0.2843846734375 0.5642743859375 0.2840826015625 0.549830996875 0.2747182828125 0.5383966421874999 0.264145659375 0.5335821875 0.246203734375 0.512646365625 0.2411879453125 0.5149261625 0.23514644687500003 0.5215460359375 0.2269904328125 0.5371930453125 0.22396968281250001 0.5468219578125 0.21732404375 0.5751069171875 0.21067838125 0.5955683609375 0.2013140625 0.625658740625 0.19436632812500002 0.6533419031250001 0.19074143906250002 0.67380336875 0.195876703125 0.68644131875 0.214907434375 0.66116541875 0.2233655421875 0.64973104375
12 0.24504794375 0.7176408828125 0.2574330109375 0.69597581875 0.2619641359375 0.6791251890625001 0.268005634375 0.6616727609375 0.2740471328125 0.653849290625 0.28069279687500004 0.658663721875 0.2782761875 0.6791251890625001 0.2755575078125 0.6995866546875 0.2686097984375 0.7254644 0.2661931890625 0.7417131859375 0.2707243140625 0.7447222234375 0.2812969375 0.7350933109375 0.28764050625 0.719446325 0.3009318078125 0.678523390625 0.3130148296875 0.638202303125 0.3272123421875 0.6045010640624999 0.3311393265625 0.5762161046875 0.327514390625 0.5665871703125 0.320264609375 0.55756005625 0.3099940796875 0.546727525 0.299765709375 0.546138084375 0.29307786406249997 0.5370986125 0.2858280609375 0.5334877546875 0.2779741171875 0.5334877546875 0.2728388296875 0.546727525 0.268005634375 0.5707998265625001 0.2619641359375 0.5966775484375 0.25290188750000003 0.6321842265625001 0.24323549843749998 0.66408 0.23417325 0.695374021875 0.2290379609375 0.7134282484375001 0.2338711796875 0.7176408828125 0.24504794375 0.7176408828125
14 0.37421362343750003 0.5971285375 0.364547234375 0.5977303578125001 0.356693290625 0.58148155 0.34817095625 0.5818976296875 0.3412874609375 0.5850923859375 0.3310169078125 0.5977303578125001 0.32860031093750003 0.6242098781250001 0.3183297578125 0.7578111625 0.3183297578125 0.78669794375 0.3267878546875 0.7933178171875 0.3367563375 0.78007806875 0.3412874609375 0.7481822499999999 0.356693290625 0.698834071875 0.37179703750000004 0.6530966593749999 0.37934891249999997 0.6278207375 0.37421362343750003 0.5971285375
14 0.3838476125 0.7325982390625 0.39342425468750003 0.6821312359375 0.4057811875 0.64643506875 0.40238301249999997 0.6039689265625 0.3955867078125 0.60458436875 0.3816256328125 0.5828439984375 0.37365315625 0.5898135531250001 0.367783609375 0.6008916703125 0.3640765390625 0.6181243000000001 0.3612962234375 0.63781874375 0.36036944531250004 0.6661294890625 0.358515909375 0.701825678125 0.353573140625 0.7479845203125 0.349866046875 0.7830652437500001 0.3557355953125 0.79783608125 0.36901930781250003 0.789835196875 0.3776691453125 0.7621398921875 0.3838476125 0.7325982390625
8 0.4335842859375 0.65874409375 0.439762753125 0.6292024171875 0.43574673906249994 0.5953526 0.417520259375 0.57996631875 0.41041503749999997 0.5830435765625 0.3996027203125 0.6039689265625 0.3962045453125 0.63781874375 0.392497475 0.6784385375 0.3872457875 0.7356754953125 0.3869368453125 0.7719871031250001 0.390026078125 0.8021442203125 0.398675940625 0.813837803125 0.40639902499999997 0.7996824078125 0.41875595781249997 0.7344445875 0.42833257500000005 0.6870548859375 0.4335842859375 0.65874409375
10 0.460027940625 0.605937890625 0.45273752343749996 0.6039689265625 0.4385270546875 0.60273801875 0.43296642500000004 0.605815275 0.4277147390625 0.615662509375 0.426479040625 0.6568977203124999 0.4289504359375 0.6753612812500001 0.435437821875 0.7879888234375 0.44068950781250005 0.794758825 0.448721509375 0.7812188703125 0.45489997656250003 0.7215200984375 0.461696303125 0.6556668375 0.460027940625 0.605937890625
10 0.4889943109375 0.6036285015625 0.4641676765625 0.5996607625 0.46107844218749994 0.6076616234375 0.45922490781249997 0.6285869749999999 0.46046060625 0.6655140484375 0.461696303125 0.6956711656250001 0.46138738437500004 0.755369915625 0.46447661875 0.79352789375 0.47374431875 0.8027596625 0.482703075 0.733213728125 0.4888815421875 0.6661294890625 0.4907351015625 0.6372033015625 0.4889943109375 0.6036285015625