11 0.4948328109375 0.36143973281249997 0.49644300625 0.340333140625 0.45669319374999995 0.3302948375 0.45277417187499996 0.5087543515624999 0.44941504062500004 0.5845996453125 0.4992422890625 0.5912918609375 0.49588315781250003 0.49425448125000004 0.4948328109375 0.36143973281249997
11 0.42198205624999996 0.42956290781249995 0.41358420625000003 0.5388694078125 0.4119046609375 0.57121525625 0.44829534375 0.580138140625 0.4499748875 0.529946396875 0.456133303125 0.3492561078125 0.426238984375 0.343303571875 0.42198205624999996 0.42956290781249995
9 0.386151221875 0.44071662968750003 0.376633675 0.528831040625 0.38167239375 0.572330528125 0.41078492187500004 0.57121525625 0.4163834890625 0.5132158140625 0.42086235937499994 0.3347562796875 0.39404188281249997 0.3363281265625 0.386151221875 0.44071662968750003
15 0.356245284375 0.33911830468750004 0.35703869374999997 0.461908715625 0.34696125625 0.524369534375 0.34528171093750004 0.550023084375 0.37327454375 0.5533692359375 0.39007024375 0.5344079015625 0.392309678125 0.45187035 0.3855913734375 0.3325255265625 0.356245284375 0.33911830468750004
15 0.3195283140625 0.44852424218750003 0.3088910296875 0.504292846875 0.3122501609375 0.546676978125 0.3514401265625 0.5355232562500001 0.360397825 0.5054082015625 0.3581583890625 0.3269486875 0.330347615625 0.323772321875 0.3195283140625 0.44852424218750003
13 0.27365271875 0.36702009062499996 0.27362004375 0.3381023875 0.24058849218749997 0.324717978125 0.22995125 0.3849480234375 0.2092365296875 0.4418320265625 0.2366695125 0.503177490625 0.2646623453125 0.499831340625 0.27365271875 0.36702009062499996
3 0.541728590625 0.36143973281249997 0.5020415734375 0.352602259375 0.5009218343749999 0.49648523281249995 0.49700285468749994 0.582368978125 0.5261153828125 0.5857150015625 0.5429110828125 0.5745612796875 0.540671690625 0.454101103125 0.541728590625 0.36143973281249997
3 0.5809250640625 0.37399553750000003 0.5513089328125 0.37156354999999996 0.5462702562499999 0.495369878125 0.5401118 0.5779073875 0.554108215625 0.5868303984375001 0.5832207875 0.5745612796875 0.5781821109374999 0.5132158140625 0.5809250640625 0.37399553750000003
1 0.612422228125 0.353069196875 0.588819353125 0.3537176140625 0.583780678125 0.44852424218750003 0.5809813953125 0.5399847624999999 0.6078544453125 0.5600615359375001 0.6168121859375 0.49648523281249995 0.612333315625 0.4340244125 0.612422228125 0.353069196875
7 0.6811957015625 0.4462934890625 0.6733577421875 0.524369534375 0.690153440625 0.547792375 0.7243046453125 0.5355232562500001 0.72766381875 0.47529318906249995 0.7248645359375 0.3381023875 0.6887153625 0.3460937515625 0.6811957015625 0.4462934890625
5 0.7643085593750001 0.31819196562499996 0.7243046453125 0.32917941875 0.728223625 0.47529318906249995 0.730463103125 0.5332925453125 0.7534171734374999 0.5277156859375001 0.78308959375 0.4853315125 0.767413590625 0.4228706921875 0.7643085593750001 0.31819196562499996
5 0.775811440625 0.4719470390625 0.7948466171875 0.495369878125 0.8194802749999999 0.43513976875000004 0.7972055984375 0.33214285781249997 0.76461430625 0.3157949671875 0.775811440625 0.4719470390625
10 0.4695698703125 0.7352762828125 0.475234575 0.60418526875 0.444376321875 0.5891625125 0.4438164734375 0.737507034375 0.4695698703125 0.7352762828125
10 0.410840371875 0.5958147328125001 0.40910537812500003 0.6527387296875 0.404066659375 0.7943910796875 0.41078492187500004 0.81223693125 0.4342989265625 0.7296994203125 0.4415770375 0.6560848375 0.4454960609375 0.6114699546875 0.4387777546875 0.5869318015625 0.410840371875 0.5958147328125001
8 0.39684163125 0.5860491078125001 0.376633675 0.596970125 0.3704752609375 0.7140841953125 0.36767597812499997 0.7720836375 0.3906300921875 0.7810065203125001 0.3979082453125 0.7330456140625 0.40518635625000005 0.66835395625 0.41694333749999996 0.6148161046875 0.39684163125 0.5860491078125001
14 0.354239409375 0.571316575 0.34084667031250004 0.5958147328125001 0.34024299375 0.6438157609374999 0.32120785937499996 0.7341608843749999 0.3122501609375 0.7899294890624999 0.3279261640625 0.784352628125 0.3917497875 0.6137007078125001 0.3906300921875 0.5858164046875001 0.354239409375 0.571316575
14 0.2887361984375 0.547893778125 0.27365271875 0.646037946875 0.25290536406249997 0.738622475 0.2825777421875 0.7586990796874999 0.309450878125 0.7453146046875 0.33856340625 0.6304312875 0.355918996875 0.5635089625 0.329605709375 0.5545859937500001 0.2887361984375 0.547893778125
12 0.1767648484375 0.6783922796875 0.2181942265625 0.7352762828125 0.28313763281250004 0.6125853515624999 0.287616459375 0.54677838125 0.23722936093749997 0.514432615625 0.206458765625 0.61395089375 0.1767648484375 0.6783922796875
12 0.19020141562499998 0.670584709375 0.2198738140625 0.5300478 0.2114759640625 0.502163496875 0.16166279687500001 0.5023437515625 0.15437058125 0.6616616984375 0.19020141562499998 0.670584709375
2 0.47478725468749994 0.602424665625 0.47478725468749994 0.66377013125 0.47926608281250005 0.7284616609375 0.49942095625 0.734038521875 0.49774136875 0.6849621546875 0.49763255937500006 0.6027901796874999 0.47478725468749994 0.602424665625
2 0.4983012171875 0.5972848265625 0.498861065625 0.6575148937499999 0.50781880625 0.7344755843749999 0.5290933328125 0.71997575625 0.5240546140625 0.685399196875 0.5256300406250001 0.6000000015625 0.4983012171875 0.5972848265625
0 0.5240546140625 0.6062077953125 0.530213071875 0.6686686140625 0.5335722031250001 0.7456293921875 0.5531671859375 0.738937090625 0.5548467296874999 0.68762995 0.55432745625 0.6000000015625 0.5240546140625 0.6062077953125
7 0.590117715625 0.6787069812500001 0.587224496875 0.6055803578125001 0.57108258125 0.59393871875 0.5548467296874999 0.6140154078125 0.5593256 0.6519380328125 0.5638044703125 0.7188603578125 0.5733220171875 0.7813212218750001 0.5906775640624999 0.7757443609375 0.590117715625 0.6787069812500001
7 0.6145220390625 0.597209821875 0.59235715 0.608438546875 0.5873184328125001 0.6552841828125 0.5996352609375 0.7010144234375 0.6125119812500001 0.7813212218750001 0.6337865515625001 0.77351369375 0.626508396875 0.63966895625 0.6145220390625 0.597209821875
5 0.6553500875 0.63632285 0.653018575 0.5790736625 0.6122410984375 0.5950540734375 0.6150403828125001 0.6329767421875 0.6301565375 0.6619764 0.643033215625 0.717745003125 0.6626281984375 0.8013979953125 0.6771845046875 0.7813212218750001 0.6553500875 0.63632285
5 0.6462499765625 0.5772081359375 0.6703237859375 0.6731301203125 0.6887990734375 0.798051803125 0.74142560625 0.7556676718750001 0.727429190625 0.684283840625 0.7090135359375 0.5609375015625 0.6462499765625 0.5772081359375
5 0.7566092515625 0.5344308046874999 0.7100736421875 0.566054415625 0.713992621875 0.6173615156250001 0.7363868874999999 0.667553259375 0.7688585906250001 0.7523215640625 0.799090815625 0.6965529171875 0.767179003125 0.5783234921875 0.7566092515625 0.5344308046874999
5 0.8182037078125 0.519084821875 0.770538134375 0.518093403125 0.7610205890625 0.5504391890625 0.7778162890625 0.62739988125 0.799090815625 0.685399196875 0.8259639515625 0.641899709375 0.815886515625 0.5850157078125 0.8182037078125 0.519084821875