11 0.434191140625 0.42957808125 0.435224665625 0.485172325 0.4352661859375 0.5379174015625 0.43935877031250004 0.561357028125 0.4471102171875 0.558268459375 0.4615795828125 0.541796090625 0.46674721406249997 0.5284122921875001 0.4605460578125 0.49443803124999997 0.4615795828125 0.47384757187500004 0.45796224218750003 0.434725696875 0.453311375 0.3760428828125 0.44297611249999996 0.349275284375 0.435224665625 0.3472162390625 0.43264085 0.3842790671875 0.434191140625 0.42957808125
11 0.46679396406249996 0.33600515625 0.46106282031249995 0.385308590625 0.46002929375 0.440902834375 0.46002929375 0.48826089375 0.4615795828125 0.536648475 0.47449866093750004 0.550032275 0.49155184218750003 0.541796090625 0.49465242031249995 0.5201761078125 0.49465242031249995 0.45943424843749997 0.4894847890625 0.380160975 0.4827668703125 0.349275284375 0.47449866093750004 0.3348619625 0.46679396406249996 0.33600515625
3 0.523591153125 0.32559625468750003 0.51583970625 0.33795053125 0.5153777546875 0.341155978125 0.501887103125 0.3976628671875 0.4967194734375 0.44913901875000006 0.4967194734375 0.480024709375 0.49723623593750005 0.52120563125 0.506537971875 0.541796090625 0.517906759375 0.5387075218749999 0.5256582062499999 0.536648475 0.528758784375 0.52120563125 0.5318593625 0.469729478125 0.5334096515625 0.3708952671875 0.5328928890625 0.335891484375 0.523591153125 0.32559625468750003
3 0.54839578125 0.3348619625 0.54225389375 0.347336965625 0.5359934671875 0.41825332656249997 0.5313426 0.5037037390625 0.5303090734375 0.5232646765625 0.5323761265625 0.5397370453125 0.5354767046875 0.5459141843750001 0.544778440625 0.541796090625 0.5525298859375 0.525323721875 0.5561472281250001 0.5047332625000001 0.55873104375 0.39457429843749997 0.55873104375 0.35339337656250003 0.5561472281250001 0.3369210078125 0.54839578125 0.3348619625
1 0.5912871171875 0.3698657453125 0.589220065625 0.3317733921875 0.575784225 0.3142715015625 0.5680963359375 0.33600515625 0.5644154375 0.3791314515625 0.55873104375 0.440902834375 0.5556304640625 0.47487709375 0.5556304640625 0.5006151703125 0.5566639906249999 0.5170875374999999 0.5628651484375 0.5304713375000001 0.5654489625 0.54076656875 0.5732004093749999 0.54076656875 0.5850859609375 0.5335599078125 0.5897368281250001 0.505762784375 0.5897368281250001 0.430607603125 0.5912871171875 0.3698657453125
7 0.61454145625 0.3863381140625 0.61454145625 0.34103910000000004 0.602208359375 0.3349749921875 0.587669775 0.382220021875 0.5768177515625 0.47590661718750005 0.5732004093749999 0.5098808765625 0.5752674625 0.5294418140625 0.5768177515625 0.54076656875 0.578368040625 0.5531208453125 0.5897368281250001 0.54694370625 0.5995553265625 0.544884659375 0.6062732468750001 0.5438551375 0.6135079296875 0.512969446875 0.61402469375 0.4481094953125 0.61454145625 0.3863381140625
7 0.6377957953125 0.3369210078125 0.626500253125 0.3432163078125 0.6135079296875 0.43781426406249996 0.6098905890624999 0.48826089375 0.6062732468750001 0.5181170609375 0.6057564828124999 0.532530384375 0.6104073515625 0.5541503671875 0.6166085078125 0.5541503671875 0.6346952171875 0.550032275 0.6424466625 0.5459141843750001 0.6439969515625 0.50782183125 0.6439969515625 0.39354477499999996 0.6439969515625 0.3503048078125 0.6377957953125 0.3369210078125
5 0.69105291875 0.3585185390625 0.6848517625 0.334839509375 0.66831534375 0.3420461703125 0.6590136078125 0.3585185390625 0.6580280328125 0.358668775 0.65281245 0.40175850625000004 0.6512621609375 0.442939428125 0.6471280562499999 0.4769136890625 0.6404101359375 0.5139765171875 0.6393766109375 0.534566978125 0.644027478125 0.5551574390625 0.6652147640625 0.5613345765625 0.6807176578125 0.5613345765625 0.6920864453125 0.5448622078125 0.6946702609375001 0.5088289031250001 0.69105291875 0.4522051359375 0.69105291875 0.3585185390625
5 0.7427292265625 0.5222127015625 0.7416957015625 0.49338605625 0.7385951234375 0.45426418125 0.7365280703125 0.3945518453125 0.73549454375 0.353370925 0.726192809375 0.345134740625 0.7137904953125 0.3441052171875 0.7055222859375 0.353370925 0.7014433343750001 0.36072910468749997 0.699321128125 0.42028992187499997 0.6982876015625 0.4439689515625 0.699321128125 0.45632322812500004 0.693636734375 0.48412035 0.6920864453125 0.511917471875 0.6920864453125 0.5386850703125 0.6951870234374999 0.5489803 0.7075893375 0.5561869625 0.720508415625 0.5530983921875 0.7298101499999999 0.551039346875 0.7391118859375 0.5469212531250001 0.7427292265625 0.5222127015625
5 0.7737350125 0.3574890171875 0.7670170921875 0.3492528328125 0.7561650671875 0.3523414015625 0.751577671875 0.359698940625 0.748930384375 0.40072898281249997 0.743245990625 0.468677503125 0.7416957015625 0.49132701093750003 0.740662175 0.5139765171875 0.7437627531250001 0.536626025 0.754098015625 0.5469212531250001 0.7618494609375001 0.5530983921875 0.7758020640625001 0.5417736390625 0.7856205640625 0.5180946093750001 0.7820032218749999 0.4769136890625 0.776318828125 0.3914632765625 0.7737350125 0.3574890171875
0 0.5624109984375 0.5688223375 0.5582237984375 0.6005411281249999 0.5577070359375 0.6221611125 0.5633914296875 0.6437810953125 0.56494171875 0.753940059375 0.57631050625 0.803357165625 0.58716253125 0.797180028125 0.5918133984375 0.672607740625 0.590263109375 0.589216375 0.5892295828125 0.580980190625 0.5804446109375 0.5696554375 0.5726931640624999 0.5655373453125 0.5624109984375 0.5688223375
6 0.6109336328125 0.5686259140625001 0.60369895 0.575832575 0.5985904171875001 0.580154146875 0.5892295828125 0.5850982828125 0.58716253125 0.603629696875 0.592846925 0.63760395625 0.59801455625 0.767323859375 0.6016318968750001 0.7858552734375001 0.60938334375 0.789973365625 0.6166180265625 0.7652648140625 0.6197186046875001 0.6674601250000001 0.6228191843750001 0.6190725421875001 0.6243694734375 0.5871573296875 0.618168315625 0.5717144828125 0.6109336328125 0.5686259140625001
6 0.65382496875 0.5768620984374999 0.6476238125 0.5706849593750001 0.6332192890624999 0.5760334890625 0.6223024203125 0.584068759375 0.6186850781250001 0.594363990625 0.617651553125 0.6077477890625 0.6223024203125 0.623190634375 0.6409058921875 0.7405562609375 0.6553752578125 0.786884796875 0.662609940625 0.797180028125 0.6631267046875 0.7467333984375 0.656408784375 0.67054869375 0.6569255468749999 0.636574434375 0.657442309375 0.5964230359375 0.65382496875 0.5768620984374999
4 0.7039509875000001 0.7168772296875 0.7163533015625 0.7632057671875 0.7282388531249999 0.773500996875 0.7210041687500001 0.6931982015625 0.7132527234375 0.6581944187500001 0.712219196875 0.613924928125 0.7127359609374999 0.5881868515625001 0.7101521453124999 0.5675963921875 0.7075683296874999 0.5603897296875 0.69774983125 0.5696554375 0.6889648578124999 0.5634782984375 0.6822469375 0.5768620984374999 0.66571051875 0.5675963921875 0.6595093624999999 0.574803053125 0.6496908640625 0.5830392359375 0.650724390625 0.6128954046875 0.6589925984375 0.6468696656249999 0.6698446234375 0.6787848796875 0.6775960703125 0.74879244375 0.6853475171875 0.7796781359375 0.6930989624999999 0.78173718125 0.6925822 0.7529105375 0.6879313328125 0.6962867703125 0.68638104375 0.6767258328125 0.6941324890625 0.672607740625 0.7039509875000001 0.7168772296875
4 0.777848109375 0.7240838921874999 0.7716469515625 0.666430603125 0.766996084375 0.62833825 0.766996084375 0.5737735296875 0.758727875 0.5439173609375 0.7545937703125001 0.5367107 0.7380573515625 0.551124021875 0.728755615625 0.548035453125 0.7153982531249999 0.5585206921875 0.7106689078125 0.574803053125 0.70911861875 0.5912754203125 0.7132527234375 0.6108363578125 0.717386828125 0.6252496812499999 0.7297891421875 0.6777553562499999 0.7411579296874999 0.7282019843749999 0.750459665625 0.7477629218749999 0.7561440593750001 0.7457038765624999 0.7463255609375 0.6592239421875 0.766996084375 0.7261429390624999 0.7711301890625 0.7323200765625 0.777848109375 0.7240838921874999
4 0.8217729703125001 0.6931982015625 0.83055794375 0.692168678125 0.8372758640625 0.6798144015625 0.8248735500000001 0.65716489375 0.8145382874999999 0.6190725421875001 0.8155718140625 0.5562716375 0.8083371296875 0.5367107 0.8000689218750001 0.5305335624999999 0.7907671859375001 0.5346516546875 0.783532503125 0.555242115625 0.7737140046875 0.5428878390625 0.76088095 0.55955085625 0.7582111109375 0.575832575 0.7607949265625 0.5953935125 0.773197240625 0.6252496812499999 0.778364871875 0.6695191703125001 0.7881833703125001 0.70349343125 0.8016192109375 0.7199658 0.8083371296875 0.7220248453125 0.8005856843749999 0.6890801093750001 0.794901290625 0.64172205 0.8000689218750001 0.639663003125 0.8083371296875 0.6746667859375 0.8217729703125001 0.6931982015625
2 0.53186888125 0.6005411281249999 0.5344526968750001 0.6406925265625001 0.5334191703125 0.72305436875 0.5396203265625 0.7498219671874999 0.549438825 0.7282019843749999 0.5561567453125 0.64172205 0.559257325 0.5953935125 0.56029085 0.5686259140625001 0.5499555890625001 0.564507821875 0.5365197484374999 0.561419253125 0.53140006875 0.5739731609375001 0.53186888125 0.6005411281249999
2 0.5137821734375 0.5459764078125 0.5039636749999999 0.5542125921875 0.5014228359375 0.5616111859374999 0.5018966218750001 0.59230494375 0.5044804375 0.6108363578125 0.507064253125 0.6211315890625 0.513265409375 0.708641046875 0.5194665671875 0.7333496 0.52670125 0.7209953234375 0.529285065625 0.620102065625 0.5344526968750001 0.589216375 0.5360029859375001 0.5562716375 0.5354862218750001 0.548035453125 0.5230839078125 0.55318306875 0.5137821734375 0.5459764078125
10 0.4378504296875 0.580154146875 0.4419521046875 0.6098068359375 0.44763649843750003 0.6520172796875 0.45332089218749994 0.6911391546875 0.46520644375 0.7364381671875 0.4750249421875 0.7652648140625 0.479159046875 0.7477629218749999 0.47760875625 0.6870210625000001 0.47295788906249997 0.6221611125 0.46623996874999996 0.5624487765625 0.45383765625 0.564507821875 0.438851525 0.5717144828125 0.4378504296875 0.580154146875
10 0.47967580937500004 0.6767258328125 0.48536020312500006 0.7323200765625 0.4936284125 0.7436448296875 0.5024133843749999 0.6540763265625 0.5024133843749999 0.603629696875 0.5003463328125 0.5634782984375 0.4946619390625 0.5439173609375 0.479159046875 0.54700593125 0.46834451093749996 0.5564603625 0.47244112656250004 0.6221611125 0.47967580937500004 0.6767258328125
9 0.4233053296875 0.3730242359375 0.41813770000000006 0.36169948281250003 0.4067689125 0.363758528125 0.399603615625 0.37927206562500004 0.3985007015625 0.42347086406249995 0.4005677546875 0.47391749375 0.40263480625000003 0.49965556875 0.4031515703125 0.5428955359375001 0.4083192015625 0.5593679046875 0.41400359531250003 0.5645155203125001 0.42433885625 0.5614269515625 0.4315735390625 0.554220290625 0.43570764375 0.53877744375 0.43570764375 0.497596521875 0.4284729609375 0.41008706562499997 0.4233053296875 0.3730242359375
15 0.39074925625 0.38126042031249996 0.3866151515625 0.3719947125 0.37886370468749997 0.3678766203125 0.369626384375 0.385453053125 0.36904520625 0.4245003875 0.3731793109375 0.48627176875 0.373696075 0.5356888750000001 0.3731793109375 0.5573088578125 0.37938046875000003 0.5676040890625 0.38764867812500003 0.5676040890625 0.39695041249999996 0.563485996875 0.40263480625000003 0.55216124375 0.40573538593749997 0.5367183984375 0.40263480625000003 0.48627176875 0.39643364999999997 0.4245003875 0.39074925625 0.38126042031249996
15 0.372145784375 0.426559434375 0.3674949171875 0.3925851734375 0.3612937609375 0.374053759375 0.3509584984375 0.36890614374999997 0.34585133749999997 0.388543546875 0.3426902890625 0.43273657187500003 0.34734115625 0.47185844687499995 0.3447573421875 0.51921650625 0.3447573421875 0.5552498124999999 0.35199202500000004 0.569663134375 0.36181052343750003 0.5758402734375 0.36852844375 0.5676040890625 0.37886370468749997 0.5676040890625 0.3850648625 0.5562793359375 0.3850648625 0.52642316875 0.37886370468749997 0.48009463124999996 0.372145784375 0.426559434375
13 0.34682439375 0.5614269515625 0.35302555 0.550102196875 0.348891446875 0.5243641218749999 0.333388553125 0.39155565000000003 0.3261538703125 0.36890614374999997 0.3178856609375 0.3555223453125 0.30444982187499997 0.366847096875 0.29933494375 0.3751514078125 0.294114559375 0.43273657187500003 0.294114559375 0.468769878125 0.2951480859375 0.5027441375 0.29153074375 0.530541259375 0.29101398125 0.5511317203125 0.2920475078125 0.5655450421875 0.29618161249999997 0.5758402734375 0.304966584375 0.57789931875 0.31375155625 0.573781228125 0.3261538703125 0.57172218125 0.33803942187499997 0.57172218125 0.34682439375 0.5614269515625
13 0.28584635 0.390526128125 0.282745771875 0.374053759375 0.2708602203125 0.357581390625 0.25794114375 0.36169948281250003 0.250751153125 0.3782419015625 0.2434717765625 0.444061325 0.2455388296875 0.4708289234375 0.23727062031249999 0.49450795468750003 0.2352035671875 0.52539364375 0.23727062031249999 0.5480431515624999 0.2424382515625 0.560397428125 0.272410509375 0.57172218125 0.2848128234375 0.5676040890625 0.29308103281250003 0.5562793359375 0.294114559375 0.5150984140625 0.2894636921875 0.4728879703125 0.28584635 0.390526128125
13 0.24450530312500002 0.436785384375 0.25225675000000003 0.39869303125 0.254840565625 0.3564825875 0.255874090625 0.2947112046875 0.25173998750000004 0.2669140828125 0.2424382515625 0.2576483765625 0.2310694625 0.2586779 0.21970067499999998 0.2802978828125 0.2150498078125 0.3080950046875 0.20213073124999997 0.34721687968750004 0.1907619421875 0.38222066250000003 0.186111075 0.4007520765625 0.18714460156249998 0.4141358765625 0.19437928437500002 0.43060824531249997 0.20419778281249998 0.45119870625 0.2119492296875 0.4645825046875 0.227452121875 0.46046441250000003 0.238820909375 0.4584053671875 0.24450530312500002 0.436785384375
12 0.199546915625 0.710777071875 0.20419778281249998 0.661359965625 0.205231309375 0.6376809359375 0.21039893906249998 0.6181199984375 0.2072983609375 0.605765721875 0.1897284171875 0.592381921875 0.1855943125 0.5882638296875 0.17525905 0.6067952453125 0.1659573140625 0.6078247671875 0.152521475 0.605765721875 0.1447971421875 0.6172400687499999 0.14890413281249998 0.6623894890625001 0.153555 0.6840094718749999 0.152521475 0.7179837328125 0.145286790625 0.7375446703125 0.14218621250000002 0.7571056078125 0.1509711859375 0.7674008375 0.15923939375 0.7797551140625 0.17009141875 0.7818141609375 0.1814602078125 0.7746074984375 0.1897284171875 0.762253221875 0.1985133890625 0.739603715625 0.199546915625 0.710777071875
12 0.227452121875 0.773577975 0.2341700421875 0.759164653125 0.2538070390625 0.697393271875 0.2641423 0.6572418734375 0.274994325 0.6140019062500001 0.2739607984375 0.5985590609375 0.2682764046875 0.5789981234375 0.25845790625 0.5707619390625001 0.2455388296875 0.5748800296875001 0.2305527 0.56767336875 0.21815038593749997 0.56767336875 0.21612228125000002 0.5811843109375 0.21091570312500002 0.6067952453125 0.21091570312500002 0.63973998125 0.2098821765625 0.6685666265625 0.205231309375 0.7190132546875 0.2036810203125 0.7457808546875 0.20833188749999998 0.7684303609375001 0.22021743906250002 0.7323970546874999 0.2300359375 0.6881275640625 0.2290024109375 0.7190132546875 0.22280125312500001 0.7488694234375 0.22280125312500001 0.7704894078125 0.227452121875 0.773577975
12 0.30238276875 0.7571056078125 0.299282190625 0.7859322515625 0.299282190625 0.8106408046875 0.30341629531250003 0.814758896875 0.3096174515625 0.8003455734375 0.315818609375 0.7756370218749999 0.32512034375 0.7354856234375 0.3282209234375 0.6963637484375 0.332355028125 0.6531237812499999 0.34114 0.592381921875 0.33028797499999996 0.5841457390625 0.31065097812500003 0.5913524 0.29618161249999997 0.5820866921875 0.2873966390625 0.5882638296875 0.27555989687500004 0.589425628125 0.2744775625 0.6181199984375 0.272410509375 0.65930091875 0.272410509375 0.6881275640625 0.2625920109375 0.736515146875 0.2594914328125 0.772548453125 0.2620752484375 0.798286528125 0.2682764046875 0.8044636671875001 0.27654461406249997 0.7910798671875 0.2972151375 0.7076885015625 0.300315715625 0.7076885015625 0.30341629531250003 0.7241608703125 0.30238276875 0.7571056078125
14 0.3416567625 0.5934114453125 0.3344806640625 0.6048780953125 0.332871790625 0.6634190109375 0.332355028125 0.7612237000000001 0.33442207968750004 0.8065227125 0.3416567625 0.82299508125 0.3504417359375 0.8188769890625001 0.37007873281250003 0.716954209375 0.37938046875000003 0.628415228125 0.381964284375 0.6037066765625 0.373696075 0.5934114453125 0.36336081249999996 0.60061810625 0.35560936718749997 0.5882638296875 0.3416567625 0.5934114453125
14 0.41245330625000004 0.6129723828125 0.40728567499999996 0.60061810625 0.3959168875 0.5913524 0.3845480984375 0.5851752609374999 0.3757631265625 0.592381921875 0.369626384375 0.6089987531250001 0.371629021875 0.6325333203125 0.3762798890625 0.6654780578125 0.381964284375 0.7159246859375 0.381964284375 0.7488694234375 0.388165440625 0.7818141609375 0.3943665984375 0.8116703281250001 0.40108451718750004 0.8240246046875 0.4078024375 0.8065227125 0.4119365421875 0.7200427781250001 0.410386253125 0.6788618578125 0.41090301562500003 0.6407695046875 0.41245330625000004 0.6129723828125
8 0.43570764375 0.5738505078125 0.4295064875 0.5717914625 0.41710417343749995 0.586204784375 0.4089068953125 0.5914859578125 0.40573538593749997 0.6047361984374999 0.4083192015625 0.63973998125 0.410386253125 0.6840094718749999 0.41297006875 0.7354856234375 0.4202047515625 0.773577975 0.43364059218750006 0.802404621875 0.448626721875 0.8209360359375 0.45896198281249995 0.82299508125 0.4584452203125 0.7601941765625 0.4475931953125 0.6263561828124999 0.4403585125 0.5820866921875 0.43570764375 0.5738505078125