5 0.7486161906250001 0.44394171718750003 0.7731172484375 0.45436311875 0.785367778125 0.42570426718750004 0.7983389265625 0.3788079640625 0.786809015625 0.3397277109375 0.7514986671874999 0.305858159375 0.7385275203125 0.303252809375 0.725556371875 0.3280036359375 0.72278255 0.36993290624999997 0.7356450421875 0.417888215625 0.7486161906250001 0.44394171718750003
5 0.726997609375 0.39713307656249996 0.7161883203125 0.381500975 0.695290359375 0.41797587812500003 0.7060996484375 0.48180695625 0.7082615062500001 0.5247952328125 0.7197914171875001 0.5651781609375 0.7284388484375001 0.5808102625 0.7442924750000001 0.5847182875 0.7522192875 0.5834156109374999 0.7601460999999999 0.5573621109375 0.7723966296875 0.5508487359375 0.778882203125 0.5326112843749999 0.77527910625 0.48180695625 0.75293990625 0.438818678125 0.726997609375 0.39713307656249996
4 0.7991786984375 0.5797942734375 0.7832059203124999 0.5847182875 0.777440965625 0.6094691125 0.766631675 0.631614590625 0.7601460999999999 0.657668090625 0.7687935328125 0.6902349671875 0.794015209375 0.70847241875 0.8170750296874999 0.71759114375 0.8365317515624999 0.6785108921874999 0.8343698937499999 0.6264038890625 0.8250018421875 0.6003503875 0.8098688359375 0.5821129359375 0.7991786984375 0.5797942734375
4 0.7846471578124999 0.69935369375 0.7601460999999999 0.5951396875 0.7442924750000001 0.5873236375 0.7327625640625001 0.5847182875 0.72123265625 0.5964423625 0.7140264609375 0.6159824875 0.6967315984375 0.6198905140625001 0.693233096875 0.6358442046875 0.6938491203125 0.666786815625 0.718350178125 0.6967483421875 0.7378069 0.7319205703125 0.7543811453125 0.771000821875 0.7673522937499999 0.7892382734375001 0.7673522937499999 0.761882096875 0.7587048625 0.7358285953125 0.7673522937499999 0.71889381875 0.7832059203124999 0.7436446453125 0.79761830625 0.7475526703125001 0.79761830625 0.7267098703125 0.7846471578124999 0.69935369375
3 0.5417984375 0.4557534546875 0.533871625 0.43360797812499996 0.515936375 0.4494455984375 0.50432623125 0.553454084375 0.4992818953125 0.5977450375 0.5036056125 0.649852040625 0.508649946875 0.6719975171875 0.5209004765625 0.6746028671875 0.538195340625 0.6733001921875 0.55693144375 0.662878790625 0.5662994953125 0.643338665625 0.5662994953125 0.6133771390625 0.553328346875 0.558664784375 0.5468427734375 0.48310963124999995 0.5417984375 0.4557534546875
11 0.4603684515625 0.440121353125 0.44955916093750004 0.4557534546875 0.444514825 0.5742968875 0.4365880125 0.6185878390624999 0.43730863124999997 0.652457390625 0.4416323484375 0.6785108921874999 0.4567653546875 0.6928403171874999 0.4805457921875 0.69805101875 0.5021643734375 0.668089490625 0.4978406578125 0.5886263125 0.4884726046875 0.5326112843749999 0.48198703125 0.4518454296875 0.4747808375 0.43360797812499996 0.4603684515625 0.440121353125
10 0.5016325828125 0.9084917015625 0.49630191406249996 0.820693978125 0.49334043125000004 0.7403911812499999 0.4903789484375 0.7093407671875 0.47497923750000004 0.711482175 0.44838548906250003 0.72883573125 0.45602574687499997 0.820693978125 0.474386940625 0.8699463609375 0.5016325828125 0.9084917015625
2 0.5218403578124999 0.7159792781250001 0.48682516875 0.7286134390625 0.49156354062499996 0.7917849718750001 0.5158477015625 0.8935018484375 0.535985784375 0.884936215625 0.5282859296875 0.7425325890625001 0.5218403578124999 0.7159792781250001
12 0.25109113125000004 0.7553810375000001 0.2735984 0.695421615625 0.300251746875 0.6472399390625 0.29729026406250003 0.6204723390625 0.28781351875 0.6086945953125 0.2718215109375 0.6129774109375 0.2593832828125 0.5872805171875 0.2427989796875 0.5851391078125 0.23332223437500002 0.59798755625 0.22206859843750001 0.6290379703125 0.21851481874999998 0.670795425 0.2048919984375 0.711482175 0.188899990625 0.730754846875 0.18593850781250001 0.7500275171874999 0.19600754843749998 0.7553810375000001 0.22206859843750001 0.730754846875 0.22739926718749998 0.7371790703125 0.20844577812499998 0.7757244125 0.21199955625000003 0.7907142671875 0.23391452968749998 0.783219340625 0.25109113125000004 0.7553810375000001
12 0.1551390859375 0.6213989390625 0.150993009375 0.6578028734375 0.157508271875 0.6899239921875 0.16876190625 0.7102673687500001 0.1806078390625 0.719903703125 0.2048919984375 0.7166915921875 0.22206859843750001 0.679216953125 0.2226608953125 0.6331766828125 0.207261184375 0.5871364125 0.18593850781250001 0.5828535984375 0.1723156859375 0.5839243015625 0.1551390859375 0.6213989390625
13 0.29729026406250003 0.384773365625 0.283075146875 0.3837026625 0.26412165625 0.40939955625 0.24753735156249998 0.44152067656250005 0.23332223437500002 0.45543982656250004 0.2161456328125 0.49719728124999996 0.21792252343750002 0.5271769921875 0.221476303125 0.5475203671875 0.2362837171875 0.5560859984375 0.24457586875 0.5807121890625 0.26175246875 0.5871364125 0.2735984 0.5764293734375 0.2848520359375 0.5325305124999999 0.30499011875000004 0.3986925171875 0.29729026406250003 0.384773365625
13 0.24102208906249997 0.30982408906250003 0.220291709375 0.32481394375 0.20193051562500003 0.370854215625 0.207261184375 0.400833925 0.213776446875 0.42974293125 0.22621467499999998 0.4500863078125 0.2404297921875 0.4447327875 0.2593832828125 0.42438941249999995 0.2777444765625 0.3815612546875 0.281890553125 0.34836943125 0.2724138078125 0.315177609375 0.2546449109375 0.3055412734375 0.24102208906249997 0.30982408906250003