5 0.6207457359374999 0.42983406718749995 0.6263144671875 0.4742113625 0.6525670578125 0.493230203125 0.6804107140625 0.47896607187500007 0.686774978125 0.417154840625 0.7018901046875 0.2887776640625 0.693934775 0.2396456578125 0.6780241140625 0.21270229999999998 0.65345779375 0.2461770515625 0.6358608640625001 0.3775322546875 0.6207457359374999 0.42983406718749995
9 0.4059518203125 0.54077730625 0.4218624796875 0.54077730625 0.433795475 0.526513175 0.43936420624999994 0.493230203125 0.4226580125 0.30145689062500003 0.412316084375 0.26341920937499996 0.3964579875 0.2921678890625 0.39720095624999996 0.45994723125 0.39401882499999996 0.513833946875 0.4059518203125 0.54077730625
8 0.4131116171875 0.8181354015625001 0.4314088765625 0.8038712718750001 0.44493293749999996 0.615267765625 0.44731953750000003 0.5376074984375 0.43624124062499997 0.531637421875 0.4131116171875 0.5550414359375 0.4091339515625 0.6025885375 0.40356522031250003 0.7816826234375001 0.4131116171875 0.8181354015625001
14 0.37911407812500003 0.5762857796875 0.376132753125 0.674288453125 0.3696732140625 0.7524926062499999 0.3711638765625 0.77823068125 0.3920331546875 0.750512753125 0.4059460078125 0.6386511171875 0.41737442187499996 0.5634167406249999 0.413896209375 0.545598075 0.406974675 0.5369189343749999 0.3850767296875 0.543618221875 0.37911407812500003 0.5762857796875
14 0.36221990000000004 0.51590029375 0.3517852609375 0.5168902203125 0.344331946875 0.54064844375 0.339859959375 0.6109331890624999 0.3314128703125 0.7119056406250001 0.3353879703125 0.7445731984374999 0.3527790359375 0.7267545296875 0.3696732140625 0.649540303125 0.3905424921875 0.5416383703125 0.3850767296875 0.5208499234375 0.377623415625 0.5119405890625 0.36221990000000004 0.51590029375
10 0.458616090625 0.524809628125 0.46656629218749995 0.5337189625 0.494391996875 0.5257995531249999 0.5003546484375 0.5178801453124999 0.498367096875 0.4604644390625 0.48842934531250004 0.331774059375 0.47749781875 0.27237849999999997 0.4705413921875 0.27237849999999997 0.46064743906250005 0.287302146875 0.458616090625 0.481252884375 0.458616090625 0.524809628125
3 0.51625505 0.27534827812499996 0.498367096875 0.263469165625 0.48897473125 0.2803683484375 0.49985775937500004 0.5307491843750001 0.538118103125 0.5238197015625 0.537621215625 0.4980816265625 0.529174128125 0.381270359375 0.51625505 0.27534827812499996
3 0.5401056546875 0.27831805625 0.5271865765625 0.271388575 0.5252535421875 0.287302146875 0.533149228125 0.457494659375 0.537621215625 0.5228297765625001 0.55550916875 0.5198599984375 0.573397121875 0.4802629578125 0.5401056546875 0.27831805625
2 0.5281803515625 0.7604120140624999 0.5202301515625 0.630731709375 0.5142675 0.5515376296875 0.49190755781249995 0.5426282953125 0.5003546484375 0.6554798578125001 0.5078079609375 0.7366537906249999 0.5187394875 0.7703112734374999 0.5281803515625 0.7604120140624999
2 0.532155453125 0.7445731984374999 0.5470620796875 0.7831803109375 0.55103718125 0.6921071203125 0.5450745296874999 0.6198425234375 0.541156584375 0.5398905640625 0.5127768374999999 0.5396585171875 0.5142675 0.5584671109375 0.5227145890625 0.6663690453125 0.532155453125 0.7445731984374999
6 0.540602540625 0.536688740625 0.5435838671875 0.5960843 0.55600605625 0.717845196875 0.5679313593749999 0.7821903859375 0.576378446875 0.8268036703125 0.5853224234375001 0.7931461875 0.5798566609375 0.6189192125 0.5798566609375 0.5387352078125 0.5719687265625 0.5329567640625 0.5579936078125 0.52183985 0.540602540625 0.536688740625
6 0.5679313593749999 0.53675535625 0.573397121875 0.5664531359375 0.5818442109374999 0.5981307671875 0.6012228265624999 0.7060327 0.611657465625 0.7575088515624999 0.6230858796875001 0.7545390750000001 0.6196076671874999 0.6634658828125 0.613148128125 0.572392690625 0.6037748078125 0.5091837359375 0.5873099734375 0.50606765 0.5679313593749999 0.53675535625
10 0.48842934531250004 0.77433759375 0.492404446875 0.73672040625 0.494391996875 0.6317882515625 0.493398221875 0.55061431875 0.48842934531250004 0.5426949125 0.46656629218749995 0.553584096875 0.47252894375 0.6228789171875 0.47700093125 0.7030629234375 0.48842934531250004 0.77433759375
10 0.458616090625 0.7822570015625 0.4670631796875 0.7822570015625 0.47252894375 0.714942034375 0.47401960625 0.5644732828125 0.47153516875 0.5516042453125001 0.4422595484375 0.5468243640625 0.44569701406249995 0.6189192125 0.44718767656249997 0.7218715171875 0.458616090625 0.7822570015625