9 0.43775196093749996 0.5249134578125 0.44888974062500003 0.47419655 0.4433208515625 0.3268005328125 0.42820529374999994 0.252310071875 0.4123712765625 0.2747230890625 0.40036084375 0.47419655 0.39876973125 0.5185738453125001 0.42024973593750004 0.5280832656250001 0.43775196093749996 0.5249134578125
11 0.5013964171875 0.5423473953125 0.49980530625 0.45993241874999996 0.5013964171875 0.272913815625 0.49025863750000004 0.249140265625 0.47443315 0.28899610781249996 0.459231965625 0.482121065625 0.46002752031250005 0.5312530718749999 0.477529746875 0.5439322984375 0.5013964171875 0.5423473953125
3 0.49821419375 0.4805361625 0.49741863906250006 0.5185738453125001 0.5006008625 0.5423473953125 0.523671978125 0.548687009375 0.5371964250000001 0.5391775890625 0.540378646875 0.51223423125 0.5379919796875 0.461517321875 0.5332186453125 0.323630725 0.5308319781249999 0.280838334375 0.52605864375 0.2586496859375 0.51580773125 0.268379525 0.49821419375 0.4805361625
13 0.30807638125 0.509064425 0.32955638593750003 0.5217436515625 0.3597875015625 0.5058946171875001 0.362969725 0.45993241874999996 0.35501416875 0.287177946875 0.350240834375 0.26181949375 0.326439453125 0.285824325 0.3064852703125 0.42664944687500006 0.30091637968749996 0.47419655 0.30807638125 0.509064425
13 0.2523874828125 0.43457396406250004 0.26432081875 0.463102225 0.27864082031250004 0.49321539062499997 0.2969386015625 0.4916304875 0.30091637968749996 0.4726116453125 0.31762305 0.3632533109375 0.321600828125 0.2903477546875 0.3088719375 0.269744009375 0.2914301921875 0.28265254375 0.2595474828125 0.391781571875 0.2523874828125 0.43457396406250004
12 0.1696496890625 0.5154040375 0.17283191250000002 0.5502719125 0.1966985828125 0.5724605609375 0.2356808125 0.569290753125 0.276254153125 0.5375926859375 0.285005265625 0.49955500468749997 0.27864082031250004 0.47736635625 0.2523874828125 0.4329890609375 0.2405076296875 0.4301404015625 0.185560803125 0.4837059703125 0.1696496890625 0.5154040375
1 0.5683052187500001 0.27898439062499997 0.5640733203125 0.43676031093749995 0.5598414218750001 0.47891418124999996 0.5634687625 0.5017977124999999 0.570723446875 0.52227245 0.582210028125 0.529498828125 0.5943011671875 0.521068053125 0.603369521875 0.48493616250000005 0.5985330656250001 0.45000867031249997 0.5882555984375 0.2922327515625 0.5834191421875 0.26694042812499996 0.57374623125 0.26332723750000003 0.5683052187500001 0.27898439062499997
7 0.603369521875 0.3584745484375 0.5967193953125001 0.4403734984375 0.5997421796875 0.48734495625 0.614251546875 0.5042065046875 0.636015596875 0.500593315625 0.6372247109375 0.4620526328125 0.6329928125000001 0.348839378125 0.6323882546874999 0.2886195609375 0.62815635625 0.26694042812499996 0.619088003125 0.26212284218750004 0.6119148375 0.2742997859375 0.603369521875 0.3584745484375
5 0.695866734375 0.2994591296875 0.6910302796875001 0.2838019765625 0.67600668125 0.27550493125000003 0.662616103125 0.3115030921875 0.6541523046875 0.369314115625 0.6499204062499999 0.431942725 0.64871129375 0.4837317671875 0.657779646875 0.5017977124999999 0.67047534375 0.5042065046875 0.6880074953124999 0.4993889203125 0.700703190625 0.486140559375 0.7019123046875 0.45843944375 0.694657621875 0.412672384375 0.6964712921875 0.3319778296875 0.695866734375 0.2994591296875
5 0.7158171140625 0.260918446875 0.703725975 0.26934922031249997 0.6988895203125 0.3030723171875 0.6940530640625 0.404241609375 0.6964712921875 0.42592074375 0.6982849625 0.4548262546875 0.7085624312500001 0.46807461562499997 0.721862684375 0.46325702968750004 0.7375811640625 0.44278229218750004 0.7399993921875 0.406650403125 0.7291173671875 0.3753360984375 0.723071796875 0.2982547328125 0.7206535703125 0.27416680625 0.7158171140625 0.260918446875
4 0.7805047078125 0.5584043390625 0.7720409109374999 0.5596087359374999 0.7611588859375 0.555995546875 0.754508759375 0.5391339984375 0.7665998984375 0.5475647718750001 0.798036859375 0.5620175281249999 0.8004550874999999 0.5535867546875 0.7919912906250001 0.529498828125 0.7799001515625 0.5102284859374999 0.76297255625 0.4909581453125 0.7557178734375001 0.45723504843749996 0.7393948359375 0.4403734984375 0.7248854687499999 0.4560306515625 0.706144203125 0.5102284859374999 0.7055396468749999 0.5343164125000001 0.7152125578125 0.549973565625 0.7285128109375 0.563221925 0.7442312906249999 0.5873098515625 0.765390784375 0.599353815625 0.77929559375 0.5945362296875001 0.7883639484375 0.5824922671875 0.7907821765625 0.564426321875 0.7805047078125 0.5584043390625
10 0.4836672453125 0.7475756125 0.48427180312500007 0.62231839375 0.4866900296875 0.5620985765625 0.4703669921875 0.5488502171875 0.4577316296875 0.5671504515625 0.45888041093750004 0.617500809375 0.4619031953125 0.7066261359375 0.47399433437500005 0.7511888 0.4836672453125 0.7475756125
10 0.4897128140625 0.7511888 0.5030130671874999 0.75359759375 0.5078495234375 0.6873557953125 0.5114768656249999 0.568120559375 0.506640409375 0.5488502171875 0.4836672453125 0.5488502171875 0.48608547343749997 0.5910040890625 0.485480915625 0.635566753125 0.4897128140625 0.7511888
2 0.50966319375 0.6415887359375 0.5193361046875 0.6981953625 0.5308226875 0.7439624234375 0.5344500296875 0.7222832890625 0.5338454718750001 0.6403843390625 0.5320318015625001 0.5825733140625 0.525381675 0.5717337484375 0.50966319375 0.5705293515625 0.5054312953125 0.5922084859375001 0.50966319375 0.6415887359375
2 0.5296135734375 0.5994348625 0.5380773703124999 0.6861514 0.5417047125 0.725896478125 0.5513776234375001 0.74516681875 0.5562140796875 0.7162613078125 0.5568186359375 0.6403843390625 0.5550786750000001 0.558714425 0.5368682578125 0.551259009375 0.52598623125 0.5669161625 0.5296135734375 0.5994348625
0 0.561050534375 0.5488502171875 0.55198218125 0.5777557296875 0.55802775 0.606661240625 0.561050534375 0.664472265625 0.5677006609374999 0.71264811875 0.5797918 0.7548019906250001 0.5918829390625 0.7752767281249999 0.6021604078125 0.7572107828125 0.5912783828125 0.6704942468749999 0.5888601546875 0.6054568453125 0.58349675625 0.5490732515625 0.561050534375 0.5488502171875
6 0.587046484375 0.588595296875 0.5973239515625 0.6704942468749999 0.6100196484375 0.731918459375 0.625133571875 0.7572107828125 0.6287609125 0.6957865703125 0.6221107875 0.580164521875 0.619692559375 0.5416238390625 0.597928509375 0.5319886687500001 0.5840236984375 0.5500546140625 0.587046484375 0.588595296875
8 0.4165614234375 0.6981953625 0.4189796515625 0.75359759375 0.4353026890625 0.76805035 0.45041661250000004 0.71264811875 0.46069408125000005 0.5897996921875001 0.45464851250000005 0.56089418125 0.446848109375 0.5406372234375 0.425025221875 0.5633029734375 0.420188765625 0.62231839375 0.4165614234375 0.6981953625
14 0.38935636093750003 0.5428282359375001 0.3863335765625 0.57293814375 0.3808925640625 0.628340375 0.37001053906250003 0.740349234375 0.3869381328125 0.75359759375 0.403865728125 0.7138525140625 0.42562977812499997 0.60184365625 0.4316753484375 0.5548721999999999 0.42381610781249995 0.5356018578125 0.40326117031250003 0.5356018578125 0.38935636093750003 0.5428282359375001
14 0.3403872484375 0.6668810578125 0.3355507921875 0.742758028125 0.3409918046875 0.7704591421875 0.371824209375 0.7066261359375 0.3869381328125 0.606661240625 0.4014475 0.5404194437500001 0.392983703125 0.5211491015624999 0.35308294375 0.530784271875 0.349455603125 0.603048053125 0.3403872484375 0.6668810578125
15 0.35550117187499997 0.2935181953125 0.3573148421875 0.3356720671875 0.35308294375 0.399505071875 0.3482464890625 0.4669512671875 0.3488510453125 0.5054919484375 0.36154674062500003 0.518740309375 0.377265221875 0.5139227234375 0.388147246875 0.49465238281249996 0.3917745890625 0.454907303125 0.36940598125 0.28749621406250003 0.35550117187499997 0.2935181953125