11 0.5038147562499999 0.5957434078125 0.5043521906249999 0.5475617296874999 0.4989778546875 0.39659247343750004 0.488766615625 0.379461209375 0.47860292656250003 0.3977820609375 0.4694190046875 0.5721879203125 0.4694190046875 0.5903898875 0.497365553125 0.60537974375 0.5038147562499999 0.5957434078125
11 0.45495192500000003 0.3763546390625 0.44684679374999997 0.47796597187499995 0.4420098921875 0.52079413125 0.438785290625 0.5475617296874999 0.438785290625 0.565763696875 0.44254732499999994 0.577541440625 0.46028263437500005 0.58182425625 0.46565697031250003 0.580753553125 0.46995643906250006 0.565763696875 0.47210617343749994 0.5197234265625 0.47371847499999997 0.37196628125000003 0.46404466875 0.364471353125 0.45495192500000003 0.3763546390625
3 0.5333736046875 0.37839050625000004 0.51940033125 0.37517839375 0.5097792484375 0.40099617500000007 0.5075767921875001 0.4586933015625 0.505964490625 0.5143699078124999 0.5032773234375 0.56469299375 0.5032773234375 0.5893191843750001 0.5043521906249999 0.601096928125 0.5140259953124999 0.6043090390625 0.523162365625 0.6043090390625 0.534448471875 0.6000262234375 0.5376730734375 0.58503636875 0.5382105078125 0.5529152500000001 0.5371356406250001 0.4222893671875 0.5333736046875 0.37839050625000004
3 0.555945815625 0.37517839375 0.545255753125 0.388139721875 0.539285375 0.46940034218750004 0.5398228078125 0.52079413125 0.5360607734375 0.5550566578125 0.5349859046875001 0.5743293296875 0.5376730734375 0.5893191843750001 0.5451971437500001 0.5946727046875 0.55379608125 0.5946727046875 0.5597078515625 0.5893191843750001 0.562932453125 0.56790510625 0.5634698874999999 0.54113750625 0.560245284375 0.40837021562500003 0.555945815625 0.37517839375
1 0.5721318921874999 0.379568753125 0.5688442234375 0.43942063124999997 0.5666944890625001 0.4918851234375 0.5640073203125 0.532571875 0.5645447546875 0.5636222890625 0.578518028125 0.5925312953125 0.5887292656249999 0.58503636875 0.595715903125 0.56469299375 0.597328203125 0.5379253953124999 0.59356616875 0.45976400625 0.587116965625 0.39445106406249997 0.5817426296875 0.36554205781250004 0.5721318921874999 0.379568753125
7 0.60915174375 0.37089557812499996 0.59578289375 0.38492560781249996 0.59356616875 0.43299640781250004 0.5941036015625001 0.475824565625 0.59517846875 0.5090163875 0.5903415671875 0.54113750625 0.5941036015625001 0.56148088125 0.6053897078125 0.5721879203125 0.6150635125 0.58182425625 0.62473731875 0.568975809375 0.6263496187500001 0.5432789140625001 0.6258121859375 0.5100870921875 0.61936298125 0.44905696562499997 0.60915174375 0.37089557812499996
7 0.652683865625 0.5240062437499999 0.649996696875 0.504733571875 0.6451597953125 0.4533397828125 0.641397759375 0.3923096578125 0.6365608578125 0.362329946875 0.6226590328125 0.3688550421875 0.61936298125 0.41800655156250005 0.6204378484374999 0.4501276703125 0.6204378484374999 0.4822487890625 0.617213246875 0.5122284984375 0.6161383796875 0.5304304671875 0.6204378484374999 0.5475617296874999 0.631186521875 0.5475617296874999 0.6360234234375 0.5539859546875 0.641397759375 0.56148088125 0.6494592640625 0.5550566578125 0.65214643125 0.54113750625 0.652683865625 0.5240062437499999
5 0.6838550140625 0.411582328125 0.6757935109375001 0.359117834375 0.6666571390625 0.338774459375 0.65214643125 0.3505522015625 0.6500726953125 0.36778367031250003 0.645697228125 0.4008752875 0.6494592640625 0.428713590625 0.6494592640625 0.4576225984375 0.6451597953125 0.4950972359375 0.6451597953125 0.5165113156250001 0.6559084671875001 0.5304304671875 0.668269440625 0.5315011703125 0.6774058109375 0.525076946875 0.6860047484375 0.5272183546875 0.6946036875 0.5015214593749999 0.6935288203125001 0.465117525 0.6838550140625 0.411582328125
5 0.68492988125 0.3409158671875 0.6838550140625 0.399804584375 0.687079615625 0.44905696562499997 0.6843924484375 0.48010738125 0.6860047484375 0.49402653281250003 0.69890315625 0.50366286875 0.7096518281249999 0.5025921640625 0.718250765625 0.4854609 0.7252374015624999 0.46940034218750004 0.7230876671875001 0.446915559375 0.6994405890625 0.32913812343750004 0.6886919171875 0.32913812343750004 0.68492988125 0.3409158671875
5 0.73168660625 0.323784603125 0.7220128 0.3087947484375 0.71403790625 0.31957197187499997 0.7112641281250001 0.3409158671875 0.7112641281250001 0.362329946875 0.7144887296875 0.37839050625000004 0.7187881984375 0.4051581046875 0.7193256328125 0.431925703125 0.7230876671875001 0.45655189375000005 0.7311491718750001 0.46940034218750004 0.7408229765625001 0.465117525 0.7515716484375 0.43942063124999997 0.75587111875 0.4137237359375 0.7478096140625 0.3741076890625 0.73168660625 0.323784603125
10 0.43771042343750005 0.780975190625 0.43663555625 0.7981064546875001 0.4581329 0.7777630796875 0.468881571875 0.734934921875 0.47963024374999996 0.6835411312499999 0.4871543140625 0.6278645265625 0.460864675 0.6174131375 0.455983165625 0.682470428125 0.44523449375 0.7531368890625 0.43771042343750005 0.780975190625
10 0.48661688124999997 0.7691974484374999 0.5048896234375 0.6621270531250001 0.508114225 0.6396422687500001 0.508114225 0.6160867828125001 0.4941409515625 0.609662559375 0.48500457968750005 0.63428875 0.47963024374999996 0.702813803125 0.47371847499999997 0.7777630796875 0.4764056421875 0.807742790625 0.48661688124999997 0.7691974484374999
2 0.49951528749999996 0.7542075921875 0.497365553125 0.7970357515625001 0.5032773234375 0.7863287125 0.5140259953124999 0.7531368890625 0.523162365625 0.6760462046875 0.5269244015625001 0.6407129734375 0.5204751984375 0.624652415625 0.510263959375 0.621440303125 0.505479065625 0.630269590625 0.5011275890625 0.7103087312499999 0.49951528749999996 0.7542075921875
2 0.5328361703125 0.810954903125 0.5505714796875 0.63428875 0.5253121000000001 0.618228190625 0.5226249328125 0.6321473421875 0.5204751984375 0.76812674375 0.5236997999999999 0.8098841984374999 0.5328361703125 0.810954903125
0 0.5419725421875 0.6749755000000001 0.5468683203125 0.6999087125 0.5511089140625 0.780975190625 0.55648325 0.804530678125 0.5645447546875 0.8259447578125 0.5715313906249999 0.8163084218750001 0.574218559375 0.7777630796875 0.5731436921874999 0.7327935140624999 0.5715313906249999 0.6621270531250001 0.567231921875 0.6471371968749999 0.5591704171874999 0.6385715656250001 0.55218378125 0.6385715656250001 0.543047409375 0.6514200140625 0.5419725421875 0.6749755000000001
6 0.575830859375 0.644995790625 0.571056846875 0.6581252390625 0.572068825 0.685682540625 0.5769057265625 0.7156622515625 0.5769057265625 0.743500553125 0.578518028125 0.7745509671875 0.5924913015625 0.81202560625 0.5984030703125 0.8023892703125 0.60055280625 0.762773225 0.602702540625 0.6685512765625 0.600015371875 0.6471371968749999 0.5967907703125 0.6375008625 0.5865795312500001 0.6385715656250001 0.575830859375 0.644995790625
4 0.6295742203125 0.6610563484374999 0.6338736890625001 0.6332180453125 0.6274244859375 0.6075211515625 0.61775068125 0.6043090390625 0.6064645750000001 0.6085918546875 0.600015371875 0.6150160796875 0.5876543984375 0.6171574875 0.5839573921875 0.6281268484375 0.582817496875 0.6439250859375 0.5881918328125 0.6578442375 0.59517846875 0.6771169078125 0.5994779375 0.685682540625 0.6075394421875 0.722086475 0.615600946875 0.734934921875 0.621512715625 0.7167329546875 0.62366245 0.691036059375 0.63494855625 0.7092380265625 0.641397759375 0.7006723953125 0.6295742203125 0.6610563484374999
4 0.7010528890625001 0.743500553125 0.692453953125 0.6985309875 0.6795555453125 0.6492786046875 0.67633094375 0.6364301578125 0.6752560765625 0.597884815625 0.6693443078125 0.5764707359375 0.6596705015625 0.5721879203125 0.6494592640625 0.5700465125 0.6440849281250001 0.5839656640625 0.6338736890625001 0.58503636875 0.6241998843750001 0.58503636875 0.6215839875 0.595985715625 0.6204378484374999 0.6171574875 0.6274244859375 0.6332180453125 0.638710590625 0.66640986875 0.6623576703125 0.749924778125 0.6736437765625001 0.7617025203125001 0.6838550140625 0.7574197046875 0.6650448390625 0.6985309875 0.6650448390625 0.6888946515625001 0.6752560765625 0.706025915625 0.687079615625 0.7370763296875 0.6935288203125001 0.7531368890625 0.7010528890625001 0.743500553125
4 0.7311491718750001 0.6085918546875 0.719863065625 0.586107071875 0.7128764296875 0.5593394734375 0.7058897921875 0.5379253953124999 0.6978282890624999 0.5315011703125 0.6946036875 0.5357839859375 0.6897667843749999 0.5497031375 0.681167846875 0.5507738421874999 0.672031475 0.5593394734375 0.669423515625 0.5724155515625 0.668269440625 0.5903898875 0.6757935109375001 0.6043090390625 0.6897667843749999 0.6321473421875 0.7134138625 0.6931774671875 0.7289994375 0.7113794343750001 0.7370609421875 0.702813803125 0.72469996875 0.6621270531250001 0.718250765625 0.64285438125 0.739748109375 0.6749755000000001 0.746734746875 0.6813997234375 0.7408229765625001 0.6471371968749999 0.7311491718750001 0.6085918546875
4 0.763932621875 0.6118039671875 0.7773684624999999 0.6171574875 0.7827427984375 0.60537974375 0.7719941265625 0.577541440625 0.763932621875 0.5550566578125 0.758020853125 0.528289059375 0.753721384375 0.50366286875 0.746734746875 0.49081442031250005 0.733836340625 0.5068749796875001 0.7273871359374999 0.5143699078124999 0.7204881796875 0.5209897375 0.7118015625 0.536854690625 0.7118015625 0.5507738421874999 0.713951296875 0.562551584375 0.72469996875 0.5925312953125 0.73329890625 0.6235817109374999 0.746734746875 0.644995790625 0.7590957203124999 0.6557028296875 0.7590957203124999 0.6257231187500001 0.746734746875 0.593602 0.7435101453125 0.58503636875 0.758020853125 0.6032383359375 0.763932621875 0.6118039671875
8 0.4302258765625 0.6281268484375 0.4086890078125 0.7392177375 0.40600183906250004 0.7606318171875001 0.4065392734375 0.7884701187500001 0.4086890078125 0.799177159375 0.42534945 0.778833784375 0.448996528125 0.685682540625 0.46028263437500005 0.6407129734375 0.46243236874999993 0.621440303125 0.45383343125 0.6021676312500001 0.443084759375 0.6043090390625 0.43126121875 0.6107332624999999 0.4302258765625 0.6281268484375
14 0.43233608749999997 0.6107332624999999 0.43018635156249996 0.6021676312500001 0.4237371484375 0.601096928125 0.4173253296875 0.59491434375 0.40331467187500003 0.5968141109375 0.4000900703125 0.6150160796875 0.39149113281250003 0.6578442375 0.38127989375000004 0.7049552109375 0.373218390625 0.74457125625 0.36999378906249997 0.7702681515625 0.3828921953125 0.7766923765625 0.40116493750000004 0.7563490015625 0.41460077812499996 0.6921067640625 0.42588688281250003 0.654632125 0.43072378593750005 0.6278645265625 0.43233608749999997 0.6107332624999999
12 0.3850419296875 0.7006723953125 0.4065392734375 0.6439250859375 0.42104998125000004 0.6107332624999999 0.4237371484375 0.593602 0.42266228124999994 0.580753553125 0.40761414062499995 0.5636222890625 0.392566 0.5636222890625 0.376980425 0.5550566578125 0.37160608906250003 0.565763696875 0.3683814875 0.597884815625 0.3495713109375 0.641783678125 0.333448303125 0.6835411312499999 0.3608574171875 0.6642684609375 0.3694563546875 0.6578442375 0.363544584375 0.722086475 0.36408201875 0.743500553125 0.3764429921875 0.734934921875 0.3850419296875 0.7006723953125
12 0.316250428125 0.6931774671875 0.3361354703125 0.6771169078125 0.3587076828125 0.62251100625 0.3673066203125 0.5946727046875 0.37966759375 0.573258625 0.3855793625 0.5550566578125 0.3850419296875 0.540066803125 0.3802050265625 0.533642578125 0.367844053125 0.5304304671875 0.3581702484375 0.5240062437499999 0.34795901093750004 0.513299203125 0.3366729046875 0.5122284984375 0.326483978125 0.516704253125 0.32269963125 0.533642578125 0.31840016250000003 0.5668344015625 0.3060391890625 0.6000262234375 0.2904536140625 0.6364301578125 0.2888413140625 0.6621270531250001 0.2969028171875 0.6578442375 0.316250428125 0.6289352312500001 0.32914883437500003 0.6150160796875 0.31840016250000003 0.64285438125 0.30818892343750004 0.6696219796875 0.30711405625 0.68996535625 0.316250428125 0.6931774671875
12 0.28185467656249996 0.6150160796875 0.3038894546875 0.580753553125 0.31840016250000003 0.5539859546875 0.33022370156249997 0.536854690625 0.337747771875 0.525076946875 0.3404349390625 0.505804275 0.3366729046875 0.49081442031250005 0.32914883437500003 0.48331949375 0.320549896875 0.4854609 0.3108760921875 0.46940034218750004 0.3033520203125 0.45441048593750005 0.2974577484375 0.4556361015625 0.28185467656249996 0.47903667656250004 0.2716434375 0.5090163875 0.250683528125 0.56790510625 0.24745892656250001 0.593602 0.24853379375 0.6021676312500001 0.2668065359375 0.5796828484375001 0.2727183046875 0.5754000328125 0.256595296875 0.60537974375 0.2533706953125 0.6150160796875 0.25605786406250003 0.62251100625 0.2689562703125 0.6235817109374999 0.28185467656249996 0.6150160796875
9 0.4398601578125 0.46940034218750004 0.44039759062500006 0.37839050625000004 0.43663555625 0.3559057234375 0.429111484375 0.35269361093749996 0.420550465625 0.3667123 0.41245104374999997 0.4126530328125 0.4065392734375 0.46404682187499996 0.40600183906250004 0.504733571875 0.40277723749999994 0.532571875 0.4065392734375 0.5497031375 0.41406334375 0.5593394734375 0.4237371484375 0.5668344015625 0.43072378593750005 0.5593394734375 0.438785290625 0.5486324328125 0.443084759375 0.5293597625 0.4414724578125 0.50366286875 0.4398601578125 0.46940034218750004
15 0.41406334375 0.4051581046875 0.4151382109375 0.362329946875 0.41137617656250003 0.3484107953125 0.397974509375 0.3517131046875 0.379130159375 0.42978429531250006 0.3742932578125 0.47796597187499995 0.36999378906249997 0.505804275 0.36999378906249997 0.5272183546875 0.3764429921875 0.5389960984375 0.3855793625 0.542208209375 0.3957906015625 0.5347132828125 0.40331467187500003 0.5293597625 0.409763875 0.5197234265625 0.4151382109375 0.504733571875 0.41406334375 0.47796597187499995 0.41406334375 0.4051581046875
15 0.390416265625 0.4479862625 0.3893413984375 0.3730369859375 0.3888039640625 0.3355623484375 0.37754864375 0.3345711671875 0.373218390625 0.362329946875 0.36569431875 0.4008752875 0.3603199828125 0.42550147968749996 0.359245115625 0.43942063124999997 0.35010874531249997 0.460834709375 0.3474215765625 0.48010738125 0.35010874531249997 0.498309346875 0.35494564687499996 0.5122284984375 0.3646194515625 0.5165113156250001 0.3764429921875 0.5068749796875001 0.3893413984375 0.4950972359375 0.390416265625 0.4479862625
13 0.35118361249999996 0.48010738125 0.3587076828125 0.4629761171875 0.359245115625 0.4222893671875 0.3624697171875 0.3569764265625 0.3624697171875 0.31093615625000004 0.3565579484375 0.2991584125 0.3495713109375 0.29380489375 0.3383094796875 0.29814455 0.3269991 0.34626938749999997 0.316250428125 0.3869561359375 0.30765149062499997 0.4094409203125 0.3033520203125 0.431925703125 0.3028145875 0.45655189375000005 0.3065766234375 0.4704710453125 0.311950959375 0.472612453125 0.3173252953125 0.46940034218750004 0.324849365625 0.47689526875 0.33291086875000003 0.484390196875 0.34150980625 0.4854609 0.35118361249999996 0.48010738125
13 0.309263790625 0.4308549984375 0.3124883921875 0.40837021562500003 0.3124883921875 0.3773198015625 0.31840016250000003 0.32913812343750004 0.324849365625 0.2734615171875 0.3189375953125 0.257400959375 0.311950959375 0.24990603125000002 0.30444554375 0.26278930312500004 0.29582795 0.286309965625 0.2861541453125 0.3227139 0.27594290625 0.35804712968749997 0.2711060046875 0.379461209375 0.267881403125 0.39016824843750003 0.267881403125 0.4051581046875 0.272180871875 0.4212186625 0.2775552078125 0.4265721828125 0.2861541453125 0.44156203906249997 0.2926033484375 0.44156203906249997 0.3012022859375 0.4383499265625 0.309263790625 0.4308549984375
13 0.285079278125 0.2069337703125 0.2748680390625 0.20479236093750003 0.2630445 0.2122872890625 0.24745892656250001 0.27974163750000003 0.2404722890625 0.33113542812499996 0.2410097234375 0.3471959875 0.25014609375 0.3579030265625 0.25605786406250003 0.3536202109375 0.2641193671875 0.368610065625 0.27433060625 0.371822178125 0.285079278125 0.3621858421875 0.2872290125 0.3418424671875 0.28830387968750004 0.3054385328125 0.28830387968750004 0.23691348125 0.285079278125 0.2069337703125