11 0.48436371562499997 0.4207432328125 0.47233166249999997 0.4298459390625 0.4677653828125 0.5027398328125 0.4655019734375 0.535087115625 0.4594662171875 0.583231909375 0.46022068593750004 0.60504751875 0.4647475046875 0.6223495531250001 0.47229220156249996 0.625358603125 0.5009620484374999 0.624606340625 0.5036026921875 0.6118178796875 0.502848221875 0.5711957109375 0.497566934375 0.5283167546875001 0.4903994734375 0.4387975296875 0.48436371562499997 0.4207432328125
11 0.4572028078125 0.396670834375 0.4496944625 0.40274761875 0.435700421875 0.492960421875 0.4228744375 0.5696911859375 0.427024021875 0.59752489375 0.43268254375000004 0.6095610921875 0.44324511875 0.6155791921875 0.45154428593749996 0.6155791921875 0.458711746875 0.60655204375 0.461729625 0.5764615484375 0.461729625 0.5290690171875 0.4647475046875 0.4448156296875 0.46097515624999996 0.4087070328125 0.4572028078125 0.396670834375
10 0.4775734890625 0.639000571875 0.46814261718749994 0.6397528343750001 0.45569386874999995 0.6585593937499999 0.461352390625 0.6916589390625 0.4704060265625 0.7465740953125 0.4760645484375 0.7879485265625 0.4813458375 0.8195435468750001 0.4926628828125 0.8263139078125 0.4930401171875 0.727015271875 0.49077670781249993 0.6675865421875 0.4915732828125 0.6443743093750001 0.4775734890625 0.639000571875
10 0.4903994734375 0.6472754578125001 0.49190841250000006 0.6961725140625 0.49794416874999997 0.75635350625 0.500207578125 0.8112686609375 0.5115246234375 0.8195435468750001 0.5190693203125 0.7051996625 0.52024706875 0.645127040625 0.5054888656250001 0.639000571875 0.500207578125 0.639000571875 0.4903994734375 0.6472754578125001
2 0.5169255765625 0.7057211734375 0.5212301671875 0.7495447359375 0.5255347593749999 0.780718196875 0.5332377125 0.7983379796875 0.5391282078125 0.8037594515625001 0.5409406671875 0.7170159046875 0.5452647234375 0.6642219234375 0.5307455812499999 0.65783150625 0.5135272140625 0.6618976109375 0.5169255765625 0.7057211734375
2 0.538221978125 0.661445821875 0.5402609953125 0.7043658046875 0.541846896875 0.7441232640625 0.5456983734375 0.783941528125 0.5554403453125001 0.812404253125 0.5642760859375 0.8200846703125 0.5704160578125 0.666934346875 0.5552137875 0.641115303125 0.5411672249999999 0.641115303125 0.538221978125 0.661445821875
3 0.5078619078125 0.5185686453125 0.5033307578125 0.578656621875 0.503557315625 0.617962290625 0.5108071546875 0.6274498656249999 0.53799405 0.6279016546875 0.54728290625 0.600794296875 0.5434314296875 0.5506456843749999 0.544337659375 0.44176446406250003 0.5407127390625 0.42414468125000004 0.5334629015625 0.41872320937499996 0.5200960109375 0.4277589953125 0.5078619078125 0.5185686453125
3 0.5452438890625 0.5822709359375 0.5468297921875 0.6048604015625 0.5545327453125 0.611637240625 0.5735635718750001 0.6071193484374999 0.58217275625 0.5904031437499999 0.5787743937500001 0.541158109375 0.56359504375 0.42821078437500004 0.557251434375 0.40652489843749995 0.548663553125 0.40834984687500003 0.546603234375 0.5312187453125 0.5452438890625 0.5822709359375
1 0.5985401343750001 0.3755786578125 0.5807572515625 0.481409715625 0.566308659375 0.530723665625 0.566586515625 0.559536309375 0.5746443859375 0.5661853812500001 0.5840915421874999 0.5867239734374999 0.60298585625 0.572871740625 0.6065980046874999 0.5418427390625 0.60715371875 0.48754198593750003 0.6135444437500001 0.41218583906250006 0.6179901640625001 0.3844440859375 0.6102101515625 0.368929584375 0.5985401343750001 0.3755786578125
7 0.62966018125 0.3800486578125 0.6208065109375001 0.3906344265625 0.5999294234375 0.5113678265625 0.591593696875 0.5418427390625 0.5890929781249999 0.56234404375 0.591593696875 0.5817371687499999 0.60298585625 0.5889403296875 0.612988728125 0.6050089203125 0.6266037484375 0.596143490625 0.6346616171874999 0.57231765 0.631605184375 0.532977309375 0.6385516234375 0.436011678125 0.6371623359374999 0.4016581421875 0.62966018125 0.3800486578125
7 0.6502473765625 0.380045896875 0.6416337921874999 0.3866949671875 0.6363544984375 0.504161903125 0.626629484375 0.5568003874999999 0.6271851984375 0.5739771578124999 0.630519490625 0.586167121875 0.6421895078125 0.599465265625 0.6535816671875 0.599465265625 0.6621952515625 0.5922621046875001 0.667752403125 0.5723148890624999 0.662473109375 0.5302041 0.6635845390624999 0.42326486250000006 0.6580273875 0.38614087812500003 0.6502473765625 0.380045896875
5 0.692481725 0.387803146875 0.6816452796875 0.38724905781249996 0.6719393265625 0.39340659843750003 0.6658074 0.508040528125 0.6574716734375 0.56621990625 0.6680302593749999 0.5894916578125 0.68053385 0.5928161937499999 0.692481725 0.5839507640625 0.7041517421875 0.5933702828125 0.71248746875 0.5673280843749999 0.7102646078125 0.534636815625 0.706374603125 0.5135814203125 0.7035960265625001 0.4332384703125 0.7002617359375 0.407196271875 0.692481725 0.387803146875
5 0.7169331890625 0.3850327 0.70998675 0.40220946875 0.7085974625 0.47368699062499997 0.709153178125 0.506378259375 0.7102646078125 0.559570834375 0.711931753125 0.568990353125 0.7302703515625 0.5778557828124999 0.743885371875 0.5590167453125 0.7513875265625 0.5617871921875001 0.7594453953125 0.5313122796874999 0.754999675 0.506378259375 0.7388839359375 0.4637133828125 0.724991059375 0.391681771875 0.7169331890625 0.3850327
5 0.7333542859375 0.3884166875 0.742496084375 0.43767118437499997 0.7472196624999999 0.4692542765625 0.7533325296875 0.49030967031249995 0.7694482671875 0.502499634375 0.7780618515625 0.4919719390625 0.78056256875 0.462051115625 0.790287584375 0.4465366140625 0.7927883015625 0.4177239703125 0.77639470625 0.3950063078125 0.75388824375 0.37339682500000004 0.7422182265624999 0.37339682500000004 0.7333542859375 0.3884166875
0 0.5665995374999999 0.6816002984375 0.568544540625 0.715953834375 0.5749352640625001 0.75695644375 0.5810481296875001 0.799621321875 0.5910510015625 0.8317585015625 0.6066110250000001 0.8478270921875 0.6096674578125 0.8179062703125 0.603276734375 0.7685923203125 0.601887446875 0.717616103125 0.6024431609375 0.6760594046875 0.5816038453125 0.6561121890625 0.5665995374999999 0.6816002984375
6 0.63328535 0.6744344234375 0.6299770703124999 0.6672972734375 0.61327960625 0.652787653125 0.5946631499999999 0.6743971359375001 0.5952188656249999 0.69212799375 0.599386728125 0.712075209375 0.608556028125 0.761389159375 0.615224609375 0.8012835890625001 0.6274503421875 0.836228503125 0.6388425015625 0.8401071296874999 0.6349524953125 0.8018749656249999 0.6302289171875 0.73039744375 0.63328535 0.6982602640625 0.63328535 0.6744344234375
6 0.668573259375 0.6794212265625 0.6669061140625 0.66169036875 0.6355082109375 0.648392225 0.6274503421875 0.677758959375 0.6327296359375 0.6993684421874999 0.6382867859375 0.7170993015625 0.6421767921875 0.7486823921875 0.6474560859375 0.778603215625 0.658014671875 0.8146190203125 0.6730189796875 0.8356744140625001 0.6855225703125 0.83899895 0.6702404046875 0.7619805359375 0.6655168265625 0.7182074796875 0.668573259375 0.6794212265625
4 0.7319247828125001 0.8040913234374999 0.7394269359375001 0.8013208765625001 0.7338697843750001 0.767521428125 0.71969905 0.7165452109375 0.7202547640625 0.655041296875 0.711085465625 0.630107278125 0.6927468671875 0.628445009375 0.684411140625 0.65060858125 0.6655168265625 0.6395267953125 0.6607932484375 0.672218065625 0.6677396875 0.704355246875 0.6791318468750001 0.737046515625 0.688579003125 0.7880227328125 0.705806171875 0.8301335203125 0.7183097625 0.8306876109375001 0.71164118125 0.7891309109375 0.7044168843749999 0.7569937312499999 0.7044168843749999 0.7481283015625 0.7188654765625 0.7813736609374999 0.7319247828125001 0.8040913234374999
4 0.7258339484375 0.6128735437499999 0.7124967859375 0.6289421328125 0.710273925 0.65886295625 0.71833179375 0.688229690625 0.7344475328125 0.760815390625 0.7458396921875 0.7946148390625 0.76473400625 0.8012639109374999 0.76890186875 0.7430845328125 0.77029115625 0.640578009375 0.7625111453125 0.6128735437499999 0.7425054015625 0.6112112749999999 0.7258339484375 0.6128735437499999
4 0.7527861312499999 0.68158061875 0.7700132984375 0.7270159421875 0.790852615625 0.7220291390625 0.8169712265625 0.72757003125 0.8236398078124999 0.6932164937499999 0.8189162281250001 0.6610793140625 0.804189778125 0.6366993843750001 0.7964097671875 0.613981721875 0.7891854703125001 0.6128735437499999 0.764178290625 0.618968525 0.7527861312499999 0.68158061875
8 0.42388393124999996 0.719539803125 0.42388393124999996 0.8010218218749999 0.4287871984375 0.82970349375 0.4484002625 0.8257923546875 0.46245629062500004 0.722799084375 0.460494984375 0.6732580171875 0.44578518593750005 0.6432726343749999 0.4291140828125 0.65239861875 0.421922625 0.6719543031249999 0.42388393124999996 0.719539803125
14 0.3849846875 0.6713024484375001 0.38890729999999996 0.7019396875 0.3941374515625 0.7417029125 0.3974062953125 0.8094959515625 0.3964256421875 0.8362220546874999 0.41996131875 0.8153626578125 0.424864584375 0.7325769265625001 0.4300947359375 0.6784728656250001 0.427479659375 0.6654357421875 0.4049246359375 0.6497911953125 0.3849846875 0.6713024484375001
14 0.34412413750000004 0.8303553484374999 0.3637372015625 0.82448864375 0.38171584375 0.7619104531249999 0.3993676015625 0.675865440625 0.3912171515625 0.64731098125 0.352950015625 0.65630975625 0.34804675 0.6836877140625 0.351642478125 0.7175842343750001 0.34412413750000004 0.8303553484374999
12 0.3411821765625 0.7280139343750001 0.35131559375 0.700635975 0.360795240625 0.6621764625 0.352950015625 0.631539221875 0.334658378125 0.6433974078125 0.32156911250000003 0.6198058109375 0.3006485109375 0.6263243734375 0.288880671875 0.6621764625 0.28136233125 0.720843515625 0.2581535390625 0.7958069734375 0.273190221875 0.800369965625 0.3058786609375 0.7436584796875 0.2928032859375 0.785377275 0.279074140625 0.8212293640624999 0.2996678578125 0.827747925 0.3287605703125 0.7905921234375 0.3411821765625 0.7280139343750001
12 0.2915037078125 0.6179591765625 0.2751208015625 0.6074233875 0.2685831125 0.61068266875 0.2509313546875 0.606119675 0.237202209375 0.627630928125 0.23949040156249998 0.690860975 0.24014417031250002 0.77495041875 0.2460280890625 0.7932023921875 0.26400673124999996 0.7716911390625001 0.2790434140625 0.7436613234375 0.2885230609375 0.680431278125 0.296695171875 0.637408771875 0.2915037078125 0.6179591765625
12 0.231675640625 0.615350128125 0.22445371875000003 0.5989492578125 0.2156278390625 0.5989492578125 0.198956734375 0.6074233875 0.19078462499999999 0.65305331875 0.17672859531250001 0.680431278125 0.18359316718750002 0.712372228125 0.19699542812499998 0.7345353375 0.2198773375 0.710416659375 0.24275924531249998 0.69803139375 0.2515851234375 0.64914218125 0.24275924531249998 0.626979071875 0.231675640625 0.615350128125
13 0.2519120078125 0.353719746875 0.24047105468750002 0.3693642953125 0.230664521875 0.3726235765625 0.220204221875 0.37392728750000004 0.2087632671875 0.4013052453125 0.2117052265625 0.42151278750000004 0.22216552812499998 0.43324619843749995 0.22216552812499998 0.462579725 0.24308612968749999 0.476920559375 0.2571421578125 0.44041661562499995 0.2839466796875 0.39217925937500003 0.26923688281249997 0.3498086109375 0.2519120078125 0.353719746875
13 0.27054441875 0.3915274046875 0.262372309375 0.45149817031249995 0.24047105468750002 0.5049503750000001 0.24177859218750003 0.5557951546875 0.2581228125 0.5499284484375 0.26923688281249997 0.5727434140625001 0.2875424078125 0.562965571875 0.29309944374999997 0.54015060625 0.294733865625 0.45540930625 0.29571451875 0.404564528125 0.290157484375 0.3843569859375 0.2770821078125 0.37783842500000003 0.27054441875 0.3915274046875
13 0.3068285890625 0.39217925937500003 0.288849946875 0.5570988671875 0.296695171875 0.58903981875 0.304540396875 0.5903435296875 0.3136931609375 0.5760026953125 0.3208846171875 0.5962102359375 0.33265245625 0.5942546671875 0.34507406406249996 0.5701359906250001 0.3470353703125 0.5394987515625 0.338863259375 0.4560611625 0.33395999375 0.4091275203125 0.32284592343749996 0.3856606984375 0.3068285890625 0.39217925937500003
15 0.33657506875 0.5733952703125 0.34245898750000003 0.5922990984375 0.35749567031249996 0.607943646875 0.372532353125 0.58903981875 0.3836464234375 0.566224853125 0.37972381093749996 0.5316764765624999 0.368609740625 0.41694979375 0.363379590625 0.3765347125 0.3470353703125 0.3824014171875 0.3411514515625 0.5368913265625 0.33657506875 0.5733952703125
15 0.4166884765625 0.564270909375 0.41341963281250005 0.5121224171875001 0.392825915625 0.41173656875000003 0.3840000359375 0.37327705624999996 0.3696398171875 0.37596985781250003 0.3738666203125 0.5870858734375 0.3869419953125 0.6085971265625 0.405901290625 0.5962118609375 0.4166884765625 0.564270909375
9 0.435647771875 0.524507684375 0.413448346875 0.36944723437500004 0.39838295 0.3634992140625 0.3918452625 0.3726252 0.39249903124999996 0.41499585000000005 0.397402296875 0.4664924859375 0.39969048749999997 0.523855828125 0.39969048749999997 0.5707894703124999 0.407862596875 0.5831747375 0.42322616562500004 0.5942562921875 0.431398275 0.5714413265625 0.4392435 0.5525374984375 0.435647771875 0.524507684375