3 0.5349520125 0.5686284796875001 0.537535903125 0.46979427031250004 0.5385694578125 0.360664828125 0.53133456875 0.33595627499999997 0.5138271999999999 0.3524877875 0.49360978749999995 0.55524468125 0.510146678125 0.5624513421875 0.5272003453125 0.5706875265625 0.5349520125 0.5686284796875001
3 0.5349520125 0.5706875265625 0.5494217921875 0.572746571875 0.57267679375 0.5593627718749999 0.5670626296875 0.34630680156250004 0.550972125 0.3256610453125 0.5432204578125 0.3411038890625 0.5344352359375 0.5037685296875 0.5349520125 0.5706875265625
1 0.5706096828125 0.46052856093749994 0.561824459375 0.5315656515625 0.5659586812499999 0.55833325 0.59334790625 0.5717170484375 0.614535796875 0.5428904046875 0.6027252 0.341155978125 0.5861130171875 0.31639533750000004 0.57836135 0.33595627499999997 0.5706096828125 0.46052856093749994
7 0.5948982390625 0.5521561109374999 0.6217706859375001 0.5748056187499999 0.6424417984375 0.5511265890625 0.6321855828125 0.35145762343750003 0.6124686859375 0.314336290625 0.6067841296875 0.347281028125 0.5912807953125 0.49862091406250003 0.5948982390625 0.5521561109374999
5 0.7515244578125 0.31837483906249997 0.748423790625 0.39558906718750003 0.7504909015625 0.49339375468749996 0.7561754578125 0.5181023078125 0.7721955703125001 0.50574803125 0.795450571875 0.474862340625 0.7861485703125 0.41926809687500005 0.78356468125 0.3235224546875 0.7680613468749999 0.299843425 0.7515244578125 0.31837483906249997
5 0.75824256875 0.51192516875 0.7525580125 0.4604490171875 0.7458399015625 0.32455197812500003 0.73085334375 0.320433884375 0.7122971515625001 0.3349749921875 0.70759834375 0.5139842156250001 0.7143164546875 0.5376632453125 0.7339540109375 0.536633721875 0.75824256875 0.51192516875
4 0.7236184546875 0.5429494203125 0.7137996765625 0.5583922671875 0.695712453125 0.555303696875 0.69369059375 0.570882665625 0.6926117859375001 0.62222269375 0.7081151203125 0.6510493390625001 0.725685565625 0.7179683375 0.7504909015625 0.7673854421875 0.7659942359375 0.7488540265625 0.7432560125000001 0.6829645531249999 0.772712346875 0.7334111812499999 0.78821568125 0.732381659375 0.7758130140625 0.68811216875 0.752041234375 0.6067798484375 0.7391217890624999 0.5388313296875 0.7236184546875 0.5429494203125
4 0.789307628125 0.5028918078125 0.7758130140625 0.4955913609375 0.757725790625 0.510004684375 0.7453231234375 0.5275065750000001 0.7391217890624999 0.5522151281250001 0.763410346875 0.6386950640625 0.7949337937500001 0.7014959671875001 0.8135377953124999 0.6984073984375 0.82955790625 0.679875984375 0.830074684375 0.645901725 0.80423579375 0.5779532046875 0.789307628125 0.5028918078125
2 0.5158945953125 0.5811843109375 0.517386609375 0.7591037125 0.5334067218749999 0.7930779718750001 0.5473597234375001 0.5861438421875 0.5158945953125 0.5811843109375
2 0.497232275 0.819845571875 0.5132523875 0.7426313437500001 0.524104721875 0.5789371812499999 0.4957374921875 0.5791239828125 0.49154771875 0.7189523140625 0.497232275 0.819845571875
10 0.46415849531250003 0.7858713109375 0.4848296078125 0.7385132515625 0.4992993859375 0.569671475 0.47454668906249997 0.5739731609375001 0.47191016250000006 0.65100379375 0.46415849531250003 0.7858713109375
10 0.4466368515625 0.5729429953125 0.44813838281249996 0.642767609375 0.44142027031250003 0.7745465578124999 0.4538229375 0.7848417875 0.4786282734375 0.5707009968750001 0.45692360625 0.5604057671875 0.4466368515625 0.5729429953125
8 0.4517558265625 0.5861438421875 0.44297060468750005 0.55937624375 0.42079441093750003 0.5698525015625 0.41248071406250003 0.5933505046875001 0.3985277125 0.7992551109375 0.41351426875 0.8239636625 0.429017603125 0.77866465 0.4517558265625 0.5861438421875
14 0.3742391546875 0.7920484484375 0.3897424890625 0.7663103734375001 0.40421226875 0.6942437609375001 0.41971560312499995 0.580996228125 0.40266193437500003 0.556287675 0.37630626562499997 0.567612428125 0.37682304375000003 0.6561514093749999 0.365970709375 0.7591037125 0.3742391546875 0.7920484484375
14 0.346333153125 0.5604057671875 0.3344472625 0.661299025 0.3235949296875 0.7323361125 0.3215278171875 0.77866465 0.33548081875 0.7663103734375001 0.3582190421875 0.7024799453125 0.39232637812500004 0.569671475 0.3825076 0.5521695828125 0.3737223765625 0.5521695828125 0.3592525984375 0.5439333984375 0.346333153125 0.5604057671875
12 0.357702265625 0.5707009968750001 0.357702265625 0.5377562609375001 0.3380647078125 0.5305496 0.3225613734375 0.522313415625 0.2983012375 0.5234950984375 0.293621815625 0.54599244375 0.2884540375 0.5964390734375 0.253313146875 0.7210113609375 0.271917146875 0.7261589749999999 0.294655371875 0.6767418703125 0.3060244828125 0.6499742703125 0.2915547046875 0.7323361125 0.290004371875 0.7405722984375 0.30447415 0.739542775 0.3215278171875 0.7076275609375 0.33548081875 0.6283542875 0.357702265625 0.5707009968750001
12 0.2905485046875 0.5173141109375 0.27243392499999997 0.5068705687499999 0.24246081249999998 0.49451629375 0.2357427 0.531579121875 0.230574921875 0.57276004375 0.2026689203125 0.665417115625 0.2037024765625 0.6973323296875 0.2264407 0.7179227906250001 0.24711181249999997 0.6911551921875 0.27501781406250003 0.6098228734375 0.294655371875 0.561435290625 0.2977560375 0.5356972140625 0.2905485046875 0.5173141109375
13 0.20783669843750002 0.358480690625 0.19233336406249998 0.42231112031249995 0.19750114218749998 0.443931103125 0.2140380328125 0.48202345625 0.24246081249999998 0.47584631718750003 0.2492005984375 0.2937684109375 0.23212525624999997 0.2586169578125 0.2140380328125 0.27303027968750004 0.20783669843750002 0.358480690625
13 0.24246081249999998 0.460403471875 0.2765681484375 0.5057024859375 0.294655371875 0.473787271875 0.2838030375 0.3090635859375 0.2657158140625 0.267882665625 0.2491789234375 0.2822959875 0.24866214531250003 0.37495306093749997 0.24246081249999998 0.460403471875
11 0.466742384375 0.3358311859375 0.4584739390625 0.552031021875 0.497232275 0.5561491140625 0.49309805312500005 0.4192225515625 0.492064496875 0.338919753125 0.4801786078125 0.3306835703125 0.466742384375 0.3358311859375
11 0.43216508437499995 0.3339448265625 0.42126593593750006 0.552031021875 0.46002427187499995 0.5510014984375 0.46054104999999995 0.48614154843749996 0.462091384375 0.346126415625 0.44968871562499996 0.31935881718750003 0.43216508437499995 0.3339448265625
9 0.4269504921875 0.30494549375 0.4119639359375 0.29156169374999996 0.393918271875 0.3174621953125 0.387675378125 0.5304110375 0.40731293593749995 0.549971975 0.424366603125 0.5252634234375 0.43005115937499994 0.4789348859375 0.4269504921875 0.30494549375
8 0.5453313718749999 0.651386575 0.55347970625 0.793316225 0.5631369921875 0.82277626875 0.5773211296875 0.80233460625 0.5773211296875 0.7145557 0.576415759375 0.64781968125 0.576753971875 0.5919777234375 0.5546868671875 0.5768346281250001 0.5414080984375 0.5978775171875 0.5453313718749999 0.651386575
14 0.5776229203125001 0.650224584375 0.579131871875 0.7446169703125001 0.5890909468750001 0.796322353125 0.6065947781250001 0.8155615640624999 0.6078019390625 0.7536353499999999 0.6075001484375 0.670666246875 0.614441321875 0.5955130734375 0.589694528125 0.5780775375 0.57037995625 0.6039302281250001 0.5776229203125001 0.650224584375
14 0.6147431125 0.5726665093750001 0.60418045625 0.5913044953125 0.6084055187499999 0.6345927234375 0.6195717562499999 0.729586334375 0.627116509375 0.7800892671875 0.6385845375 0.8161627906250001 0.6497507734375 0.807144409375 0.6422060187499999 0.6586417390625 0.6500990640625 0.5961889234375 0.6244003984375001 0.5762738609375 0.6147431125 0.5726665093750001