13 0.33397062499999997 0.3102525234375 0.328071178125 0.32543200781250003 0.312909784375 0.45119016093750003 0.306429525 0.4780866546875 0.29994926718750003 0.509286590625 0.29994926718750003 0.5211210484375 0.31722995625 0.534031365625 0.3269503453125 0.5555485625000001 0.340450884375 0.56307958125 0.3490912296875 0.5512451234375 0.35395142343749997 0.494224553125 0.3528713796875 0.3446800375 0.346391121875 0.3037973640625 0.33397062499999997 0.3102525234375
13 0.31939004375 0.27690086875 0.3053865078125 0.2899065125 0.28914883593749996 0.35221105625 0.2783484046875 0.3984730296875 0.26538788750000003 0.44258328125 0.2610677140625 0.45872117812499996 0.26376782187500003 0.48239009531250004 0.274568253125 0.49530041249999995 0.2848286640625 0.5039072906250001 0.2967091375 0.5125141703125 0.301029309375 0.5125141703125 0.3085896125 0.469479778125 0.32155012968749996 0.3091766640625 0.31939004375 0.27690086875
12 0.2740600609375 0.512748259375 0.242166959375 0.577065759375 0.22488626875 0.5975070953125 0.226506334375 0.6276311703124999 0.258907628125 0.63623805 0.292388965625 0.6114932734375 0.3085896125 0.606113975 0.3274903671875 0.569534740625 0.31776997812499996 0.534031365625 0.3042694390625 0.5189693296875 0.292388965625 0.5039072906250001 0.280508490625 0.49530041249999995 0.2740600609375 0.512748259375
15 0.3755522859375 0.546941684375 0.393372996875 0.5759898999999999 0.4095736453125 0.5641554421875 0.416053903125 0.5135900296875 0.396613128125 0.33176972031249996 0.3874327609375 0.31885940156250003 0.3793817390625 0.33835037031250004 0.37987245937499997 0.47055563593749994 0.3733922 0.5082107312499999 0.3755522859375 0.546941684375
14 0.358271596875 0.5533968421875 0.3534114015625 0.59858295625 0.3496312515625 0.6932586203125 0.3388308203125 0.7588860687500001 0.3388308203125 0.7911618640625 0.361511725 0.7502791906249999 0.37987245937499997 0.68895518125 0.3912129109375 0.6319346109375 0.3976931703125 0.5598520015624999 0.39067288906250003 0.540486525 0.37231215624999997 0.540486525 0.358271596875 0.5533968421875
15 0.42523427031249994 0.5254244890625 0.4360347015625 0.5641554421875 0.4516953265625 0.5533968421875 0.45817558593749996 0.534031365625 0.45493545625 0.46410047812500005 0.439814853125 0.328542140625 0.4349546578125 0.3016456453125 0.42955444218750005 0.3016456453125 0.422050521875 0.32327894687500003 0.42685433437500003 0.48239009531250004 0.42523427031249994 0.5254244890625
14 0.416053903125 0.6179484328125 0.41821398906249996 0.70401721875 0.421994140625 0.759961928125 0.42739435625000005 0.77394810625 0.44521506874999994 0.7664170875 0.454395434375 0.6717414234375 0.44683513281250004 0.545865825 0.4311745078125 0.5308037875 0.42043018906249996 0.54073804375 0.41227375312500003 0.56845888125 0.416053903125 0.6179484328125
5 0.6412911046875001 0.3145452375 0.633730803125 0.33821415312499997 0.6256304796875 0.44257255625 0.6256304796875 0.5017448453125 0.63319078125 0.52756548125 0.645611278125 0.5393999390625 0.6612719031250001 0.5286413421875 0.6758524859375 0.51788274375 0.6855728734375 0.48883452812500006 0.6796326359375 0.4544070140625 0.6715323125 0.4016898828125 0.6715323125 0.3403658734375 0.6639720109375 0.30378663906250003 0.6412911046875001 0.3145452375
4 0.722294340625 0.48668280781249995 0.70609369375 0.4544070140625 0.687732959375 0.4479518546875 0.68827298125 0.4651656125 0.6812527015625001 0.4909862484375 0.6688322046875 0.5232620421874999 0.6596518390624999 0.53294478125 0.6639720109375 0.561992996875 0.6726123562499999 0.5802826140625 0.687732959375 0.5835101921875 0.7341748140625 0.6071791078125 0.7541556125 0.601799809375 0.7735963890625001 0.564144715625 0.77089628125 0.5372482203125 0.7563156984375 0.5297172015625 0.722294340625 0.48668280781249995
7 0.598057659375 0.30373166875 0.5894849859375 0.3211258875 0.5807769687500001 0.41777281093749996 0.576456796875 0.47586924062499997 0.5721366234375 0.5059933156249999 0.574296709375 0.5221312124999999 0.5845571203125 0.5318139515625 0.6002177453125 0.5393449703125001 0.6131782625 0.5328898109375 0.6174984343750001 0.5156760546875 0.6153383484375 0.4274555484375 0.6131782625 0.325248865625 0.6066980046875 0.30050408906250003 0.598057659375 0.30373166875
6 0.572201428125 0.5235135609375 0.565656365625 0.548096646875 0.5732166671875001 0.5717655625 0.5807769687500001 0.600813778125 0.6002177453125 0.670744665625 0.6223586296875 0.7213100781249999 0.6326190390625 0.738523834375 0.64557955625 0.738523834375 0.634779125 0.6815032640625 0.6093981109375 0.5448690671875001 0.6012977890625 0.5222760109375 0.586177184375 0.51366913125 0.572201428125 0.5235135609375