13 0.199287771875 0.318287759375 0.186035834375 0.3455690171875 0.184268909375 0.3754903984375 0.196637384375 0.393091209375 0.209005859375 0.41597226562499995 0.22358299062500003 0.41685230625 0.236834928125 0.4027716578125 0.247878209375 0.32180792187499996 0.24611128437500002 0.2760458109375 0.23374280937499997 0.2760458109375 0.21433120312499998 0.2779589890625 0.199287771875 0.318287759375
13 0.26821805 0.43109440781249997 0.2692653703125 0.38727735 0.2692653703125 0.3587614859375 0.2668216234375 0.3330276578125 0.25669753125 0.330245621875 0.2493662921875 0.3448513078125 0.2395913078125 0.3712806453125 0.2312127484375 0.4053605796875 0.22599678281250002 0.43893750625 0.2172484828125 0.4658698515625 0.211662778125 0.4825620640625 0.212360990625 0.499254278125 0.22073955 0.519424034375 0.22737257500000002 0.5326387031250001 0.23226006875 0.5423758265624999 0.2395913078125 0.54168031875 0.25006450625 0.5347252296875 0.25669753125 0.5361162484374999 0.2608868109375 0.5305521765625001 0.264377878125 0.499254278125 0.26821805 0.43109440781249997
13 0.30033585937499996 0.5632410937500001 0.3101108453125 0.5548949875 0.3167438703125 0.5451578625 0.3191876171875 0.524292596875 0.317791190625 0.4804755375 0.3108090578125 0.38866836718750003 0.305921565625 0.36154352031250003 0.29614657968749997 0.3587614859375 0.28535475625 0.3679513984375 0.280087675 0.4011875265625 0.27485107656249996 0.45126416562499994 0.2717091171875 0.4686518859375 0.26821805 0.4804755375 0.26228323750000004 0.49716775156250004 0.2601885984375 0.5180330171875001 0.26158502499999997 0.54168031875 0.2717091171875 0.557677021875 0.280087675 0.5604590578125 0.2863715953125 0.5555904968750001 0.2926555140625 0.5639366031249999 0.30033585937499996 0.5632410937500001
15 0.34394633125 0.5696703109375 0.3529466125 0.55792251875 0.3572915765625 0.5263889703125 0.3538776765625 0.42189544999999995 0.3489120046875 0.368102928125 0.34518775 0.3507903921875 0.34146349531250003 0.348935478125 0.3349460515625 0.36068327031249997 0.32842860625000003 0.381705634375 0.322842225 0.415712403125 0.322221515625 0.46208526718750004 0.3197386796875 0.49423711875 0.3150833609375 0.5158777875 0.3116694625 0.5288621906250001 0.31042804375 0.5461747265625 0.3169454890625 0.5603957390625001 0.324393996875 0.56905200625 0.32998037812500003 0.5739984437500001 0.3377392421875 0.5634872625 0.34394633125 0.5696703109375
15 0.39391340937499997 0.54679303125 0.3932927 0.4602303515625 0.384913128125 0.38603376875 0.3787060375 0.33842429531249996 0.369085046875 0.3507903921875 0.3588704984375 0.362025903125 0.3563605125 0.40767443906249995 0.3554294484375 0.47692458281250005 0.3526362578125 0.506603215625 0.34518775 0.542464896875 0.350153421875 0.5634872625 0.35853299375000003 0.5764716640625 0.3631883109375 0.57708996875 0.3712575296875 0.5641055671874999 0.3777749734375 0.5733801390625 0.38429241875 0.5733801390625 0.39112021874999997 0.56286895625 0.39391340937499997 0.54679303125
9 0.427431696875 0.368102928125 0.41687964375000003 0.30936396718750003 0.40353439843750005 0.309982271875 0.3930151609375 0.3230484265625 0.3886373828125 0.3619198796875 0.383671709375 0.40829274375 0.38615454531250004 0.4967103375 0.3895684453125 0.53875506875 0.39856872656250003 0.570288615625 0.405086171875 0.5807997984375 0.4175003515625 0.5752350546875 0.4233970875 0.5492662515625 0.43581126875000004 0.51649609375 0.44015623125000003 0.4960920328125 0.4333284328125 0.4422995109375 0.427431696875 0.368102928125
11 0.4730538109375 0.3390426 0.4696399109375 0.32234836875 0.4507506796875 0.33604091875000003 0.44325977656250004 0.4021096953125 0.43581126875000004 0.4571388265625 0.43301807812500004 0.48929067968749995 0.4302248875 0.51649609375 0.427431696875 0.54988455625 0.4302248875 0.5709069203125 0.442018359375 0.5783265796875 0.4522600578125 0.5777082734375 0.459708565625 0.5721435296874999 0.4656053015625 0.5369001531250001 0.47057097499999995 0.442917815625 0.4730538109375 0.3390426
11 0.49726146250000003 0.32238997812500003 0.48950259999999995 0.31868014843750003 0.48054965625 0.32614187656250004 0.47150203749999997 0.415094096875 0.467157075 0.47692458281250005 0.46281211093749997 0.51649609375 0.460018921875 0.553594384375 0.46250175625 0.5739984437500001 0.46777778437500006 0.5907342843750001 0.49446827187500003 0.59197089375 0.49881323593750004 0.5894976734374999 0.5050203265625 0.56167395625 0.505641034375 0.515919396875 0.49974429843749996 0.34774047656249996 0.49726146250000003 0.32238997812500003
3 0.5550183015625 0.41573590312500003 0.555949365625 0.3662715140625 0.546949084375 0.3458674546875 0.540121284375 0.35205050312499997 0.5292834015625 0.366356734375 0.513430796875 0.45283419374999995 0.506602996875 0.5146646796875001 0.5025683890625 0.5585643234375001 0.5038098062499999 0.577731775 0.5059822890625 0.5888612625 0.5128100875 0.595662615625 0.5249139140625 0.5962809203125 0.535776321875 0.59133448125 0.5444662484375 0.5820599093750001 0.5472594390625 0.5517629703125 0.546949084375 0.5066267171875001 0.5550183015625 0.41573590312500003
3 0.581708790625 0.363179990625 0.57674311875 0.34277593125 0.56373846875 0.3638819734375 0.5562597203124999 0.4052247203125 0.5537768843750001 0.44355962031249996 0.550362984375 0.47200164375 0.5475697937499999 0.518374509375 0.5478801484375 0.5647473734374999 0.5497422750000001 0.5783500796875 0.55874255625 0.5826782140625 0.5727085093750001 0.5808232984374999 0.5786052453125 0.5591826281250001 0.5789156 0.5103365453125 0.577363828125 0.450360975 0.581708790625 0.363179990625
1 0.6161581421875 0.3156188890625 0.5997455656249999 0.34222781874999997 0.5900883625 0.4027515015625 0.588536590625 0.441086403125 0.5835709171875 0.47571147343750003 0.5798466640625 0.5053901062499999 0.578294890625 0.5257941671874999 0.5798466640625 0.5468165328125 0.58791588125 0.57525855625 0.5947436796875001 0.5894795671875 0.6093303421875 0.58815830625 0.6167788515625 0.56095289375 0.6195720421875001 0.346401109375 0.6161581421875 0.3156188890625
7 0.6537110375 0.5246099531249999 0.645952175 0.34653815468750004 0.6369518953125 0.33117123125000003 0.6286133265625 0.356536884375 0.6257791312500001 0.411456140625 0.62019275 0.4621571390625 0.6155374328125001 0.5072933921875 0.6133649515624999 0.5369720265625 0.6195720421875001 0.5685095984374999 0.6257791312500001 0.5784024750000001 0.633227640625 0.571601121875 0.6372622484375 0.5833489140625 0.64036579375 0.5858221328125001 0.647814303125 0.5765475609374999 0.6543317484375 0.5629448531250001 0.6537110375 0.5246099531249999
7 0.6853671984374999 0.5531426734375 0.6819533 0.51604438125 0.6735737281249999 0.41216916562500006 0.668918409375 0.3657963015625 0.661159546875 0.35281189999999996 0.6531354015625 0.3695986703125 0.6496764296875 0.4047495078125 0.649366075 0.4362830546875 0.6502971390625001 0.48389252968749996 0.6502971390625001 0.506151503125 0.64812465625 0.525937259375 0.6468832390625 0.5475779281250001 0.6496764296875 0.55747080625 0.6552628109375 0.5710735140625001 0.6642630921875 0.5741650375 0.66953911875 0.578493171875 0.680091171875 0.569836903125 0.6853671984374999 0.5531426734375
5 0.7204632656250001 0.47323093437499997 0.7142561765625 0.3668825 0.7114629859375 0.35513470625 0.694703840625 0.35389809843750003 0.68696965625 0.3675941140625 0.6819793062499999 0.4849787265625 0.6791861156250001 0.506619396875 0.675772215625 0.5362980296875001 0.6819793062499999 0.5622668328125 0.69191065 0.570304796875 0.7046351859375 0.5622668328125 0.71208369375 0.567213271875 0.7204632656250001 0.561648528125 0.72667035625 0.545572603125 0.7297739015625 0.5276417625 0.725118584375 0.5004363484375001 0.7204632656250001 0.47323093437499997
5 0.7614300625 0.46024653281249994 0.7443605640625 0.34709674375 0.7421880828125 0.337203865625 0.7273224390624999 0.3638819734375 0.7204632656250001 0.3947062171875 0.721704684375 0.4348960328125 0.72573929375 0.471994325 0.7254289375 0.5004363484375001 0.7248082296875 0.5226953234375 0.727911775 0.5400078578125 0.7477744640624999 0.5461909078125 0.757395453125 0.5449542984375 0.7642232531250001 0.5239319328125001 0.7694992796875 0.501054653125 0.7667060890624999 0.47570415468749994 0.7614300625 0.46024653281249994
5 0.7468780171875 0.31995497500000003 0.7459123359375 0.3520431828125 0.7477744640624999 0.3705923296875 0.7505676546875 0.4045990953125 0.7555333265625 0.4280946796875 0.7713614078125001 0.43304111875 0.7791202703125 0.4311862046875 0.7871894875 0.41140045000000003 0.7918448046875 0.3971794375 0.79153445 0.3780119875 0.7651543171874999 0.300105575 0.7546022625 0.295777440625 0.7468780171875 0.31995497500000003
4 0.6819793062499999 0.712063040625 0.6878760421875 0.7139179546875 0.68973816875 0.7256657468750001 0.7024627046874999 0.7677104781249999 0.709290503125 0.7874962328125 0.7142561765625 0.7918243656249999 0.716118303125 0.7640006484375 0.7055662500000001 0.7003152484374999 0.702773059375 0.6687817015624999 0.7018419953125 0.608065696875 0.6922210046874999 0.60126434375 0.6894278140625001 0.5963179046875 0.676392925 0.6086840015625 0.6652201625 0.6025009546875 0.6596337812499999 0.6006460390624999 0.6522041828125 0.611976709375 0.6509438546874999 0.6242637515625 0.6509438546874999 0.6378664578125 0.6537370453125 0.6545606890625 0.6571509453125 0.671873225 0.6621166171875 0.71577286875 0.66739264375 0.7627640375 0.6782550515625 0.7955341953125 0.6857035609375 0.8159382562499999 0.690358878125 0.8140833421875 0.68973816875 0.781313184375 0.681358596875 0.7380318453125 0.6819793062499999 0.712063040625
4 0.7617404171875 0.757160384375 0.7614300625 0.7076959953124999 0.7539815546875 0.6631780453125 0.7514987171875 0.63102619375 0.7502573 0.5970194265625001 0.7415673734375 0.577851975 0.73442921875 0.5747604515625 0.724497875 0.5939279015625 0.7173597218750001 0.58650824375 0.7096008578124999 0.58650824375 0.7018691453125 0.6095019500000001 0.7015316406250001 0.628511365625 0.7071180218750001 0.650770340625 0.7151872390625 0.684158803125 0.7204632656250001 0.7175472640625 0.7303946109375 0.76643495625 0.7409466640625 0.7757095296875 0.7366017015625 0.7386112390624999 0.7325670921875 0.6940932875 0.7359809921875 0.6879102406250001 0.7477744640624999 0.7132607390625 0.7564643906249999 0.7503590296875 0.7617404171875 0.757160384375
4 0.7974311859375 0.5809435 0.7874998421875 0.559921134375 0.7753960156249999 0.5568296109374999 0.7660853796875 0.571050621875 0.7639128984375 0.5815618046875 0.7564643906249999 0.582798415625 0.7502924828124999 0.5946533875 0.749636590625 0.6137136578125 0.7527401359375 0.6273163640625 0.765464671875 0.6644146546874999 0.7794306234375 0.6978031171875 0.7930862234375 0.7157339578124999 0.7912240953125 0.6978031171875 0.785327359375 0.6699794 0.788741259375 0.6483387296875 0.8030175671875 0.6607048265625 0.8126385578124999 0.676780753125 0.8036382765625 0.6211333156250001 0.7974311859375 0.5809435
6 0.6521426375 0.6487278062499999 0.6511615265625 0.6277156265625 0.64821819375 0.616965209375 0.6420862515625 0.61549924375 0.633010978125 0.6057261390625001 0.62567508125 0.6115952390625 0.618784871875 0.624717928125 0.615350984375 0.6320477578125 0.6146151515625 0.6432868296875001 0.619275428125 0.6642990078125 0.6246715359375 0.696550259375 0.6322751453125 0.7595867937499999 0.6379165312499999 0.7991678734375001 0.6447843062499999 0.8393033750000001 0.6521426375 0.8309962359374999 0.65165208125 0.7352197953124999 0.6496898609375 0.681956365625 0.6521426375 0.6487278062499999
6 0.6163320953125 0.6232848453125001 0.5999166515625001 0.609150440625 0.5927854375 0.6174209828125 0.5868987734375 0.62426215625 0.5839554421875001 0.6296373656250001 0.5815026640625 0.6398991265625 0.5817479421875 0.648694921875 0.584445996875 0.6657978578125 0.5954834921875001 0.7957801703125 0.6043134890624999 0.8207015906249999 0.612162375 0.75082388125 0.6148604296875 0.678014240625 0.618784871875 0.642342403125 0.6163320953125 0.6232848453125001
0 0.5768276546875 0.6066504703125 0.5579412734375 0.5988319859375 0.55524321875 0.602741228125 0.548620721875 0.6335265125 0.5473943328125 0.6555160015625 0.548620721875 0.6955857359375 0.5522998875 0.7537357171875 0.5594129390625 0.8530313953125 0.5633373828125 0.85987256875 0.574865434375 0.82762131875 0.5836954296875 0.7836423421875 0.5859029296875 0.6951299640624999 0.582959596875 0.6594581265625 0.5807520984375001 0.6281841874999999 0.5768276546875 0.6066504703125
2 0.500040925 0.6027598000000001 0.4956563390625 0.610128359375 0.49390898437499997 0.6281698765625 0.4958712046875 0.6535799515625 0.5010220359375 0.7513110140625 0.505927590625 0.8084836843750001 0.5103425890625 0.8363370375000001 0.518191475 0.7952899921875 0.5194178625 0.7014681734375 0.5201536953125 0.649670709375 0.5218706390625 0.6071576984375 0.5127953656249999 0.6071576984375 0.5056823125000001 0.60324845625 0.500040925 0.6027598000000001
2 0.543700353125 0.601782490625 0.5392853546875 0.5993392140625 0.5329081359375001 0.59982786875 0.5223960421875 0.6071945999999999 0.5203989734375 0.6169308046875 0.5216253609375 0.63892029375 0.5240781390625 0.6667736453125 0.5253045265625 0.695115653125 0.5270214703125 0.8392689703125 0.5329081359375001 0.8324277953125 0.5407570203125001 0.7820962984375 0.5446814640625 0.7107526234375 0.5461531296875 0.6721488546875001 0.5495870171874999 0.627681221875 0.5483606296875 0.6061803875 0.543700353125 0.601782490625
10 0.4512306671875 0.6037371109375 0.4419316125 0.6106173187499999 0.4406837265625 0.6291143031249999 0.4426459484375 0.654035725 0.44607983593749995 0.697526046875 0.453438165625 0.8251308484375001 0.4561362203125 0.8378358875 0.4632492734375 0.8055846359375 0.4649662171875 0.7459686890625 0.467173715625 0.68537543125 0.4703623265625 0.6457943515625 0.46962649218749997 0.6086236640625 0.4630039953125 0.6027598000000001 0.4512306671875 0.6037371109375
10 0.46987177031250005 0.6540686078125 0.4715887140625 0.6794786828125 0.477475378125 0.818745446875 0.48115454375000005 0.8260752765625 0.4897392625 0.7801416765625 0.49415426093750003 0.685831203125 0.49538065 0.61644215 0.495135371875 0.6052030765625 0.4897392625 0.60324845625 0.47894704531250004 0.604714421875 0.47014322656249996 0.610128359375 0.46987177031250005 0.6540686078125
8 0.42841984218749996 0.5978732484375 0.4230237328125 0.59982786875 0.41566540312500005 0.604714421875 0.40830707187500004 0.6232833234374999 0.40585429531250006 0.6511366765625 0.405363740625 0.6853425484375 0.41026929375 0.7757437796875 0.4210615125 0.845654371875 0.42989150781249996 0.8739963796874999 0.4374951171875 0.8378358875 0.443136503125 0.7288657546875 0.44460816875000003 0.6721817375 0.4416648375 0.6453056968750001 0.436759284375 0.6213615859375 0.42841984218749996 0.5978732484375
14 0.4024088484375 0.6286573140625 0.39652218437500003 0.611554378125 0.39161663125 0.602269928125 0.386244340625 0.605727721875 0.3771452484375 0.617906896875 0.3719944171875 0.6418510078125 0.3692963625 0.6579766328125001 0.369051084375 0.7092854390625 0.37101330625 0.7718333187499999 0.3788621921875 0.8539931781250001 0.3886732984375 0.8427541062499999 0.40755968124999997 0.68094343125 0.4105030125 0.657487978125 0.40927662343750004 0.637453109375 0.4065785703125 0.6291459703125 0.4024088484375 0.6286573140625
14 0.363654975 0.601781271875 0.3597499546875 0.5988822859375 0.343296928125 0.6130203437499999 0.34010831874999997 0.6252367265625 0.339372484375 0.6653064625 0.336183875 0.818744228125 0.3396177625 0.8397564078125 0.35016470312500003 0.827540025 0.37273025 0.6882732625 0.3808244125 0.6286573140625 0.3788621921875 0.614974965625 0.3751830265625 0.6110657234375 0.3683152515625 0.614974965625 0.363654975 0.601781271875
12 0.2127878328125 0.6872871218750001 0.2245611609375 0.67213880625 0.230693103125 0.6496606625 0.23020254843750002 0.6374442796875 0.22554227187500003 0.6247392421875 0.219165053125 0.61692075625 0.212052 0.615943446875 0.20690116875000003 0.5949312671875 0.20101450468749998 0.591022025 0.193410896875 0.591022025 0.18359978906250002 0.602261096875 0.177467846875 0.62034134375 0.17133590468749998 0.6437967984374999 0.156864521875 0.67897998125 0.1696189609375 0.6794686359375001 0.1821281234375 0.6633430109375 0.186052565625 0.6740934281250001 0.19316561875 0.67897998125 0.1813922890625 0.7234476140625 0.1789395125 0.7371299625 0.19439200625 0.7180724046875 0.2127878328125 0.6872871218750001
12 0.24933420781249999 0.6965715718750001 0.2444286546875 0.7283341671875 0.23780615625 0.7591194515625 0.23535337968749998 0.7830635609375001 0.2355986578125 0.790393390625 0.243202265625 0.7850181828125 0.26086225937499996 0.7395732390624999 0.27778641875 0.6687182203125001 0.2873522484375 0.6359783140624999 0.289805025 0.6154547906250001 0.28833335937500004 0.60421571875 0.27999391875 0.5915106812500001 0.27484308749999997 0.5822262312500001 0.2696922546875 0.5792942984375 0.2628244796875 0.5851581625 0.2539944828125 0.57538505625 0.24859837499999998 0.57196446875 0.24420499687500002 0.5783459734374999 0.23927782187500002 0.589556059375 0.23584393593750003 0.6032384078125 0.23314588125000002 0.618386721875 0.2321647703125 0.6335350375 0.2299572703125 0.6565018375 0.2223536625 0.6911963640625001 0.21867449687499999 0.72735685625 0.21720283125 0.7532555875 0.22014616406249998 0.7762223875 0.23388171406249997 0.7425051703125 0.243692821875 0.7073219875000001 0.24933420781249999 0.6965715718750001
12 0.29225780156250003 0.812871534375 0.3079555734375 0.803587084375 0.32120056875 0.764983315625 0.33150223125 0.706344678125 0.34229445 0.6569904921874999 0.3484263921875 0.6291371390625 0.3447472265625 0.6081249609375 0.3393511171875 0.6037270640625 0.3307663984375 0.6051930296875 0.31727612656250004 0.6032384078125 0.308936684375 0.5949312671875 0.296918078125 0.596397234375 0.29225780156250003 0.60421571875 0.28833335937500004 0.618386721875 0.2873522484375 0.644774109375 0.286616415625 0.6672522546875 0.2701828109375 0.7571648296875 0.2657678125 0.793813978125 0.2790128078125 0.7869728031250001 0.29495585625 0.7312660984375 0.3059933515625 0.7102539203125 0.3067291859375 0.7263795453124999 0.2981444671875 0.7762223875 0.2925030796875 0.80212111875 0.29225780156250003 0.812871534375