3 0.49649895468749994 0.5370724203125 0.510091071875 0.53876480625 0.5262317125 0.5396109984375 0.5338772796875 0.53876480625 0.5364258015625001 0.504070896875 0.5410980921874999 0.37460338593750003 0.5393990765625001 0.33398612656250004 0.5355762937499999 0.3128313046875 0.5228772984375001 0.3187979953125 0.497773215625 0.486300846875 0.49649895468749994 0.5370724203125
3 0.5343020328125 0.5379186125000001 0.5508674265625 0.5455343484374999 0.565309053125 0.5379186125000001 0.5721554984375 0.31033079375 0.5606367624999999 0.295061253125 0.55426545625 0.31706226875 0.5347267859375 0.50153231875 0.5343020328125 0.5379186125000001
2 0.5049940281249999 0.8144232015625 0.5134891015624999 0.7780369078125 0.5245326984375 0.568181071875 0.4978133859375 0.5745074781249999 0.4973484609375 0.763651628125 0.5049940281249999 0.8144232015625
2 0.5296297421875 0.8000379234375 0.5360010468749999 0.79749934375 0.5415228453125 0.739112034375 0.5483189046875 0.5969516296874999 0.5483189046875 0.57071965 0.5190539890625 0.55555788125 0.5139138546875001 0.5571805640624999 0.5219841765625 0.6375688890625 0.5296297421875 0.8000379234375
1 0.60735966875 0.315320321875 0.6009883625 0.2941654984375 0.58872316875 0.304403753125 0.579325925 0.356783771875 0.564034790625 0.5395614359375001 0.593342796875 0.5691781875 0.605660653125 0.5370228578125 0.60735966875 0.315320321875
0 0.570857759375 0.8113042953124999 0.5831756171875 0.6767596265625 0.58787354375 0.5889017203125 0.552168596875 0.5591388140625 0.5466467984375 0.57352409375 0.5466467984375 0.619218509375 0.5538676125 0.8316129234374999 0.570857759375 0.8113042953124999
6 0.6193096375 0.5922886015625 0.6120588671875 0.576908865625 0.58487463125 0.57352409375 0.57553005 0.589601759375 0.5759548046875 0.6116027734375 0.5806270953125 0.647142875 0.5878479078125001 0.7554555640625 0.5946439671875 0.7918418578125 0.6048380546875001 0.7952266296875 0.6090855921875 0.7173768843749999 0.6133331281250001 0.6598357671875 0.619704434375 0.6116027734375 0.6193096375 0.5922886015625
6 0.6286242625 0.5659083578125 0.6141826359375 0.5879093734375 0.616731159375 0.641219525 0.6188549265625001 0.73260835625 0.631172784375 0.785072315625 0.6383935968750001 0.8138428734375 0.645614409375 0.8239971890625 0.6511362078125 0.7647636859375 0.6570827593749999 0.6598357671875 0.6609055421875001 0.6056794234375 0.6583570203125 0.589601759375 0.6286242625 0.5659083578125
4 0.7798365765625 0.5345992203125001 0.7636959375 0.5261372921875 0.749302128125 0.5541861953125 0.7326889171875 0.5540616578125 0.7280166265625 0.588755565625 0.7369364546875 0.62260328125 0.7552008625 0.6395271390625 0.771341503125 0.67760581875 0.7828098531250001 0.6902987125 0.8010742609375001 0.6902987125 0.81126835 0.6860677468749999 0.8095693359375 0.653066225 0.8031980296875 0.6082180015625 0.7874821437499999 0.5684469359375 0.7798365765625 0.5345992203125001
5 0.7118759859375 0.37117010625 0.7123007390625 0.3423995484375 0.7063541875 0.331399040625 0.68558031875 0.34081271874999997 0.6694006171875 0.4058640140625 0.65963128125 0.49725284687500004 0.6583570203125 0.534485334375 0.6583570203125 0.5514091921875 0.6647283265625 0.564102084375 0.673648153125 0.5717178203125 0.6812937203125 0.5734102062499999 0.6889392859375 0.564102084375 0.6982838671875 0.5734102062499999 0.717397784375 0.5311005625 0.7101769703125 0.48117518125 0.7118759859375 0.37117010625
5 0.7467057890625 0.42532645156250004 0.74675325625 0.3687544828125 0.7161235234375 0.3415533546875 0.7097522171875 0.37117010625 0.710601725 0.466789903125 0.7050799265625 0.5141767046875 0.7101769703125 0.5319467546875 0.7263176109375 0.5573325421875001 0.7369364546875 0.5446396484375 0.7484048046875 0.5437934546875 0.759873153125 0.517561475 0.7509533265624999 0.4583279734375 0.7467057890625 0.42532645156250004
5 0.7794637859375 0.3602872828125 0.77091675 0.3364761984375 0.7471305421875 0.33732239062499997 0.74798005 0.362708178125 0.75010381875 0.45325081718750004 0.7577493843750001 0.51248431875 0.7704919953125 0.5294081765625 0.7823851 0.5327929484375 0.794278203125 0.49894523281250003 0.7985257390625 0.466789903125 0.787057390625 0.4329421875 0.7794637859375 0.3602872828125
7 0.645614409375 0.3398609703125 0.6413668718750001 0.35847721250000003 0.631172784375 0.490483303125 0.6269252468750001 0.5074071609375 0.6273500015625 0.5319467546875 0.6324470453125 0.5505629984375 0.6545342375 0.5717178203125 0.6702501234375 0.5573325421875001 0.6698253703125 0.5327929484375 0.6626404671875 0.35182008124999997 0.645614409375 0.3398609703125
7 0.588697415625 0.5192538609375 0.5980419953125 0.5573325421875001 0.6116341140625 0.5598711203125 0.6260757390625 0.5742564 0.636269828125 0.5514091921875 0.6392431046875 0.46171274531249995 0.642641134375 0.325475690625 0.6354203203125001 0.309398025 0.6235577578125 0.3111775140625 0.60356379375 0.3982482796875 0.588697415625 0.5192538609375
11 0.458456428125 0.5402024562500001 0.46465075312500004 0.5463726125 0.486773340625 0.5472540640625 0.49916199062500005 0.5402024562500001 0.496064828125 0.4652791265625 0.47836675624999997 0.3277727828125 0.470402625 0.30926231406250004 0.46243849375 0.3004478046875 0.45186642031249996 0.31280745 0.460226234375 0.47144928437500006 0.458456428125 0.5402024562500001
11 0.4611111375 0.5419653578125 0.45889887968750004 0.48202669531250003 0.4482800375 0.311025215625 0.442970615625 0.3004478046875 0.43102441875 0.31366956875 0.42483009374999997 0.5340323 0.433679128125 0.5419653578125 0.44916494062499995 0.5428468093750001 0.4611111375 0.5419653578125
10 0.497445215625 0.5685874937500001 0.470402625 0.5657645328124999 0.4673054625 0.5860379046874999 0.47482714374999996 0.6263863921875 0.4801365640625 0.83088300625 0.4942950203125 0.7991507734375001 0.497445215625 0.5685874937500001
10 0.46243849375 0.7885733625 0.4730573359375 0.6202162359375001 0.478417175 0.554150915625 0.4425281640625 0.55675176875 0.439873453125 0.5743807875 0.4447404234375 0.613164628125 0.4487224890625 0.8062023796875 0.46243849375 0.7885733625
8 0.4465102296875 0.5525504578125 0.4358913875 0.5463803015625001 0.4076151640625 0.5703514937499999 0.4062471203125 0.6274737859374999 0.4133263484375 0.78966075625 0.43412158125 0.83108895 0.441200809375 0.71826323125 0.4465102296875 0.5525504578125
9 0.411556540625 0.28303335 0.4040348609375 0.2645228796875 0.3903571734375 0.31192545 0.3885490484375 0.5349214390625 0.40314995624999994 0.559602065625 0.43058196718749997 0.5358028906250001 0.435006484375 0.5102408140625 0.411556540625 0.28303335
15 0.35978968437500003 0.26776931249999997 0.35580761875 0.3444555421875 0.3562500703125 0.4925392984375 0.3544802625 0.5374932953125 0.3673113640625 0.557766665625 0.3766028515625 0.5630553703125 0.3876641453125 0.5471892546875 0.40138014999999994 0.540137646875 0.40934428125 0.491657846875 0.3881446109375 0.30222344843750004 0.35978968437500003 0.26776931249999997
15 0.3681962671875 0.540137646875 0.369966075 0.4784360828125 0.3522680046875 0.2871612328125 0.33987935468749997 0.2853983296875 0.333273053125 0.297813446875 0.31510205625 0.5295602359375 0.3243935421875 0.551596509375 0.34341896875 0.5595295671875 0.3681962671875 0.540137646875
13 0.27928651875 0.330447453125 0.2850153359375 0.414971615625 0.270414428125 0.5057610609375 0.2792634625 0.5357303921875001 0.29032475625 0.5542408625 0.3031558578125 0.5419005484375 0.314217153125 0.5551223140625 0.3328001265625 0.5374932953125 0.3358972890625 0.47579173125 0.3204114765625 0.354151503125 0.3102350875 0.3197749171875 0.301828503125 0.30743460312500004 0.27928651875 0.330447453125
13 0.24388551406249998 0.3242734515625 0.23900035156250002 0.40968291093750003 0.2208598296875 0.47138447499999997 0.22395699218749998 0.497828003125 0.23944280468749998 0.533967490625 0.24917674218750002 0.5242715312499999 0.2633352 0.5383747453125001 0.2828030765625 0.5189828249999999 0.28014836718749997 0.4599256140625 0.276608753125 0.3470998953125 0.270414428125 0.3109604078125 0.2540437125 0.294212840625 0.24388551406249998 0.3242734515625
13 0.212453246875 0.31272330937500004 0.20448911406249998 0.3233007203125 0.2005070484375 0.390290990625 0.1907731109375 0.4220232234375 0.18413633437500002 0.43612643906250004 0.18369388125 0.4608070640625 0.1863485921875 0.485487690625 0.195197628125 0.503116709375 0.20537401875 0.5136941203125 0.23457583437500001 0.485487690625 0.2412126109375 0.3656103640625 0.2372305453125 0.32682652343749996 0.2261692515625 0.31007895625000004 0.212453246875 0.31272330937500004
12 0.2014043078125 0.5244874859374999 0.18280897812500002 0.6098909015625 0.18059671875 0.64779329375 0.18280897812500002 0.66013360625 0.1934278203125 0.66101505625 0.21156834375 0.652200546875 0.23236357500000002 0.6178239609375 0.24961919375 0.586091728125 0.254928615625 0.5446635343749999 0.24032770781249999 0.532323221875 0.2208598296875 0.5102869484375 0.21201079531250003 0.5085240468750001 0.2014043078125 0.5244874859374999
12 0.2748389453125 0.6901029359375 0.289439853125 0.64955619375 0.30581056875 0.6231126671875 0.311119990625 0.5878546296875 0.3062797859375 0.5632954921875 0.2872275953125 0.563174003125 0.2836879796875 0.5525965921875 0.27129933125 0.54113773125 0.254928615625 0.5464264359375 0.237672996875 0.6195868640625 0.223514540625 0.6654223109374999 0.21555040937499997 0.7183093656249999 0.22395699218749998 0.7456343453125001 0.237672996875 0.7456343453125001 0.248734290625 0.742108540625 0.2748389453125 0.6901029359375
14 0.3367821921875 0.8073359109375 0.3451887765625 0.8187947718749999 0.353595359375 0.7852996359375 0.36686891250000003 0.6901029359375 0.37262078593750003 0.567581259375 0.3562500703125 0.5552409453125 0.3319152234375 0.5649369046875 0.3243935421875 0.5896175312499999 0.3367821921875 0.8073359109375
14 0.399167890625 0.7729593234375 0.41642350937500006 0.5843288265625 0.3934547625 0.550065490625 0.375717946875 0.5702256109375 0.3695236234375 0.5949062374999999 0.3690811703125 0.6204683140625 0.389433953125 0.8046915562500001 0.399167890625 0.7729593234375