13 0.17530443906249998 0.3668715421875 0.16077182031249998 0.3791203953125 0.1613307671875 0.444818790625 0.1540644578125 0.478224753125 0.1479160421875 0.5116307171875001 0.1479160421875 0.5339013578125 0.15015182968750002 0.5517178734375 0.1680381296875 0.5561720015625 0.1887191640625 0.5695343875 0.197662315625 0.541696084375 0.201015996875 0.4804518171875 0.196544421875 0.420321084375 0.187042325 0.3791203953125 0.17530443906249998 0.3668715421875
13 0.20269283749999997 0.49492773593750006 0.19207284687499998 0.5695343875 0.197662315625 0.5873509 0.21666650937499998 0.5995997546875 0.22840439375 0.5962591578125 0.247967534375 0.6007132859375 0.250203321875 0.5606261296875 0.24629069375 0.44927291875 0.23511175624999997 0.413639890625 0.22169703125 0.413639890625 0.20382557031249998 0.43164595937500005 0.20269283749999997 0.49492773593750006
13 0.2518801625 0.591805028125 0.2842990828125 0.591805028125 0.2977138078125 0.5739885140625 0.2999495953125 0.5383554875 0.2932422328125 0.46486236875 0.2770327734375 0.4102992953125 0.2440752765625 0.42273215156250005 0.249644375 0.493814203125 0.24181911875 0.550604340625 0.2518801625 0.591805028125
15 0.3038622234375 0.58623736875 0.31560010781250003 0.5940320921875 0.3267790453125 0.5806697078124999 0.33572219531249997 0.5650802578125 0.3385169296875 0.5405825515625 0.3290148328125 0.49047360624999997 0.3234253640625 0.4270022765625 0.3122464265625 0.3935963125 0.2977138078125 0.40918576250000005 0.2971548609375 0.5684208546875 0.3038622234375 0.58623736875
15 0.33572219531249997 0.5884644328124999 0.3513727078125 0.5817832390625 0.3692590078125 0.5517178734375 0.3670232203125 0.5160848453125 0.35025481406250003 0.39470984531250003 0.34019377031250003 0.38691512031249997 0.3278969390625 0.4036181015625 0.3267790453125 0.5383554875 0.3267790453125 0.5695343875 0.33572219531249997 0.5884644328124999
9 0.3603158578125 0.5305607625000001 0.3692590078125 0.5695343875 0.383791628125 0.5661937906250001 0.403913715625 0.5472637437500001 0.402795821875 0.5171983765625 0.3732097515625 0.39041960000000003 0.3603158578125 0.37466626718749996 0.3569621765625 0.41698048749999994 0.3603158578125 0.5305607625000001
8 0.3865863625 0.788975146875 0.41453370625 0.7900886781249999 0.440804209375 0.6230588609375001 0.41625457499999996 0.6099221109374999 0.403913715625 0.613037071875 0.3865863625 0.788975146875
10 0.437450528125 0.6586918890625 0.44303999687499995 0.7800668890625 0.46092629687500003 0.796769871875 0.46377159062500006 0.6188359171875 0.43689158125 0.6263994578125 0.437450528125 0.6586918890625
10 0.46651576562499997 0.644215971875 0.47489997031250003 0.777839825 0.5006115265625 0.814586384375 0.49116367343749995 0.615493240625 0.46875155468749996 0.6219453296874999 0.46651576562499997 0.644215971875
2 0.4922273234375 0.64755656875 0.5101136234375 0.75334211875 0.5464451703125001 0.7989969359375 0.5162620390625 0.6208317984375 0.4922273234375 0.6186047328125001 0.4922273234375 0.64755656875
2 0.5470661203125 0.6143790140625 0.5145851984375 0.611923540625 0.5190567734375 0.6486701 0.5397378078124999 0.750001521875 0.5581830546875 0.777839825 0.5648904171875 0.7700451 0.5470661203125 0.6143790140625
0 0.559859896875 0.726617346875 0.5794230375 0.8012239984375 0.58501250625 0.8090187249999999 0.59171986875 0.7878616140625 0.5778124250000001 0.6121505625 0.55930095 0.605242346875 0.5453272765625 0.613037071875 0.5481220125 0.6497836312499999 0.559859896875 0.726617346875
1 0.5749514625 0.57064791875 0.5922788156250001 0.5361284234375 0.5950735500000001 0.40473163437500004 0.590043028125 0.39248278124999997 0.58004851875 0.3959907296875 0.55930095 0.5071765874999999 0.5576241093750001 0.5327878265625 0.562095684375 0.5606261296875 0.5749514625 0.57064791875
7 0.63084615 0.5350148906250001 0.6353177249999999 0.3835745234375 0.624697734375 0.36909860625 0.5928377625000001 0.542809615625 0.601221965625 0.558399065625 0.6157545843750001 0.5661937906250001 0.626374575 0.5684208546875 0.63084615 0.5350148906250001
7 0.630287203125 0.5739885140625 0.6492913984375 0.606280946875 0.6682955921875 0.5795561765625 0.6638240171875001 0.5383554875 0.6632650703125 0.45706764375000003 0.652162575 0.3959907296875 0.644260875 0.398050440625 0.6297282562500001 0.541696084375 0.630287203125 0.5739885140625
7 0.6666187515625001 0.5773291109375001 0.6744440078125 0.5906914953125 0.6940071484375 0.582896771875 0.6973608296875 0.5617396625 0.6962429359375 0.5249931015625 0.6812318078125 0.385962696875 0.6738850609375 0.39248278124999997 0.6666187515625001 0.5027224593749999 0.6666187515625001 0.5773291109375001