3 0.49564829843749997 0.5131517765625 0.49670253750000004 0.581685115625 0.5162059296875 0.58929993125 0.5425618671875 0.57692585625 0.5488872921875 0.544562890625 0.5388720359375 0.47793325624999994 0.5304381359375 0.330396209375 0.5214771171875 0.3113591703125 0.5094102656249999 0.32565901249999996 0.4988110109375 0.436051771875 0.49564829843749997 0.5131517765625
3 0.5715533984375 0.5425951328124999 0.5799872984375 0.48929142499999995 0.5567940734375 0.3265247484375 0.5499415296875 0.310343265625 0.5410417359374999 0.3218492328125 0.5388720359375 0.44931364531250007 0.5425618671875 0.5283173546875 0.5504686484375 0.5616321703125 0.5715533984375 0.5425951328124999
11 0.4667077796875 0.3399456890625 0.45084320624999996 0.315102525 0.44609913749999996 0.3388988234375 0.45242456249999996 0.46644697968750004 0.44662625624999996 0.5273655015625 0.44609913749999996 0.5749580984375 0.45558727499999996 0.588284025 0.47403643124999995 0.588284025 0.49670253750000004 0.5797173578125 0.49670253750000004 0.4988099453125 0.48826863749999994 0.44931364531250007 0.4667077796875 0.3399456890625
11 0.4123635375 0.514991428125 0.4144720125 0.5349803171875 0.4250143875 0.5540173562499999 0.43766523749999997 0.5578247640625 0.44820761249999996 0.5425951328124999 0.45137032499999996 0.4740617953125 0.44662625624999996 0.31986178593750003 0.4334482875 0.28273956093749997 0.4213693375 0.31422967343749997 0.42132455625 0.389346975 0.4123635375 0.514991428125
10 0.4845788046875 0.730302121875 0.5019737234375 0.8245354609375 0.5135703359375 0.8359576843750001 0.5051364359375 0.6969873046874999 0.5009752062499999 0.6456805343750001 0.4877415171875 0.6408280421875 0.4745635484375 0.64463545 0.47350931249999995 0.6636724875 0.4845788046875 0.730302121875
10 0.49037711249999993 0.8226317578125 0.5003923671875 0.8235836093750001 0.4767244125 0.657109875 0.46243981874999995 0.6503465609375 0.44978896874999996 0.6608169312500001 0.44240930624999997 0.6836613781249999 0.45347879999999996 0.72935026875 0.49037711249999993 0.8226317578125
2 0.5009194859375 0.6427317453125 0.5046093171875 0.693179896875 0.5188415234375 0.7759910140625 0.5230584734375 0.8188243500000001 0.5378177984375 0.8435725 0.5420347484375 0.8016910156250001 0.5330737296875 0.6427317453125 0.5272754234375 0.6379724859375 0.5125160984375 0.6427317453125 0.5009194859375 0.6427317453125
2 0.5367635609375 0.717928046875 0.5451974609375 0.7731354578125 0.5546855984375 0.8292947203125 0.5625923796875 0.854994721875 0.5689178046875 0.845476203125 0.5662822109375 0.7255428625 0.5610750015625 0.639965865625 0.5409805109375 0.6379724859375 0.5304381359375 0.6503465609375 0.5367635609375 0.717928046875
4 0.7539745140624999 0.7063723796875 0.7676796 0.7301686765625 0.7771677375 0.71684275 0.7508118015624999 0.6378390406250001 0.7334168828125 0.57120940625 0.7276185765625 0.5312316265625 0.7133863703125 0.53408718125 0.6954643328125 0.530279775 0.6833406015625 0.556931628125 0.6633100890625 0.556931628125 0.6617287328125 0.5892945921875 0.6727982265625 0.62070570625 0.6870304328125 0.64545385625 0.7049524703125 0.699709415625 0.7207660328125 0.7444464546875 0.7418507828124999 0.7625316421874999 0.7450134953124999 0.7473020109374999 0.7228745078125 0.6787686734375 0.7197117953125 0.6644908953125 0.7265643390625 0.659731634375 0.7539745140624999 0.7063723796875
4 0.7877101125 0.662587190625 0.78296604375 0.632127928125 0.78612875625 0.61785015 0.7929813 0.6149945953125 0.8177558812499999 0.6216575578125 0.8135389312499999 0.6111871859375 0.79667113125 0.5797760734375 0.7845474 0.5474131078125 0.7777505765625 0.5475786984375001 0.77136943125 0.5455094046875 0.76293553125 0.5531242203125 0.7560829874999999 0.5845353328125 0.7444863765624999 0.5864390375 0.7434321390624999 0.60166866875 0.7429050203124999 0.63307978125 0.7560829874999999 0.6483094109375 0.76926095625 0.6644908953125 0.78612875625 0.6854316359375 0.79667113125 0.6882871921875 0.7877101125 0.662587190625
5 0.7550287515624999 0.3131294296875 0.7460677328124999 0.28267016875 0.744010340625 0.247558521875 0.7318355265625 0.2341257203125 0.7165490828125 0.24364424062499998 0.7060067078125 0.2522109078125 0.6986270453125 0.28933313125 0.7065338265625 0.3550109140625 0.7149677265625 0.3892775828125 0.7386880703125 0.38737387968750003 0.7460677328124999 0.37595165625 0.7566101062499999 0.3749998046875 0.7608270578125 0.3426368390625 0.7550287515624999 0.3131294296875
5 0.664404471875 0.3218492328125 0.6722711078125 0.45019610468750004 0.6785965328125 0.484462775 0.6849219578125 0.50064425625 0.7060067078125 0.50064425625 0.7112778953125 0.476847959375 0.7249829828125 0.4797035140625 0.7313084078125 0.44734055 0.7313084078125 0.41688128906250005 0.7170762015625 0.38547017656250004 0.6944100953125 0.280766465625 0.6764880578125 0.29218868750000004 0.664404471875 0.3218492328125
12 0.310080696875 0.6920673171875 0.330638328125 0.626389534375 0.346979009375 0.604496940625 0.352250196875 0.55595249375 0.341180703125 0.5521450859375 0.324312903125 0.5569043453125 0.312716290625 0.5264450843749999 0.30006544218750003 0.535963603125 0.2900501859375 0.5216858249999999 0.2831976421875 0.5321561953125 0.2726552671875 0.56832656875 0.23681119218750002 0.7082488 0.23891966718750002 0.725382134375 0.2526247546875 0.709200653125 0.2726552671875 0.6644636125 0.2916315421875 0.646378425 0.2821434046875 0.6777895390625 0.2689654359375 0.720622875 0.2584230609375 0.7415636171875 0.2663298421875 0.7634562109374999 0.28583323437499997 0.74251546875 0.310080696875 0.6920673171875
12 0.2536789921875 0.575941384375 0.2457722109375 0.542626565625 0.23790680625 0.542816475 0.21361796718749998 0.55024138125 0.1840993171875 0.610208053125 0.1988586421875 0.6159191640625 0.21361796718749998 0.610208053125 0.21994339218749998 0.6235339796875 0.22995864843749997 0.63019694375 0.21150949218749998 0.6701747234375001 0.22626881718749997 0.6768376859375 0.2515705171875 0.6511376859375 0.2684383171875 0.6159191640625 0.2658027234375 0.5787969390625001 0.2536789921875 0.575941384375
13 0.2552603484375 0.43493919375 0.2621128921875 0.47777252968750006 0.2789806921875 0.47110956562500006 0.2879417109375 0.5015688265625 0.3079722234375 0.48633919687500005 0.324312903125 0.4178058578125 0.328002734375 0.2959688140625 0.304282390625 0.27978733125 0.2863603546875 0.31119844375 0.2679111984375 0.3978169671875 0.2552603484375 0.43493919375
13 0.23259424218750002 0.3578391875 0.2520976359375 0.36069474375 0.2642213671875 0.3816354859375 0.2826705234375 0.35498363125 0.2937400171875 0.25503918125 0.29057730312499996 0.2464725140625 0.2752908609375 0.269316959375 0.2642213671875 0.20554288125000003 0.2536789921875 0.2217243640625 0.22732305468749997 0.321668815625 0.23259424218750002 0.3578391875