5 0.74188749375 0.363415471875 0.7104362796875 0.420586096875 0.6947433953125 0.4831145015625 0.701282096875 0.514378703125 0.7195904625 0.519589403125 0.72874464375 0.5169840531250001 0.7431297875 0.519589403125 0.747706878125 0.4922332265625 0.7509762296875 0.44663959999999997 0.7601304109375 0.384111196875 0.7627458921875 0.35675501875000004 0.75489945 0.35284699375 0.74188749375 0.363415471875
4 0.6646653687499999 0.5417348796875 0.6476647453125 0.5573669812500001 0.657472796875 0.6081713078125001 0.6888585640625 0.6785157625 0.715667240625 0.733228115625 0.7405143062499999 0.7241093890625 0.739206565625 0.6680943609375001 0.7235136828125001 0.629014109375 0.7104362796875 0.5560643062499999 0.701282096875 0.5300108031249999 0.6895692015625 0.5250478296875001 0.6646653687499999 0.5417348796875
7 0.5898064015625 0.56257768125 0.602229934375 0.57299908125 0.6257692609375 0.57820978125 0.634269571875 0.5391295296874999 0.6257692609375 0.385413871875 0.6153073375 0.35805769375 0.603897996875 0.352987578125 0.5950373625 0.45966635 0.5852293093750001 0.514378703125 0.5898064015625 0.56257768125
1 0.5577667640625 0.5443402296875 0.558420634375 0.57430175625 0.5832677000000001 0.58732850625 0.5983067140625 0.56257768125 0.5969989734375 0.42188877343750003 0.5943834921875 0.34893896875 0.5917680125 0.32679349375 0.58915253125 0.3176747671875 0.5813828203125 0.332131790625 0.561689984375 0.502654628125 0.5577667640625 0.5443402296875
3 0.529650346875 0.4700877515625 0.5263809953125 0.522194753125 0.5257271265625 0.56648570625 0.53684291875 0.5795124578124999 0.5577667640625 0.58211780625 0.5636515953125001 0.5651830312499999 0.5610361140625 0.49483857656249997 0.559728375 0.385413871875 0.5544974125000001 0.35154431875 0.5473048406250001 0.34503094375 0.5395281859375001 0.358201525 0.529650346875 0.4700877515625
3 0.5041494109375 0.5860258328125 0.5204961640625 0.5886311828124999 0.52507325625 0.56909105625 0.5263809953125 0.509168003125 0.5263809953125 0.34893896875 0.5113419828125 0.32158279218749997 0.4950576375 0.341256196875 0.4825716953125 0.510470678125 0.48453330625 0.57820978125 0.5041494109375 0.5860258328125
11 0.445301096875 0.46227169999999995 0.4466088375 0.519589403125 0.445301096875 0.56127500625 0.45118592812499997 0.5899338578125 0.4766868640625 0.5925392078125 0.48845652656249994 0.56648570625 0.48061008593750004 0.4844171765625 0.46426333125 0.3815058453125 0.45053205781249994 0.3554523453125 0.4374546546875 0.35675501875000004 0.43685353750000006 0.373843365625 0.445301096875 0.46227169999999995
11 0.410645978125 0.4700877515625 0.41195371875 0.56257768125 0.41783855000000003 0.58211780625 0.430915953125 0.58732850625 0.4459549671875 0.58211780625 0.448570446875 0.5651830312499999 0.4446472265625 0.514378703125 0.4374546546875 0.4362181984375 0.43222369374999997 0.393229921875 0.42176177031249995 0.3710844453125 0.410645978125 0.3723871203125 0.410645978125 0.4700877515625
9 0.3792602109375 0.45445565 0.3792602109375 0.5078653281250001 0.3772986 0.5560643062499999 0.39168374375 0.5925392078125 0.40606888750000003 0.5938418828125 0.4158769390625 0.56648570625 0.41522307031250005 0.514378703125 0.40606888750000003 0.39844062187499996 0.3956069640625 0.33721489375 0.39168374375 0.32158279218749997 0.3812653515625 0.3334352765625 0.3792602109375 0.45445565
13 0.2877183890625 0.4844171765625 0.2844490375 0.5404322046875001 0.288372259375 0.57690710625 0.306026753125 0.58732850625 0.3302199484375 0.57169640625 0.3400280015625 0.5378268546875 0.3282583390625 0.458363675 0.31910415625 0.393229921875 0.30406514218749997 0.3684790953125 0.29360322031249997 0.3684790953125 0.284476509375 0.3829677734375 0.2877183890625 0.4844171765625
13 0.24848617968750003 0.46487705156250003 0.2412936078125 0.5404322046875001 0.241947478125 0.57169640625 0.259601971875 0.5860258328125 0.27791033593750003 0.5886311828124999 0.2818335578125 0.58342048125 0.2864106484375 0.56127500625 0.2818335578125 0.4674824 0.271371634375 0.390624571875 0.25437101093750003 0.3684790953125 0.24914005 0.399743296875 0.24848617968750003 0.46487705156250003
13 0.21906202187499998 0.55085360625 0.23867812656249998 0.55997233125 0.24652456875 0.524800103125 0.24914005 0.4935359015625 0.2367165171875 0.399743296875 0.2269084640625 0.3736897953125 0.2118848796875 0.3816642875 0.204676878125 0.46617972500000004 0.20075365781249999 0.5365241796875 0.21906202187499998 0.55085360625
14 0.343951221875 0.5951445578125 0.34591283281249996 0.6550676109375 0.33152768906249996 0.7644923171875 0.3426434828125 0.7879404671875 0.3602979765625 0.7697030171875 0.3753369890625 0.6615809859375 0.3877605234375 0.6016579328125 0.3825295609375 0.58732850625 0.383881265625 0.5863117078125 0.366836678125 0.57299908125 0.343951221875 0.5951445578125
14 0.381875690625 0.6602783109375 0.372721509375 0.7644923171875 0.37141376875 0.8205073453124999 0.39168374375 0.79705919375 0.4099921078125 0.7071746125 0.42176177031249995 0.6172900343750001 0.418542134375 0.607167496875 0.401491796875 0.5847231578125001 0.375990859375 0.6042632828125 0.381875690625 0.6602783109375
8 0.44268561562500003 0.6980558890624999 0.448570446875 0.6094739828125 0.43423762187500003 0.5967396015624999 0.41391532968750006 0.6146846828125 0.4112998484375 0.6824237875 0.3982224453125 0.8218100203125 0.419146290625 0.8179019953125 0.44268561562500003 0.6980558890624999
10 0.4428469265625 0.6041146296875 0.44502535156249995 0.6460677234375 0.44393613906249996 0.7299739140625 0.44611456406250005 0.7965202031249999 0.4577328328125 0.7972435328125 0.467535746875 0.7632470578125 0.46862495937500004 0.6721075765625 0.4733448796875 0.6048379578125 0.47010749843750005 0.6028235515625 0.45119755625 0.6026679703125 0.4428469265625 0.6041146296875
10 0.47298180937499995 0.722740621875 0.475160234375 0.756013765625 0.48314779531249996 0.780606959375 0.48786771562500003 0.7704803499999999 0.4922245671875 0.7089973656249999 0.49658141718750004 0.6272611640625 0.494437284375 0.6028235515625 0.4711664546875 0.6048379578125 0.4700772421875 0.635217784375 0.47298180937499995 0.722740621875
2 0.504932046875 0.7401005234375 0.510015040625 0.7683103625000001 0.5187287406250001 0.7769903140625 0.5212702375 0.7618004 0.5216333093750001 0.6974240984375 0.5212702375 0.6041146296875 0.5169133875 0.599051325 0.49367685000000006 0.6041146296875 0.49767062968750003 0.6569176624999999 0.504932046875 0.7401005234375
2 0.5321623640625 0.5947113484375001 0.5205440953125 0.599774653125 0.5194548828125 0.6113479203125001 0.523811734375 0.65908765 0.524900946875 0.7097206953125 0.52853165625 0.75022713125 0.5372453562499999 0.7791603015625 0.5459590578125 0.7791603015625 0.546322128125 0.7379305359375 0.5466852 0.6655976140625001 0.5463650359375001 0.6028235515625 0.5321623640625 0.5947113484375001
6 0.581176934375 0.6085519546875 0.5713740203125 0.5955320296875 0.5644756734375 0.5882987375 0.5576221015625 0.5869003937499999 0.5485005546874999 0.5918180328125 0.5448698453125 0.608454603125 0.5459590578125 0.63449445625 0.550315909375 0.698147428125 0.5586665390625 0.7589070828125 0.5750047296874999 0.80891415 0.58589685625 0.82265740625 0.58807528125 0.8038508468750001 0.5848076421874999 0.7662377265625 0.5782723671875 0.7184979968749999 0.5764570124999999 0.6461650750000001 0.581176934375 0.6085519546875
6 0.573189375 0.593362040625 0.5713740203125 0.620125221875 0.5760939421875 0.654121696875 0.5819030765625001 0.7510478125 0.5967889828125 0.7980642125 0.6033242578125 0.7705777015625 0.6033242578125 0.6794382203125 0.6069549671875001 0.6396551125000001 0.6105856765625 0.6063819671874999 0.6000566203125001 0.5882987375 0.5935720843750001 0.584729053125 0.573189375 0.593362040625