11 0.44973952500000003 0.2833524703125 0.44750373750000005 0.4737664625 0.44862163125 0.536124259375 0.455887940625 0.55505430625 0.4950142234375 0.5372377921875 0.49613211718750005 0.5004912328125 0.48998369999999997 0.43813343437499996 0.47607011093749996 0.2823396828125 0.46594898437500004 0.26108182968750004 0.44973952500000003 0.2833524703125
11 0.44191426875 0.267763021875 0.430176384375 0.2544006359375 0.41787955312499997 0.26887655312500003 0.41061324375 0.5205348109375 0.41564376562499994 0.5405783890625 0.444709003125 0.551713709375 0.45085741874999996 0.5093994890625 0.44191426875 0.267763021875
10 0.46594898437500004 0.7343329749999999 0.47042055937500005 0.590687334375 0.4665667078125 0.567581525 0.441355321875 0.5506001781250001 0.440796375 0.5873467375 0.43520690625 0.6775428375 0.44638584375 0.7643983421875 0.46594898437500004 0.7343329749999999
10 0.3826658984375 0.7833283890625 0.403346934375 0.7888960484374999 0.421233234375 0.7588306828125 0.43911953437499995 0.6341150859375 0.43911953437499995 0.5494866453125 0.41955639375000003 0.5416919203125 0.401719959375 0.5631246203125 0.3994343046875 0.6430233421875 0.3882553671875 0.74101416875 0.3826658984375 0.7833283890625
9 0.3837837921875 0.22433526874999998 0.3726048546875 0.23769765468749998 0.36366170468750003 0.35239146250000003 0.37539958906250004 0.4960371046875 0.37931221718749997 0.536124259375 0.40222903906249996 0.5450325171875 0.410054296875 0.5249889390625 0.41564376562499994 0.4693123328125 0.41284903125000005 0.431452240625 0.3955216765625 0.2421517828125 0.3837837921875 0.22433526874999998
15 0.3440985640625 0.4080680671875 0.33291962656249996 0.49158297500000003 0.3373912015625 0.5205348109375 0.3547185546875 0.5327836640625 0.3714869609375 0.502718296875 0.3826658984375 0.5016047640625 0.3893732609375 0.4737664625 0.3860195796875 0.37688916875 0.3698101203125 0.259968296875 0.3614259171875 0.24103825156249997 0.34633435156250003 0.26330889218750003 0.3440985640625 0.4080680671875
15 0.3228585828125 0.2466059109375 0.31559227343749996 0.27778481093749996 0.31447437968749997 0.3913650859375 0.30609017656250004 0.454836415625 0.307767015625 0.486015315625 0.3167101671875 0.5049453609375 0.3345964671875 0.5038318296875001 0.3524827671875 0.48267471874999995 0.3563953953125 0.46040407656250004 0.33910930625 0.26451206875 0.3228585828125 0.2466059109375
14 0.3256533171875 0.5773249484375 0.32341752968750004 0.6508180671875 0.305531228125 0.7766471968750001 0.33180173281249997 0.7710795359375 0.3508059265625 0.7098352703125 0.3597490765625 0.6263203609375 0.37041463281250003 0.5508681359375001 0.3547185546875 0.533897196875 0.3267712109375 0.538351325 0.3256533171875 0.5773249484375
8 0.3468932984375 0.7677389390625 0.3837837921875 0.72542471875 0.3994343046875 0.61184444375 0.403346934375 0.5639625625 0.4005522 0.5494866453125 0.3670153859375 0.5461460484375 0.3625438109375 0.599595590625 0.3547185546875 0.6998134796875 0.3468932984375 0.7677389390625
12 0.3379501484375 0.5828926078125 0.3373912015625 0.559508434375 0.2993828140625 0.49826416875 0.27031757500000003 0.5216483421875 0.267522840625 0.5940279296875 0.232868134375 0.74101416875 0.261933371875 0.728765315625 0.29211650312500004 0.6385692140625 0.2904396625 0.6864510953125 0.274230203125 0.7488088937499999 0.290998609375 0.7588306828125 0.312238590625 0.705381140625 0.320063846875 0.62966095625 0.3379501484375 0.5828926078125
13 0.26691888124999996 0.49152122499999995 0.2803336078125 0.49374828906249996 0.3038093765625 0.503770078125 0.32001883593749997 0.46925058281250004 0.30995779218749997 0.261020078125 0.286482021875 0.23874943593750003 0.25972794062500004 0.2633978421875 0.261888359375 0.351216178125 0.2523862625 0.4447528765625 0.26691888124999996 0.49152122499999995
13 0.214377875 0.3957574625 0.205434725 0.45922879375000003 0.2031989375 0.49263475625 0.21940839687499997 0.5026565453125 0.231705228125 0.520473059375 0.26468309375 0.5015430140625 0.266359934375 0.47259117812499996 0.266359934375 0.3623515 0.256298890625 0.27326893124999996 0.23785364375 0.277723059375 0.2256274953125 0.2957103953125 0.214377875 0.3957574625
13 0.1640726546875 0.38350860937500003 0.1607189734375 0.4258228296875 0.1691031765625 0.44363934374999997 0.1774873796875 0.44586640781250003 0.1881073703125 0.46925058281250004 0.21884945 0.45254760000000005 0.22723365312500002 0.294426040625 0.21046524687499998 0.2677012703125 0.1859368125 0.2812254578125 0.1791642203125 0.3523297109375 0.1640726546875 0.38350860937500003
3 0.52577028125 0.546154375 0.540861846875 0.5272243296875 0.5335955375 0.29560965 0.51906291875 0.25774955781250003 0.5079344625 0.2734258765625 0.49894083125 0.38023809062499997 0.4933513625 0.4826830453125 0.491674521875 0.535019053125 0.52577028125 0.546154375
3 0.55483551875 0.2544089625 0.54142079375 0.272225475 0.537508165625 0.44816354843750006 0.53694921875 0.5238837328125 0.54142079375 0.5316784578125 0.5671323515625 0.532791990625 0.5755165546875001 0.5227702015625 0.5749576078125 0.5082942828125 0.5699270859375 0.38023809062499997 0.5616007375 0.2734258765625 0.55483551875 0.2544089625
7 0.6152017828125 0.23436538437499999 0.6051407390625 0.2655442828125 0.5989923234375001 0.4069628609375 0.5973154828125 0.47822891562500003 0.6129659953125 0.500499559375 0.6314112421875 0.5227702015625 0.6437080734375 0.510521346875 0.6487385953125 0.4815695125 0.6420312328125 0.4069628609375 0.629801628125 0.254484034375 0.6152017828125 0.23436538437499999
1 0.5777523421875 0.519419196875 0.6012281109375001 0.5283274546875 0.6202323046875 0.48378616875 0.6140838890625 0.261079746875 0.6062586328124999 0.2176519953125 0.5945207484374999 0.20763020625 0.5822846140625 0.2388848703125 0.57048603125 0.4492666734375 0.5727218203125 0.48378616875 0.5777523421875 0.519419196875
0 0.5760755 0.7465797484375 0.5928439078125 0.7855533718750001 0.6168786234375 0.7755315828125 0.5833418109374999 0.6185235546875 0.5777523421875 0.558392821875 0.552040784375 0.5472575 0.535272378125 0.5851175921875 0.5380671125 0.6229776828125 0.5760755 0.7465797484375
6 0.57719339375 0.5617334171875 0.5766344484375 0.5962529125 0.5861365453125 0.6296588765625 0.6001102171875 0.69313020625 0.6135249421875 0.745466215625 0.6386775515625 0.7688503890625 0.6420312328125 0.7465797484375 0.6202323046875 0.6508159859375 0.6158260359375001 0.56201039375 0.5911670671875 0.5539386921875 0.57719339375 0.5617334171875
5 0.7040743375 0.4926944265625 0.71860695625 0.4715373171875 0.722519584375 0.41697424375000003 0.718048009375 0.2388091046875 0.6773186421874999 0.23554219375000002 0.66941963125 0.396930665625 0.6638301609374999 0.470423784375 0.6845111968750001 0.4926944265625 0.7040743375 0.4926944265625
5 0.7515848218750001 0.23428004375000003 0.72531431875 0.23428004375000003 0.7163711687500001 0.2788213265625 0.720283796875 0.41021811562500005 0.71972485 0.4792571078125 0.740405884375 0.47480297812499994 0.76332270625 0.46366765781249997 0.7767374328125001 0.416899309375 0.7627637609375 0.35454151093749997 0.7617312203125 0.2522555828125 0.7515848218750001 0.23428004375000003
4 0.7476721937499999 0.6197120203125001 0.7616458671874999 0.660912709375 0.7784142734375 0.6976592687500001 0.7890342640625 0.6876374796875 0.7890342640625 0.6597991765625 0.767235334375 0.580738396875 0.7622048140625 0.51169940625 0.7578180546875 0.4951568375 0.737052203125 0.48497463593749995 0.7264322125 0.49388289218750003 0.707986965625 0.49833702031250005 0.6996027625 0.5150400015625001 0.700161709375 0.5551271578125 0.7102227531249999 0.5863060578125 0.720283796875 0.60969023125 0.733139575 0.6798427546875 0.7538206093750001 0.7243840390625 0.7655584953125001 0.7087945890625 0.7515848218750001 0.66425330625 0.7476721937499999 0.6197120203125001
4 0.6895417187499999 0.644209728125 0.700161709375 0.6631397734375 0.713576434375 0.706567525 0.722519584375 0.7388599578124999 0.7398469375000001 0.7399734890625 0.740405884375 0.7165893140625 0.70742801875 0.589646653125 0.704710803125 0.526355165625 0.6822754093750001 0.49499642499999996 0.6688606828125 0.5150400015625001 0.6504154359375 0.51169940625 0.6403543921875 0.5384241765625 0.6442670203125 0.5696030765625 0.6571227984375 0.616371425 0.6649480546875 0.68206981875 0.6755680453124999 0.7332922953125001 0.703515390625 0.7600170671875001 0.7124585406249999 0.7399734890625 0.691218559375 0.6842968828125 0.6895417187499999 0.644209728125
6 0.6213501984375001 0.6152578921875 0.6498564890625 0.7288381687500001 0.66271226875 0.7555629390624999 0.6755680453124999 0.7566764703125 0.6543280640625 0.6007819750000001 0.6554459578125 0.5506730296875 0.6353238703125 0.5261753234375 0.6241449328125 0.5361971125 0.6068175796874999 0.54510536875 0.6057636093750001 0.5731526546875 0.6213501984375001 0.6152578921875