11 0.46179922656250005 0.5675490421875 0.46353031875 0.53781963125 0.461366453125 0.5159137515625 0.46179922656250005 0.47836081249999995 0.468290821875 0.4541078734375 0.47348409687500004 0.41890199375000003 0.468290821875 0.3977784640625 0.4540456640625 0.39393163124999997 0.4436227625 0.42516081562499997 0.4379967140625 0.447066696875 0.4297740265625 0.490878459375 0.424147978125 0.5159137515625 0.4163580640625 0.54094904375 0.41289588125 0.5659843359375001 0.4163580640625 0.58476080625 0.42804293437499996 0.595713746875 0.440160578125 0.603537275 0.4509799015625 0.6004078625 0.45747149687500005 0.590237275 0.46179922656250005 0.5675490421875
11 0.5076731609375 0.614490215625 0.5124336640625 0.5964960984375 0.5137319828125 0.5675490421875 0.5098370265625001 0.5354725734375 0.5059420703125 0.522172575 0.5063748421875001 0.490878459375 0.5072403875 0.44628434375000003 0.50464375 0.4196843453125 0.49815215625000003 0.40325493437500004 0.4839119546875 0.4009771953125 0.47218577812499996 0.44080787343749994 0.468290821875 0.47914316562500003 0.46655972968750004 0.5135666921875 0.46526141093750006 0.5346902203125 0.4609336796875 0.5581608078125 0.45833704218750004 0.5855431578125 0.46353031875 0.602754921875 0.4717530046875 0.616837275 0.483437875 0.6184019796875 0.49339165312500005 0.6176196265625 0.5007487937499999 0.6191843328125 0.5076731609375 0.614490215625
3 0.5643664203125 0.5785019828125 0.5630681015625 0.5597255125 0.560038690625 0.541731396875 0.5570092796874999 0.5253019859375 0.5570092796874999 0.5033961046875 0.554845415625 0.4509784609375 0.55268155 0.428290228125 0.5496521390625 0.4071666984375 0.5448916359375 0.3907372890625 0.533256259375 0.39393163124999997 0.5245513078124999 0.4306372859375 0.5232529875 0.490878459375 0.51935803125 0.518260809375 0.515463075 0.5464255140625001 0.5137319828125 0.562854925 0.5132992093750001 0.602754921875 0.51676139375 0.6184019796875 0.5258496265625 0.6207490390625 0.5396983609375 0.6207490390625 0.55138323125 0.616837275 0.560038690625 0.6082313921875 0.5643664203125 0.5785019828125
3 0.6041815328125 0.5440784546875 0.5998538046874999 0.5284313968750001 0.5929294359374999 0.5159137515625 0.59119834375 0.4932255171875 0.5847067499999999 0.45176081406249996 0.5760512906249999 0.41890199375000003 0.568261378125 0.40325493437500004 0.5574955671875 0.41115412031250004 0.5583075984375 0.44784905 0.5613370093750001 0.4971372828125 0.563933646875 0.522172575 0.5630681015625 0.540166690625 0.5613370093750001 0.562072571875 0.5626353281250001 0.590237275 0.5704252421875 0.6066666859375001 0.582542884375 0.603537275 0.5950933015625 0.5988431578125 0.6011521234375 0.5886725703125 0.6050470796874999 0.5659843359375001 0.6041815328125 0.5440784546875
10 0.4310723453125 0.6334251156249999 0.431104890625 0.6389606671875 0.4284757078125 0.6560602140625 0.4310723453125 0.692048446875 0.42501352499999995 0.7804543234375 0.4319378921875 0.7898425578125 0.4423244421875 0.7726307953125 0.45617317812499997 0.7131719750000001 0.4630975453125 0.6693602125 0.4648286375 0.6380660984375 0.45703872343749996 0.631807275 0.4470849453125 0.6271131578125 0.4397278046875 0.6263839390625 0.4310723453125 0.6334251156249999
10 0.4846682171875 0.6409934093749999 0.469404546875 0.639154528125 0.4636814546875 0.6596414828125 0.4651042859375 0.6860060015625 0.4697284875 0.7663856328125 0.4739969828125 0.790821040625 0.4832453859375 0.776674225 0.4924937890625 0.7258742984375 0.495339453125 0.694365484375 0.501030778125 0.672502225 0.501030778125 0.6544971859375 0.501030778125 0.6467807421875 0.49391662031249994 0.63649215 0.4846682171875 0.6409934093749999
2 0.5049435640625 0.6956515578125 0.5163262140625 0.7850337078125 0.5259303265625 0.7753881515625001 0.5323330671875001 0.7085122984375001 0.5355344375 0.6641427421875 0.5337558984374999 0.6429225203125 0.52699745 0.641636446875 0.5127691359375001 0.6397073343749999 0.5021350984375 0.64687578125 0.501030778125 0.6731452625000001 0.5049435640625 0.6956515578125
2 0.5689709734374999 0.64485163125 0.55794403125 0.63649215 0.55225270625 0.63649215 0.5352214156249999 0.6417282796875 0.53411160625 0.6557832609375 0.5351787296875 0.6699300765625 0.5422928859375 0.7027249656250001 0.547272796875 0.736805928125 0.5565211999999999 0.7792463734374999 0.5671924359375 0.790821040625 0.5707495140625001 0.7805324484375 0.5675481437500001 0.7490236328125001 0.565769603125 0.6962945953124999 0.5682595578125 0.667357928125 0.5689709734374999 0.64485163125
0 0.6212600265625 0.7882488921874999 0.613434453125 0.737448965625 0.6113002062499999 0.7181578546875 0.606320296875 0.6827908171875 0.6066760046875 0.6615705953125001 0.6038303421875 0.641636446875 0.5981390171875 0.6287757046875 0.59031344375 0.6332769640625 0.5831992875 0.6287757046875 0.5804038078125 0.6295029624999999 0.5743065921875 0.64485163125 0.568615265625 0.6519250390625 0.56932668125 0.665428815625 0.5757294234375 0.6866490390625 0.5821321640625 0.7130135578125001 0.5928033984375001 0.7548109671875001 0.60418605 0.7959653375 0.6113002062499999 0.8165425234375 0.6177029468749999 0.8300463 0.623038565625 0.826831115625 0.623038565625 0.810112153125 0.6212600265625 0.7882488921874999
1 0.6354883390625 0.4974663296875 0.6340655078124999 0.4698157375 0.630152721875 0.3900791421875 0.627307059375 0.35085388281249996 0.6177029468749999 0.3431374390625 0.6120670578125 0.34767724218749996 0.607743128125 0.5019675890624999 0.60418605 0.5193295906250001 0.600628971875 0.5386207015625 0.6013403875 0.5495523312499999 0.6091659593750001 0.572058628125 0.6191257796875 0.581061146875 0.6269513515625 0.58427633125 0.6365554625 0.57591685 0.6422467890625 0.5566257390625 0.6458038671875 0.5456941078125 0.6458038671875 0.5283321078125 0.6354883390625 0.4974663296875
9 0.3793786984375 0.4228740328125 0.3758216203125 0.47303092187500007 0.3722645421875 0.5026106265625 0.3662175078125 0.534762478125 0.36872276249999997 0.546499496875 0.3751102046875 0.5694864796875 0.3843586078125 0.5772029234375 0.3971640890625 0.5791320359375 0.40356683125000004 0.5701295171874999 0.411392403125 0.5598409234374999 0.417083728125 0.5411928500000001 0.41423806562500004 0.4897498859375 0.419217975 0.3071273625 0.40996957187499994 0.30005395625000003 0.398586921875 0.3244893640625 0.3857814390625 0.37143106875 0.3793786984375 0.4228740328125
15 0.3768493671875 0.4931893890625 0.3790516828125 0.4191376359375 0.3768493671875 0.3745473328125 0.37728982968749997 0.3331420515625 0.363489475 0.33565375625 0.358167721875 0.3825548328125 0.345834746875 0.4311264125 0.3436324296875 0.469346671875 0.3348231609375 0.4980118671875 0.330858990625 0.5163257406249999 0.3299780625 0.534639615625 0.3361445515625 0.5465834468749999 0.3464573921875 0.55450105625 0.3574689765625 0.5489272671875 0.36804009843749996 0.5441497359375 0.373766121875 0.5282246265625 0.3768493671875 0.4931893890625
15 0.35086202499999997 0.3657885234375 0.34998109843749997 0.3363270734375 0.3464573921875 0.3148281765625 0.3323625625 0.3108469 0.32844920312500003 0.3188422984375 0.31738680625 0.38808367499999996 0.3054942953125 0.4358589984375 0.303291978125 0.46293168281249997 0.2918399296875 0.48681934531250004 0.29139946562499996 0.509910753125 0.2962445625 0.5282246265625 0.30901800156250003 0.5322059046875001 0.327957928125 0.5258358609375 0.33588627031249996 0.51787330625 0.345576465625 0.48443057968750003 0.344255075 0.4485990859375 0.35086202499999997 0.3657885234375
13 0.30461336875 0.45496912968750003 0.30373244062500004 0.4239151671875 0.315624953125 0.361010990625 0.31870819687499996 0.299699325 0.3178272703125 0.2829779609375 0.3059347578125 0.27103412968749996 0.29496842968750003 0.27980147187500004 0.28082834375 0.308458134375 0.2751023203125 0.33075328593750003 0.2552814671875 0.3785286109375 0.2495554421875 0.408786315625 0.2372224671875 0.4342664890625 0.23502014999999998 0.46770921562499995 0.24030571093750003 0.4900043671875 0.2552814671875 0.49080062343749997 0.269816759375 0.509114496875 0.28259019687500003 0.5067257296875 0.29976827031250003 0.48283806875 0.30461336875 0.45496912968750003
13 0.242508028125 0.442255134375 0.24515080781249998 0.4151824515625 0.2491149796875 0.388906021875 0.2570433203125 0.35625955 0.26673351562500003 0.308484225 0.2720190765625 0.2734489890625 0.2768641734375 0.249561325 0.27422139375 0.235228728125 0.26805490625 0.234432471875 0.25616239375 0.235228728125 0.2438294171875 0.2479688140625 0.23725814843749998 0.26155586249999996 0.227091809375 0.288577840625 0.2143183703125 0.32361307968749997 0.20374724843749997 0.3490932515625 0.1874501015625 0.36979589218750003 0.1804026875 0.3968685765625 0.1839263953125 0.41995998281249997 0.1944975171875 0.42314500468749994 0.1993426140625 0.443051390625 0.212556515625 0.4518102 0.22312763750000003 0.45818024375000005 0.233698759375 0.45818024375000005 0.242508028125 0.442255134375
8 0.431384309375 0.6443279703125 0.42462100312500006 0.6349229796875 0.4188982046875 0.62363699375 0.4152564234375 0.6179939984375 0.40693235312500003 0.6170535 0.39556006718750003 0.6228847234375 0.38820319531249997 0.6424469734375 0.387682940625 0.6781859328125 0.37623734375 0.73649686875 0.368433528125 0.7741168265625 0.3611499671875 0.8117367859375 0.3611499671875 0.8239632718750001 0.36947403749999996 0.8154987796875 0.392885484375 0.777878821875 0.4084931171875 0.72427038125 0.41941845781250003 0.6866504234375 0.42930329218749996 0.6640784484375 0.431384309375 0.6443279703125
14 0.379879125 0.6076485109374999 0.3741563265625 0.6020055171875 0.36739301874999997 0.6001245187500001 0.362190475 0.6001245187500001 0.35490691406249997 0.6001245187500001 0.34554233437500004 0.6104700078125 0.34820906093750004 0.646411846875 0.3460625890625 0.70169840625 0.34658284375 0.7731763265625 0.3471030984375 0.8004507984375 0.35542716875 0.8004507984375 0.3653120015625 0.778819321875 0.377277853125 0.732734871875 0.3803993796875 0.69041241875 0.38352090625 0.6678404437500001 0.3902842125 0.6509114625 0.3902842125 0.6292799875 0.38820319531249997 0.6151725031249999 0.379879125 0.6076485109374999
14 0.328373940625 0.5794335421875 0.3174485984375 0.5822550390625 0.30918350625 0.606886278125 0.307043509375 0.6302204859375 0.2753079921875 0.7637713374999999 0.273226975 0.7731763265625 0.285192825 0.78164081875 0.310685290625 0.7496638531250001 0.3304549578125 0.6753644359375001 0.3445018265625 0.6490304640625 0.35490691406249997 0.6349229796875 0.36062971250000003 0.609529509375 0.3507448796875 0.5944815250000001 0.338779028125 0.57755254375 0.328373940625 0.5794335421875
12 0.2498155265625 0.7035794046875 0.237849675 0.72521088125 0.2357686578125 0.73555636875 0.24305222031249998 0.7524853499999999 0.2576193421875 0.739318365625 0.277389009375 0.7007579078124999 0.2883143515625 0.6565544562500001 0.29351689531249997 0.6302204859375 0.3101650359375 0.61235100625 0.319529615625 0.5766120453125 0.30652325468749997 0.55498056875 0.2981991859375 0.552159071875 0.2909156234375 0.552159071875 0.285192825 0.54463508125 0.2716662109375 0.536170590625 0.265423159375 0.5333490921874999 0.256578834375 0.5277061 0.2493443234375 0.547597925 0.244092728125 0.5625045609375 0.242531965625 0.5963625234375 0.22796484218750002 0.6443279703125 0.218080009375 0.6744239359375 0.2139179734375 0.699817409375 0.21964077187500003 0.7092223984375 0.2305661140625 0.6979364109375 0.24669400000000002 0.671602440625 0.2586598515625 0.6443279703125 0.263342140625 0.640565975 0.26230163281249996 0.6697214421875 0.2498155265625 0.7035794046875
12 0.24929527187499997 0.536170590625 0.24305222031249998 0.5154796125 0.235248403125 0.501372128125 0.2227622984375 0.5032531265625 0.218080009375 0.4863241453125 0.2102761921875 0.47597865625 0.198830596875 0.47691915468749996 0.185342415625 0.504308015625 0.17750016562499998 0.5455755796874999 0.1702166046875 0.580374040625 0.1577305 0.6076485109374999 0.1473254109375 0.6415064734375 0.14472413906249998 0.6640784484375 0.1504469375 0.6800669312500001 0.16761533281250002 0.677245434375 0.1946685609375 0.653732959375 0.21964077187500003 0.6057675125 0.226404078125 0.586957534375 0.24461298281250002 0.5568615671875 0.24929527187499997 0.536170590625
14 0.62407535 0.6131146843749999 0.6169599 0.6131146843749999 0.615625753125 0.62276199375 0.610289165625 0.6308014187500001 0.6049525765625 0.6468802671875 0.6089942171875 0.66150611875 0.617404615625 0.6878813312500001 0.6285225062500001 0.7449612453125 0.6400851125 0.7883741390625 0.6516477187499999 0.80525693125 0.655650159375 0.794805678125 0.6516477187499999 0.752196728125 0.64986885625 0.7087838359374999 0.64808999375 0.6669788296875 0.64631113125 0.6428605546874999 0.644087553125 0.6203501671875 0.63563795625 0.6155265109375 0.62407535 0.6131146843749999
14 0.68677626875 0.625177328125 0.68143968125 0.601059053125 0.675658378125 0.5922156875 0.661427478125 0.588195975 0.655646175 0.5970393421875 0.655646175 0.605882709375 0.6459117390625 0.6051950828125 0.6414152750000001 0.6171379031249999 0.643638853125 0.6356285796875001 0.648975440625 0.6525113703125001 0.658759184375 0.6685902203125 0.67254536875 0.7224543640625 0.68855513125 0.771494853125 0.6970047296875 0.7803382203125 0.705009609375 0.7827500484375001 0.6987835921875 0.7441608109375 0.6894445625000001 0.6894927234375 0.684107975 0.6428640609375 0.68677626875 0.625177328125
4 0.7254665296875 0.66215868125 0.7254665296875 0.657335025 0.7316925484375 0.6565310828124999 0.7450340171875001 0.6782375296875001 0.7561519078125001 0.7144149390625001 0.763712075 0.7345135015625 0.7717169562499999 0.729689846875 0.770827525 0.6991400328124999 0.7623779265625 0.6613547375 0.7485917421875 0.625177328125 0.7472575953125 0.6163339609375 0.7459234484375 0.5761368375 0.7388079984375 0.5560382781250001 0.7312478328124999 0.5463909671875 0.7223535203125 0.5488027953125 0.7143486390625 0.5520185640624999 0.7063437578125 0.5705092406250001 0.6996730234374999 0.578548665625 0.6894445625000001 0.5721171265625 0.6823291125 0.5753328953125 0.6801605265624999 0.585888440625 0.679216103125 0.601862996875 0.680994965625 0.6219615578125001 0.6970047296875 0.640452234375 0.7001177390625 0.65009954375 0.7058990421875 0.6734138749999999 0.7130144921875 0.70476763125 0.7250218140625 0.7385332140624999 0.7356949890625 0.760239659375 0.7441445859375 0.76586725625 0.7379185671874999 0.7280819625 0.7272453921875 0.6822572421875 0.7254665296875 0.66215868125
4 0.801512903125 0.6484916593750001 0.790839728125 0.6195497296875 0.7912844437500001 0.605882709375 0.80017875625 0.6267852125 0.8206356749999999 0.666982334375 0.8304194203125 0.6782375296875001 0.834866575 0.6645705078125 0.82686169375 0.640452234375 0.819301528125 0.6147260765625 0.81085193125 0.5753328953125 0.80551534375 0.5415673125 0.8028470499999999 0.5190569234375 0.7939527375 0.5053899015625001 0.781945415625 0.5005662484375 0.771272240625 0.5126253843749999 0.7664496749999999 0.5271640750000001 0.7530388984374999 0.5287042328125 0.7472575953125 0.535939715625 0.7432551546874999 0.55282250625 0.7441445859375 0.58015655 0.7610437796875 0.59945116875 0.7686039453125 0.6147260765625 0.78416899375 0.65009954375 0.80373648125 0.6822572421875 0.82152510625 0.6919045500000001 0.8188568125 0.6782375296875001 0.801512903125 0.6484916593750001
7 0.675658378125 0.5109092984375 0.6734348 0.48357525625 0.67076650625 0.46749640625 0.6632063406250001 0.4120243765625 0.650754303125 0.3557484046875 0.645417715625 0.346101096875 0.6392398984375001 0.3517954171875 0.6383022656249999 0.45141755781250004 0.64052584375 0.4803594859375 0.6383022656249999 0.49804622031249995 0.6360786875 0.5253802624999999 0.641859990625 0.543066996875 0.6480860093749999 0.5519103640624999 0.6547567437499999 0.5527143062500001 0.664985203125 0.562361615625 0.67432423125 0.5615576734375 0.681884396875 0.54467488125 0.680994965625 0.527792090625 0.675658378125 0.5109092984375
7 0.6889998484375 0.399965240625 0.67610309375 0.3452971546875 0.66414810625 0.342142096875 0.664985203125 0.39674947031249996 0.670321790625 0.43453476562500004 0.675658378125 0.4683003484375 0.6734348 0.4932225640625 0.6765478093749999 0.5133211265625001 0.685442121875 0.5358315140625 0.6983388765625 0.5382433421874999 0.7076779046875 0.5382433421874999 0.7139039234375 0.51814478125 0.7143486390625 0.49483045 0.7081226203125001 0.47151611875 0.6889998484375 0.399965240625
5 0.765046221875 0.49643833437499996 0.7654909375 0.4787516 0.7699380921875 0.46428063750000004 0.765046221875 0.44498601718749997 0.7561519078125001 0.42167168593750004 0.7463681640625001 0.3758469671875 0.7405868609375 0.33243407343750003 0.7308031171875 0.32278676562499997 0.7161275015624999 0.32278676562499997 0.7046239437499999 0.3397287671875 0.7054543265625 0.3710233125 0.7107909140625 0.41041649218750004 0.7134592078125 0.43614265 0.7099014828125 0.4530254421875 0.7090120515625 0.47392794687500006 0.7116803453125 0.492418621875 0.7152380703125 0.5109092984375 0.7245770984375 0.5245763203125 0.7330266953125 0.52216449375 0.7450340171875001 0.5093014140625 0.7552624765625 0.5076935296875 0.765046221875 0.49643833437499996
5 0.78950558125 0.3404734984375 0.783724278125 0.314747340625 0.77883240625 0.2978645484375 0.7646015046875 0.29304089375000003 0.76015435 0.3002763765625 0.75355078125 0.32122656875 0.7570413390625 0.372631196875 0.7623779265625 0.4063967796875 0.7610437796875 0.43855447812500004 0.7663803687499999 0.46267275156250004 0.7761641125 0.47955554375 0.7868372875 0.47392794687500006 0.80195761875 0.45543726875 0.8130755093750001 0.442574190625 0.814854371875 0.4160440890625 0.8090730687500001 0.392729759375 0.7966210312500001 0.3718272546875 0.78950558125 0.3404734984375