5 0.672281790625 0.4516593453125 0.6678098015625 0.4199817140625 0.6534000625 0.426911196875 0.637499659375 0.4427500109375 0.6305432343749999 0.51204483125 0.6215992578125 0.5506519453125 0.61364905625 0.5932187625 0.61315216875 0.6189568390625 0.61961170625 0.63677550625 0.636008996875 0.652614321875 0.6464436359375 0.6476646921875 0.6593627140625 0.66152365625 0.6707911281250001 0.6446949140625 0.672281790625 0.6130172828125 0.672281790625 0.515014609375 0.672281790625 0.4516593453125
5 0.7025919328125 0.41206230625 0.69414484375 0.40117312031249996 0.6832133171875 0.41503208437500005 0.6778233421875 0.43291194062500005 0.674766228125 0.4674981625 0.676256890625 0.49818586875 0.671288015625 0.56154113125 0.6697973515625 0.595198615625 0.671784903125 0.6248963953125 0.675760003125 0.6417251375 0.6852008671875 0.652614321875 0.7055732578125 0.6427150625 0.7194861109375 0.6179669125 0.7224674359375001 0.5932187625 0.717498559375 0.5625310578125 0.7025919328125 0.41206230625
5 0.7065670328125 0.41107238125 0.707063921875 0.4516593453125 0.711535909375 0.509075053125 0.7234612109375 0.602128096875 0.749299365625 0.6130172828125 0.77364685625 0.565500834375 0.76768420625 0.5348131296874999 0.7587402296875 0.506105275 0.7383678390624999 0.41503208437500005 0.730914525 0.3912738609375 0.7215567046875 0.3883375140625 0.7065670328125 0.41107238125
6 0.5704198359375 0.605097875 0.5863202390625 0.6575639515625 0.600233090625 0.7278486984375 0.61265528125 0.769425590625 0.629549459375 0.7882341828125 0.637996546875 0.77932485 0.61066773125 0.583319503125 0.597748653125 0.5694605390625 0.5858838875 0.5745595609375 0.5704198359375 0.58628928125 0.5704198359375 0.605097875
7 0.5286812796875 0.580349725 0.5296750546875 0.6070777265625 0.53315326875 0.629846025 0.5450785703125 0.64865461875 0.560482084375 0.651624396875 0.5704198359375 0.633805728125 0.5724073859375001 0.48729668125 0.5724073859375001 0.41503208437500005 0.5664447359375 0.3853343046875 0.555513209375 0.3922637859375 0.54264749375 0.4378646546875 0.5286812796875 0.580349725
2 0.5058244515625 0.6169769859375 0.5083088890624999 0.5754000953125 0.5033400125 0.5714403906250001 0.47903532968749996 0.583474446875 0.4894271609375 0.7407177359375 0.4963835875 0.7872442578125 0.5043337890624999 0.7931838140624999 0.5058244515625 0.6169769859375
2 0.522718628125 0.8011032218749999 0.5286812796875 0.733788253125 0.533702034375 0.6250772437500001 0.5088057765625 0.580349725 0.5068182265625001 0.5852993546875 0.5068182265625001 0.73576810625 0.5097995515625 0.783284553125 0.522718628125 0.8011032218749999
10 0.46507966874999995 0.77932485 0.4740236453125 0.783284553125 0.481476959375 0.7159695859374999 0.480483184375 0.5793597984375001 0.47505957031249996 0.5824839046875 0.4501730421875 0.5971784671875 0.45862013125 0.6605337312499999 0.46160145625000004 0.7407177359375 0.46507966874999995 0.77932485
10 0.4531543671875 0.5882691328125 0.42735044687499996 0.61319073125 0.4332788640625 0.6625135828125 0.4571294671875 0.8228815921875 0.46309211875 0.79912336875 0.45613569218750005 0.6041079500000001 0.4531543671875 0.5882691328125
8 0.40296872187500005 0.633805728125 0.40197494687499996 0.677362471875 0.40445938437500006 0.73576810625 0.4109189234375 0.7971435171875 0.41439713593749994 0.8426801125000001 0.42185045 0.8694081140625001 0.4332788640625 0.8595088546874999 0.44222284062500006 0.750616996875 0.4307944265625 0.6248963953125 0.42135356249999995 0.6090575796875 0.40846558593750004 0.609228559375 0.40296872187500005 0.633805728125
15 0.363714603125 0.5239239437500001 0.367689703125 0.605097875 0.36421149062499997 0.6357855812500001 0.367689703125 0.664493434375 0.3736523546875 0.68033225 0.38756520625 0.6724128421875 0.39949050937499997 0.663503509375 0.4079375984375 0.5971784671875 0.38458388125 0.44472986406250004 0.3726585796875 0.4348306046875 0.3672170734375 0.45767551093750003 0.363714603125 0.5239239437500001
15 0.34036088750000004 0.6318258765625 0.3378764484375 0.6575639515625 0.3423484375 0.6783523984375 0.363217715625 0.6872617328125 0.37315546718750003 0.671422915625 0.37961500625 0.63677550625 0.3716648046875 0.5882691328125 0.36421149062499997 0.465518309375 0.3458473625 0.4675809390625 0.33837333593749996 0.5813396515625 0.34036088750000004 0.6318258765625
13 0.3237933875 0.45462912343750006 0.3128618609375 0.4437399390625 0.30210054375 0.4665082359375 0.29613789218750003 0.5298634984375 0.3001129921875 0.5971784671875 0.2949739078125 0.658553878125 0.299445896875 0.6872617328125 0.30739609843750004 0.7070602515625 0.3188245125 0.702110621875 0.334724915625 0.7080501781249999 0.34515955468750004 0.696171065625 0.3491346546875 0.6595438046875 0.337209353125 0.5922288375 0.33323425156250003 0.520954165625 0.3237933875 0.45462912343750006
13 0.265657540625 0.5259037953125001 0.263669990625 0.5813396515625 0.24926025156249998 0.6625135828125 0.2557197890625 0.6882516578125 0.265657540625 0.7001307703124999 0.27758284375 0.7100300296875 0.2934832453125 0.7080501781249999 0.298452121875 0.67340276875 0.2944770203125 0.476407496875 0.27907350625 0.45462912343750006 0.2726139671875 0.46848808750000004 0.265657540625 0.5259037953125001
13 0.2358442859375 0.43681045625000003 0.23385673593749998 0.5011556453125 0.22888786093750002 0.53679298125 0.2109999078125 0.584309428125 0.21199368281250003 0.62390646875 0.21994388437499998 0.64865461875 0.23236607343750001 0.671422915625 0.24776958906250002 0.6654833609375 0.259694890625 0.6229165421875 0.2691357546875 0.5011556453125 0.2676450921875 0.4536391984375 0.2527384640625 0.42889104843750003 0.2358442859375 0.43681045625000003