11 0.4271672875 0.37127255625 0.419029253125 0.4801314546875 0.419029253125 0.4963444828125 0.423679559375 0.512557509375 0.434724034375 0.517189803125 0.44751237499999996 0.51603173125 0.45216268125000003 0.5102413625 0.4568129859375 0.4442311796875 0.4591381390625 0.319159253125 0.4544878328125 0.2902074171875 0.4318669984375 0.3146165796875 0.4271672875 0.37127255625
11 0.45739427343749994 0.4013824640625 0.4544878328125 0.4546538390625 0.4515813921875 0.5102413625 0.46320715625000003 0.5252963171875 0.48471481875 0.5310866843750001 0.4986657359375 0.5310866843750001 0.5009908890625 0.483605675 0.49924702343750005 0.43612466562499996 0.49692187031249996 0.3133688859375 0.487621259375 0.291365490625 0.4661686921875 0.30186983437500003 0.45739427343749994 0.4013824640625
3 0.5080283875 0.31577537499999997 0.5038973296875 0.4129631984375 0.49924702343750005 0.45349576718750007 0.498084446875 0.4986606296875 0.5009908890625 0.53340283125 0.529474009375 0.526454390625 0.5463313671875001 0.517189803125 0.545750078125 0.4731830140625 0.545168790625 0.4268600796875 0.5428436375000001 0.3481110875 0.5416810609375 0.2890493453125 0.5201733984375 0.295997784375 0.5080283875 0.31577537499999997
3 0.566095165625 0.30063007812500003 0.5522136203125 0.30998139999999996 0.5498190953125001 0.386327509375 0.5498190953125001 0.4210697125 0.545750078125 0.46044420625000004 0.5434249265625 0.4986606296875 0.5486565203125 0.51950595 0.55911970625 0.521822096875 0.5678390296875 0.5229801703125 0.5759770640624999 0.5009767765625 0.5777209296875 0.47781530781250003 0.5736519125 0.4349665921875 0.571326759375 0.3272657671875 0.566095165625 0.30063007812500003
1 0.5806273703125 0.359691821875 0.5777209296875 0.417595490625 0.5736519125 0.459286134375 0.5753957765625 0.4870798953125 0.58992798125 0.5241382437500001 0.6056227625 0.5102413625 0.6131795078125 0.485921821875 0.6125982203125 0.431492371875 0.6079479140624999 0.27399439062500003 0.598066015625 0.24620062968749998 0.591166390625 0.2671059859375 0.5806273703125 0.359691821875
7 0.61301688125 0.33390939375 0.6057926234375001 0.40971016406249994 0.6019396859375 0.45288781875 0.6057926234375001 0.49510596875 0.6207227546875 0.5008629890625 0.632763184375 0.519093553125 0.6515462515625 0.48455143125 0.64865655 0.43753576406250005 0.6375793546875 0.294569753125 0.6265021609375 0.252351603125 0.614988678125 0.28029689375 0.61301688125 0.33390939375
7 0.6578072749999999 0.2619466375 0.6438905015625 0.2774165890625 0.639987440625 0.3578969796875 0.639987440625 0.41066966718750003 0.6342080359375 0.44809029999999994 0.6342080359375 0.47591590000000006 0.6539543375 0.4922274578125 0.6611785953125 0.4874299421875 0.6703293218749999 0.496065471875 0.6828513671875001 0.47399689375 0.679480046875 0.43369775 0.6727374078125 0.402993640625 0.6650315328125 0.29744826406249997 0.6578072749999999 0.2619466375
5 0.7088586921875 0.28497472031250004 0.7021160531249999 0.2552301140625 0.6876675390625 0.26290614218749997 0.671347234375 0.2841372984375 0.674663875 0.3674920140625 0.6727374078125 0.404912646875 0.6708109375 0.4423332796875 0.674663875 0.46536136250000004 0.685259453125 0.48455143125 0.6958550296875 0.485510934375 0.706932225 0.47111838281249996 0.713193246875 0.47783490781250004 0.7233072078125 0.46056384531249994 0.7266785265625 0.4298597359375 0.7175278015625 0.381884565625 0.7088586921875 0.28497472031250004
5 0.711328090625 0.25917466562499997 0.715119715625 0.34830194531249997 0.7204175046875 0.39339860625 0.7242704421874999 0.4404142734375 0.73101308125 0.45672583125 0.74979615 0.46248285312500004 0.7608733453125 0.43177874374999997 0.7695424531249999 0.43081923906249997 0.7724321562500001 0.4116291703125 0.7690608359375 0.381884565625 0.7473880640624999 0.3271928703125 0.730049846875 0.26290614218749997 0.711328090625 0.25917466562499997
5 0.7343844015625 0.2744201828125 0.7420902765624999 0.311840815625 0.74979615 0.35981598593749997 0.7690608359375 0.381884565625 0.7786931796875 0.373249034375 0.786399053125 0.3387069109375 0.7902519906250001 0.32527386406250003 0.7892887562500001 0.301286278125 0.7627998140625001 0.24083756250000002 0.741608659375 0.2158904734375 0.73444955 0.239972640625 0.7343844015625 0.2744201828125
9 0.42738505 0.267764409375 0.413411775 0.2577426203125 0.39836582656249997 0.26785474531250003 0.3955259859375 0.317873353125 0.3871420203125 0.4013882625 0.38099378125 0.46374606093750004 0.3781991265625 0.47154078593750004 0.38658309062499996 0.493811428125 0.39273133125 0.51385500625 0.40335101875 0.5160820687500001 0.4184421546875 0.4849031703125 0.4234725328125 0.46374606093750004 0.4279439796875 0.4047288578125 0.432974359375 0.3067380328125 0.42738505 0.267764409375
15 0.38043485 0.25328849062500003 0.36258830937500003 0.2633978421875 0.361431196875 0.3189868859375 0.35919547343749997 0.36798229843749997 0.3524883015625 0.4158641796875 0.349134715625 0.453724271875 0.3480168546875 0.478221978125 0.3558418875 0.49492495937500003 0.3686973 0.49492495937500003 0.37764019531250004 0.47933550937499997 0.384906296875 0.44927014375 0.3871420203125 0.37800408750000003 0.38937774531249997 0.2722185375 0.38043485 0.25328849062500003
15 0.362549059375 0.3880258765625 0.3586365421875 0.308965096875 0.3586365421875 0.2655373453125 0.3547240265625 0.2432667015625 0.3435454078125 0.23992610625 0.3340781015625 0.25671248593749996 0.32901320312500004 0.32010041718750004 0.3234238921875 0.3757770234375 0.31727565156250004 0.41920477656250005 0.3133631359375 0.437021290625 0.3178345828125 0.45929193125 0.32901320312500004 0.47488138125 0.3373971671875 0.4804490421875 0.34242754531249997 0.470427253125 0.3485757859375 0.46931372031249996 0.363666921875 0.453724271875 0.3698151609375 0.438134821875 0.362549059375 0.3880258765625
13 0.33180785625000003 0.3278951421875 0.3312489265625 0.2711050046875 0.326777478125 0.22879078593750002 0.3021845171875 0.21320133593750001 0.2921513234375 0.25114135625 0.28821124375 0.31230569375 0.280386209375 0.356846978125 0.27312010781249996 0.38357174843749997 0.26864865937500004 0.40695592343750003 0.268089728125 0.438134821875 0.27312010781249996 0.453724271875 0.2887701734375 0.44927014375 0.3010666546875 0.462632528125 0.315039928125 0.453724271875 0.32621854687499996 0.4470430796875 0.3306899953125 0.3958206015625 0.33180785625000003 0.3278951421875
13 0.2887701734375 0.22767725312499998 0.2664129359375 0.22433665625 0.25190161718750004 0.2444560015625 0.24405569843750002 0.315646290625 0.2261699078125 0.344598125 0.21666808125 0.36798229843749997 0.21778594375 0.4013882625 0.23287707812499997 0.41252358281249996 0.2407021125 0.431453628125 0.25188073125 0.4359077578125 0.2658540046875 0.42588596875 0.2747969 0.38357174843749997 0.2831808640625 0.329008675 0.29044696718749996 0.259969684375 0.2887701734375 0.22767725312499998
13 0.22840563125000002 0.2065381828125 0.2200216671875 0.21320133593750001 0.20940197968750002 0.2599877234375 0.19431084375000002 0.282258365625 0.1898393953125 0.3078696046875 0.1915161875 0.32679965 0.20381266875 0.32791318281250004 0.21275556406249999 0.3557514859375 0.21946273593750001 0.35797855 0.2373485265625 0.3357079078125 0.246291421875 0.28893955937500004 0.2535575234375 0.23326295312499998 0.24573249062500002 0.2031975859375 0.22840563125000002 0.2065381828125
12 0.21303222968750002 0.6663978609375001 0.21034506249999999 0.6845998265625 0.2243183359375 0.6663978609375001 0.2393664765625 0.6353474453125 0.25333975 0.5786001359374999 0.2592515203125 0.5443376093750001 0.26946275937499997 0.5154286031249999 0.2742996609375 0.4865195953125 0.27161249375 0.467246925 0.25978895468749996 0.468317628125 0.2528023171875 0.459751996875 0.2479654140625 0.4651055171875 0.24151621093750003 0.45225706875 0.231304971875 0.44369143749999995 0.2221686015625 0.4501156609375 0.21034506249999999 0.47045903750000007 0.209807628125 0.49187311562499997 0.20927019531250002 0.5250649390625 0.19422205312500002 0.576458728125 0.185623115625 0.6128626625 0.18616055 0.6428423734375001 0.189922584375 0.6556908203125 0.2065830265625 0.6192868859375 0.2259306359375 0.5786001359374999 0.22485576875 0.60429703125 0.216794265625 0.63641815 0.21303222968750002 0.6663978609375001
12 0.29042266875 0.6867412359375 0.295259571875 0.70922601875 0.30439594375 0.6771049 0.3178317828125 0.6128626625 0.32320612031249996 0.5700345046875 0.3312676234375 0.5443376093750001 0.3377168265625 0.5154286031249999 0.335029659375 0.4993680421875 0.32858045625 0.4865195953125 0.3113825796875 0.500438746875 0.29687187187499997 0.48330748437500004 0.286660634375 0.4843781890625 0.274881790625 0.48242037812499994 0.26946275937499997 0.4982973390625 0.267313025 0.5079336750000001 0.26946275937499997 0.535771978125 0.271075059375 0.559327465625 0.2619386890625 0.59787280625 0.249577715625 0.657832228125 0.253877184375 0.681387715625 0.2726873609375 0.6471251890625 0.286660634375 0.6096505515625 0.295259571875 0.608579846875 0.29740930625 0.6278525171875 0.29042266875 0.6867412359375
14 0.37318744531250003 0.527206346875 0.3613639046875 0.5186407140625 0.349540365625 0.503650859375 0.33449222500000003 0.5100750828125 0.328043021875 0.532559865625 0.3253558546875 0.613933365625 0.3183692171875 0.6845998265625 0.31675691562499997 0.7145795374999999 0.31675691562499997 0.7370643218749999 0.33287992499999997 0.7284986890625 0.352227534375 0.652478709375 0.35706443593750004 0.5914485828125 0.3645885078125 0.5711052078125001 0.3742623125 0.5539739453125 0.37318744531250003 0.527206346875
14 0.40059655781250003 0.5411254984375 0.3898478875 0.5250649390625 0.372112578125 0.5314891625 0.3667382421875 0.5432669046874999 0.363513640625 0.5636102796875 0.3640510734375 0.5914485828125 0.35706443593750004 0.713508834375 0.3619013390625 0.74670065625 0.3683505421875 0.7434885453125 0.3925350546875 0.6471251890625 0.4032837265625 0.5989435109375 0.413494965625 0.5657516890625 0.406508328125 0.5464790171875 0.40059655781250003 0.5411254984375
8 0.408767875 0.55585418125 0.40253685624999996 0.56516450625 0.4040946109375 0.5941299625 0.3957865875 0.7141297125 0.392671078125 0.7886123140625 0.40253685624999996 0.7999916015624999 0.4222684140625 0.74412965 0.437845959375 0.633440225 0.44615398281249996 0.58378515625 0.44563473125 0.56516450625 0.42387443593749996 0.5343119875 0.408767875 0.55585418125
10 0.43628820468749996 0.5703369078125 0.4388844609375 0.5972334046875 0.4419999703125 0.6365436671875 0.44563473125 0.6841297749999999 0.46173152812499996 0.8206812125 0.47211655781250006 0.63447470625 0.47730907343749995 0.5858541171875 0.47730907343749995 0.5661989859375 0.4710780546875 0.5537852187500001 0.4534766828125 0.552944240625 0.43628820468749996 0.5703369078125
10 0.481877371875 0.560375621875 0.4709151078125 0.570343984375 0.4701156 0.592122784375 0.47390972031249995 0.61782286875 0.47542736718749995 0.648814146875 0.48339502031250003 0.7667321828125 0.49325973125000006 0.7931881515625 0.49401855625 0.769755721875 0.49629502812500004 0.6473023765625 0.50312444375 0.5717138937499999 0.4981920875 0.562643275 0.49288031875 0.5596197359375 0.481877371875 0.560375621875
2 0.5050215031249999 0.558107965625 0.5016525781250001 0.561267715625 0.49667443906250003 0.5679344687500001 0.49629502812500004 0.57851685625 0.4985715 0.6155552140625 0.5019862078124999 0.6730024625000001 0.5088156234375 0.781849878125 0.51602445 0.8030146546875001 0.523612690625 0.643522953125 0.526268575 0.5649109296875 0.5213362187499999 0.558107965625 0.5107126828124999 0.558107965625 0.5050215031249999 0.558107965625
2 0.5224744546875 0.6027051718750001 0.5258891625000001 0.6473023765625 0.5395479937500001 0.754638025 0.553206825 0.8120852718749999 0.556242121875 0.6216022921875 0.5551038859374999 0.58229628125 0.54865388125 0.5694462390624999 0.532339165625 0.5633991593750001 0.5213362187499999 0.572469778125 0.5224744546875 0.6027051718750001
0 0.5964988265625 0.8113760156250001 0.61167530625 0.77131411875 0.5949811781250001 0.620893034375 0.589669409375 0.5762958296875 0.56692226875 0.5544605125000001 0.5517282109375 0.587634103125 0.560075275 0.654907853125 0.58359881875 0.7599758453125001 0.5964988265625 0.8113760156250001
6 0.590428234375 0.5460604359375 0.580563521875 0.5846105640625 0.5854958781249999 0.614090071875 0.6033282421874999 0.64356958125 0.6264723734375 0.7372993015625 0.6378547328125 0.7690464640625 0.6443047359375 0.7441022640625 0.624954725 0.6110665328125 0.622298840625 0.5717605203125 0.61622825 0.5453045515625 0.6052253015625 0.5407692421875 0.594601765625 0.5362339328125 0.590428234375 0.5460604359375
6 0.6564459203124999 0.5415251265625 0.6515135640625 0.52640743125 0.645822384375 0.5241397765625 0.641269440625 0.528675084375 0.634440025 0.5241397765625 0.6298870812499999 0.5203603515624999 0.6279900203125 0.5301868546875 0.615469425 0.5513516296875001 0.6143311890625001 0.5664693265625 0.62040178125 0.5815870234375 0.6336812015625 0.6148459578125001 0.64885768125 0.6821197078125001 0.6651723953124999 0.747125803125 0.6746576953125001 0.7425904953125 0.673519459375 0.7168904109375 0.6632753359375 0.6518843140625 0.65796356875 0.598216490625 0.65758415625 0.5634457875 0.6564459203124999 0.5415251265625
4 0.6951459437499999 0.6224048062499999 0.7023547703124999 0.6276959984375 0.7129783062499999 0.6624667015625 0.7209459578125 0.685143246875 0.724740078125 0.681363821875 0.7266371375 0.6670020109375 0.720566546875 0.6322313078125 0.7125988953125 0.5929252968750001 0.7125988953125 0.5808311390625 0.7167724265625 0.543036896875 0.7141165421875 0.5180926968749999 0.70804595 0.5097779640625 0.7008371234374999 0.505998540625 0.6940077062500001 0.5052426546875 0.6811077 0.5241397765625 0.6701047515624999 0.5143132734375 0.6613782765625 0.5135573890625 0.6560665078125 0.5211162359375 0.6534106234375 0.539257471875 0.6564459203124999 0.5619340171875 0.6613782765625 0.5725164046875 0.669345928125 0.6012400296875 0.6712429875 0.6481048890625 0.67617534375 0.6866550171875 0.6830047593749999 0.7078197921875 0.68566064375 0.7123551015625 0.689834175 0.6881667859375 0.6860400546875 0.6367666171875 0.6886959390625 0.623916575 0.6951459437499999 0.6224048062499999
4 0.7327077296875 0.49012495781250004 0.7236018421875 0.49314849687500006 0.7149174984375 0.512860940625 0.7137371296875 0.532454509375 0.724740078125 0.5649575578125 0.738778321875 0.6518843140625 0.7604048046874999 0.691190325 0.752057740625 0.608798878125 0.7793754046875 0.6798520531250001 0.76875186875 0.5717605203125 0.7702695171875 0.5196044671875 0.7611636296875 0.4780308 0.753195978125 0.4780308 0.74143420625 0.4999514609375 0.7327077296875 0.49012495781250004
4 0.8097283640624999 0.4462836375 0.8021401234375001 0.45157483125000003 0.7926548234374999 0.45157483125000003 0.78734305625 0.462913103125 0.7755812843750001 0.450818946875 0.7733566390625 0.45764696718750003 0.7657165734375 0.4848337640625 0.766475396875 0.5097779640625 0.7789959921875 0.5536192843750001 0.78734305625 0.6269401140624999 0.8051754203125 0.64508135 0.799484240625 0.5823429078125 0.8051754203125 0.5868782171875 0.8169371921874999 0.6276959984375 0.8233871953125 0.6216489203125 0.8188342515624999 0.5362339328125 0.822248959375 0.4810543390625 0.8097283640624999 0.4462836375