11 0.455755471875 0.36508575468750004 0.44951276093750003 0.38651238593750004 0.4401041453125 0.4372724484375 0.43697388125 0.47915855625 0.4351851578125 0.5041119796875 0.4293718078125 0.5486716687500001 0.428477446875 0.56293076875 0.4351851578125 0.5727339 0.45441392968749994 0.58431941875 0.46022727812499997 0.57006031875 0.4629103625 0.52282705 0.4673821703125 0.39271276093749996 0.46469908593750003 0.36775933437499997 0.455755471875 0.36508575468750004
11 0.4995791828125 0.52906540625 0.49689609843750004 0.47381139218749996 0.4960017375 0.39271276093749996 0.4910827484375 0.3552826234375 0.47858199375000005 0.3579882015625 0.46917089375 0.3936039546875 0.46648780937499995 0.4292517046875 0.46514626718749996 0.4827233296875 0.4629103625 0.51480630625 0.46022727812499997 0.5602571875 0.45978009843749995 0.57718986875 0.46469908593750003 0.5852106125 0.48035041093749997 0.583428225 0.492424290625 0.583428225 0.49868482187499996 0.5780810625 0.5018150859375 0.5549100250000001 0.4995791828125 0.52906540625
3 0.5349064593749999 0.3873655984375 0.530434653125 0.363303365625 0.5223854 0.3579562046875 0.5139122921875 0.37403305625 0.5080756156249999 0.4372724484375 0.503603809375 0.5121327250000001 0.5009207250000001 0.540650925 0.4991320015625 0.5673867375 0.49823764062500003 0.576298675 0.509417159375 0.58431941875 0.5264100265625 0.583428225 0.538036725 0.5861018062500001 0.54340289375 0.5647131562500001 0.54340289375 0.5495628625 0.5411669906250001 0.5023295921875001 0.5349064593749999 0.3873655984375
3 0.5576457421875001 0.3735539578125 0.5471312359375 0.37492990000000004 0.54201399375 0.4317960828125 0.5423538140625 0.477847996875 0.5409945328125 0.508323528125 0.5423538140625 0.5631794828125 0.5423538140625 0.5841737359375 0.5522086125000001 0.5889143734375 0.56614125625 0.5862054390625 0.570558925 0.5814648015625 0.5732774890625 0.5672428859374999 0.570558925 0.508323528125 0.5634226921875001 0.43315055156250004 0.5576457421875001 0.3735539578125
13 0.2776163984375 0.3593222390625 0.2782960390625 0.33020117656250003 0.26742177968749997 0.3071752203125 0.2429657984375 0.323449315625 0.2239247421875 0.36067670625 0.2072735328125 0.38302542968750003 0.19945765937499998 0.41417819375000003 0.2089726359375 0.43110904375 0.215429228125 0.4487171296875 0.2205265375 0.45074883125 0.2266433078125 0.4751292546875 0.23717774687499998 0.473097553125 0.2439741578125 0.46767968125000003 0.25382895625 0.44803989531250005 0.2677616 0.3952156421875 0.2776163984375 0.3593222390625
13 0.2942676078125 0.49476904218750006 0.29528706875 0.45345776718749997 0.29970473750000004 0.410792025 0.3031029421875 0.367449046875 0.30106401875 0.33900521875 0.2922286828125 0.330878409375 0.2759312140625 0.33293258125 0.26640231875 0.390475003125 0.25688734062499996 0.42501393906249996 0.24601308125000002 0.45548946875 0.242954696875 0.46971138281249997 0.24805200468750002 0.4832560640625 0.2514502109375 0.50425031875 0.2592660859375 0.50425031875 0.26538285625 0.5225356359375 0.2738783703125 0.527953509375 0.2833933484375 0.5238901046875 0.29052958125 0.5157632953125 0.2942676078125 0.49476904218750006
13 0.32926912812500003 0.5347258484374999 0.3343664375 0.5313396781249999 0.33980356718750004 0.5286307421875 0.3442212359375 0.5177949984375 0.3459203375 0.5001869140624999 0.34150267031250003 0.471743084375 0.3391239265625 0.4243367046875 0.3367451828125 0.3816709625 0.3316478734375 0.36270840937500004 0.3190745109375 0.3545816 0.304818434375 0.3627371296875 0.3024233015625 0.3931839390625 0.29868527500000003 0.43449521406249997 0.29494724843750003 0.468356915625 0.2922286828125 0.49206010625 0.2915490421875 0.51373159375 0.2939277859375 0.53337138125 0.2980056328125 0.54285265625 0.30344276406250004 0.54285265625 0.3126179203125 0.5320169124999999 0.3170355875 0.538789253125 0.32349217812500003 0.543529890625 0.32926912812500003 0.5347258484374999
15 0.3595131625 0.3539043671875 0.34931854375000004 0.35796777031250004 0.3459402421875 0.3688335140625 0.342861953125 0.405374153125 0.339463746875 0.45074883125 0.3367451828125 0.49747797812499994 0.335046078125 0.53066244375 0.3465999796875 0.5591062734375 0.354415853125 0.5604607406250001 0.36664939531249996 0.544207125 0.3748050890625 0.537434784375 0.383640425 0.5150860625 0.3788829359375 0.46429351093750004 0.3673290359375 0.36609457968750003 0.3595131625 0.3539043671875
15 0.4172826640625 0.49815521250000006 0.4104862515625 0.4581984046875 0.406068584375 0.3958928765625 0.39723324843749996 0.36609457968750003 0.384683103125 0.37154301875 0.3775236546875 0.41959606718750003 0.373785628125 0.46090734062500005 0.36868831874999997 0.5008641468749999 0.3673290359375 0.527953509375 0.3680086765625 0.5421754234375 0.372766165625 0.5577518046875001 0.37820329531249997 0.56723308125 0.385339528125 0.56723308125 0.3931554015625 0.557074571875 0.397912890625 0.5421754234375 0.41116589374999996 0.5414981890624999 0.4172826640625 0.49815521250000006
9 0.43189495000000006 0.3884433015625 0.42645782031249996 0.34848649531250003 0.4108515265625 0.3397063421875 0.400971275 0.40469691875 0.39621378749999997 0.4649707453125 0.3948545046875 0.50628201875 0.3948545046875 0.5340486140625 0.3975730703125 0.5543656343750001 0.40368984062499996 0.578068825 0.4138844578125 0.578746059375 0.4213605109375 0.5692647828124999 0.4288365640625 0.5536884 0.4363126171875 0.5150860625 0.4366524390625 0.4493943625 0.43189495000000006 0.3884433015625
1 0.607945640625 0.516446640625 0.6076058203125 0.48190770625 0.6042076140625 0.40267132656250004 0.6014890484375 0.3715185609375 0.5950324578124999 0.3498470734375 0.585874096875 0.36341450625 0.5800803515624999 0.3972534546875 0.5722644765625 0.44533706874999995 0.5664875265625 0.4961296203125 0.564448603125 0.5184783421875 0.5698857328125 0.54489046875 0.5732839390625 0.575366 0.5814396328125 0.5970374890625 0.587216584375 0.5970374890625 0.5946926375 0.590265146875 0.597751021875 0.580783871875 0.6025085109375 0.5604668515625 0.607945640625 0.516446640625
7 0.6290145171875 0.49883855625000006 0.629694159375 0.41486153750000004 0.626295953125 0.3762591984375 0.6215384640625 0.363391753125 0.611022971875 0.3742525234375 0.6059067171875 0.41486153750000004 0.5957120984375 0.46836302500000004 0.5865369421875 0.5218645125 0.5895953281249999 0.553017278125 0.5974112015624999 0.5645302546875001 0.6028483312499999 0.5658847234375 0.6099845640625 0.5828155734375 0.6181402578124999 0.59094238125 0.622897746875 0.5841700421875 0.6283348765625 0.569948128125 0.6313932609374999 0.5421815328124999 0.6290145171875 0.49883855625000006
7 0.6606178328125 0.5191555765625 0.6541612421874999 0.46023621718749996 0.6483842921875 0.3742274984375 0.6422675203125 0.3674551578125 0.6361718453125 0.3722203953125 0.63275254375 0.409443665625 0.6283348765625 0.447368771875 0.6225579265625 0.48326217343750005 0.617120796875 0.5144149390625 0.6178004375 0.5387953640625 0.62119864375 0.5591123828125 0.6290145171875 0.5591123828125 0.6432869828125 0.5821383390625 0.6504232156249999 0.5780749359375 0.6602780125 0.562498553125 0.661297475 0.553017278125 0.6606178328125 0.5191555765625
5 0.697658278125 0.562498553125 0.70615379375 0.5469221703125 0.704454690625 0.499515790625 0.70377505 0.46768579062500004 0.7064936140625 0.41824770781250004 0.7054741531250001 0.3735502640625 0.6949397140625 0.362037284375 0.671176359375 0.3783167796875 0.67047263125 0.4087664328125 0.6697929890625 0.4433053671875 0.6660549625 0.4724264296875 0.661297475 0.4974840875 0.6575594484375 0.5144149390625 0.6558603453125 0.5367636609375 0.6572196265625 0.553017278125 0.667754065625 0.5597896171875 0.6725115546875 0.5658847234375 0.6827061718749999 0.556403446875 0.6912016875 0.569948128125 0.697658278125 0.562498553125
5 0.731980159375 0.3837087734375 0.7248439265625 0.36542345468750004 0.7105989203124999 0.3783167796875 0.706833434375 0.409443665625 0.7041148703125 0.450754940625 0.7030954078125 0.5008702578124999 0.7047945109375 0.5354091921874999 0.7149891296875001 0.5645302546875001 0.7258633890625 0.5631757875 0.7313005171875 0.5543717453125 0.7397960328125001 0.55708068125 0.74863136875 0.52660515 0.747951728125 0.5069653640625 0.7374172890625 0.451432175 0.731980159375 0.3837087734375
5 0.7805745046875 0.434501325 0.7666418609375001 0.4067347296875 0.7510101125 0.3708413265625 0.740135853125 0.35526494531249997 0.7340485453125 0.372897771875 0.7336792625 0.4033485609375 0.7340190828125001 0.434501325 0.7363978265625 0.46362238749999996 0.738776571875 0.4771670671875 0.7465924453125 0.5110287687499999 0.756107421875 0.5218645125 0.7649427578125 0.5238962140625001 0.769360425 0.510351534375 0.776836478125 0.5089970671875 0.782613428125 0.485971109375 0.7887302 0.4778443015625 0.7805745046875 0.434501325
4 0.69358043125 0.8158164734375 0.6884831218749999 0.7914360484375 0.6796477875 0.7575743484374999 0.6772690421875 0.7298077546874999 0.6782885046875 0.7088134984375001 0.6799876078125 0.700686690625 0.6905220453124999 0.7142313703125 0.7017361265625001 0.7372573265625 0.7109112828125 0.7677328578125 0.7200864375 0.775859665625 0.723824465625 0.7731507296875 0.7156687703125 0.7426752 0.7064936140625 0.7088134984375001 0.7007166640625 0.6790152015625 0.6983379203125 0.6458307359375 0.697658278125 0.6146779718750001 0.6932406109375 0.5889430796874999 0.683725634375 0.5747211640625001 0.6708124515625 0.5855569078125 0.66843370625 0.59571541875 0.658578909375 0.5909747796875 0.649743575 0.590297546875 0.6449860859375 0.590297546875 0.6426073421875 0.6045194609375 0.6429688390625 0.60320565 0.6422675203125 0.613323503125 0.64532590625 0.63228605625 0.648044471875 0.6431218000000001 0.6534816 0.65666648125 0.6572196265625 0.6769835 0.65925855 0.701363925 0.661977115625 0.7325166890625 0.664355859375 0.7541881781249999 0.6691133484375 0.7812775375000001 0.6782885046875 0.8022717937499999 0.68780348125 0.81920264375 0.69358043125 0.8158164734375
4 0.731980159375 0.688496478125 0.744553521875 0.7115224359375001 0.75338885625 0.7325166890625 0.7588259875000001 0.7372573265625 0.76018526875 0.720326478125 0.7499906515625 0.67088839375 0.7452331625 0.6471852046875 0.73843675 0.5638854203125 0.7346987234375 0.5632081859375 0.7258633890625 0.572012228125 0.7115909234375 0.5753983984375 0.6979981000000001 0.5808162703125 0.6942600718749999 0.6106145671875 0.6996972031250001 0.6404128625000001 0.70377505 0.6769835 0.7105714609375 0.7081362640625 0.7279023125 0.74877030625 0.738776571875 0.772473496875 0.7442137 0.7623149859375 0.731980159375 0.6932371171875 0.731980159375 0.688496478125
4 0.810138896875 0.6383811625 0.8131972828125 0.6200958437499999 0.8002841 0.595038184375 0.7890700203125001 0.5821707375 0.775137375 0.5510179734375 0.758486165625 0.5469545703125 0.754779375 0.557144075 0.7499906515625 0.5726894625 0.7391163921875 0.5889430796874999 0.7350385453125 0.6146779718750001 0.7380969296875 0.6404128625000001 0.74965083125 0.65869818125 0.767661321875 0.6688566921875 0.7877107375 0.6810469046875001 0.7999442796875 0.69052818125 0.79790535625 0.66614775625 0.791788584375 0.6444762671875 0.8006239203125001 0.636349459375 0.810138896875 0.6383811625
10 0.46486765781250006 0.5950370484375 0.4584110671875 0.5930053453124999 0.44721543906249994 0.5943997609375 0.444478421875 0.6261898125 0.44413860156249996 0.6465068328125 0.443119140625 0.6769823625 0.4393811140625 0.772472359375 0.44040057499999996 0.7948210812500001 0.45093501406250003 0.7643455515625 0.4584110671875 0.7155847015625 0.46248891406250003 0.6749506609375 0.469625146875 0.6356710890625 0.47200389062500003 0.6065500265625 0.4716640703125 0.5991004515625 0.46486765781250006 0.5950370484375
10 0.486955996875 0.5984232171875 0.4791401234375 0.59706875 0.470665065625 0.6038830265625 0.47064460781250006 0.6241581109375 0.47064460781250006 0.6593742796875001 0.47030478750000004 0.6959449156249999 0.47030478750000004 0.7372561906249999 0.4709844296875 0.7792447 0.478800303125 0.7629910828125 0.48729581875 0.703394490625 0.4906940234375 0.6614059812499999 0.49443205 0.6295759828125 0.4957913328125 0.6058727921875 0.4957913328125 0.5991004515625 0.486955996875 0.5984232171875
2 0.49479439062499997 0.602528275 0.494771871875 0.638380025 0.498509896875 0.692558746875 0.5002090015625 0.7474147015625 0.5002090015625 0.7711178921874999 0.5059859515625 0.77314959375 0.5151611078125 0.7169391703125 0.518899134375 0.6526019390625 0.5205982359375 0.626867046875 0.5205982359375 0.6011321546875 0.5127823625000001 0.5984232171875 0.50360720625 0.5984232171875 0.49479439062499997 0.602528275
2 0.5464246015625001 0.60316385625 0.5409874734375 0.6011321546875 0.5341910609375 0.6011321546875 0.5284141109375 0.602486621875 0.52297698125 0.602486621875 0.518899134375 0.6092589625 0.519578775 0.6329621515625 0.5209380578125 0.649893003125 0.5243362640625 0.6675010875 0.5267150078125 0.7067806609375 0.5297733921875001 0.7596049125000001 0.5341910609375 0.778567465625 0.5382689078125 0.788725975 0.5437060375 0.7819536359375 0.5447255 0.697299384375 0.5474440640625 0.62009470625 0.5464246015625001 0.60316385625
8 0.43836165156250007 0.712891965625 0.44209967812500006 0.662099415625 0.44481824375 0.6350100546874999 0.44583770468750006 0.6045345234374999 0.44379878125000005 0.5936987796875 0.43802183125000005 0.579476865625 0.43054577812500006 0.579476865625 0.42002746718750006 0.5869486234375 0.41355474843750006 0.602502821875 0.41287510625 0.6234970765625001 0.41151582343750004 0.6661628187499999 0.4104963625 0.7034106890625 0.40947690000000003 0.7399813265625 0.4084574390625 0.8043185578125 0.40981672187499996 0.8198949390625 0.40981672187499996 0.8266672796875 0.4142343890625 0.83005345 0.42680775156250006 0.8056730249999999 0.4349634453125 0.771134090625 0.43836165156250007 0.712891965625
14 0.40403977187500006 0.6918977109375 0.4091370796875 0.660744946875 0.4159334921875 0.6350100546874999 0.41933169843749996 0.6187564375 0.41865205625 0.60047111875 0.4162733125 0.5923443109375001 0.41151582343750004 0.59098984375 0.408797259375 0.5950532468749999 0.403020309375 0.5828630343750001 0.396917690625 0.58356174375 0.387048740625 0.5896353750000001 0.3809319703125 0.5984394187500001 0.3792328671875 0.6275604796875001 0.37991250781249997 0.6715806921875 0.3775337640625 0.72440494375 0.3748152 0.7677479203125 0.3748152 0.788064940625 0.3748152 0.80228685625 0.38399035625 0.7968689828125 0.391466409375 0.7751974953125 0.399622103125 0.7338862203125001 0.40403977187500006 0.6918977109375
14 0.38399035625 0.6275604796875001 0.389087665625 0.6011483531249999 0.3877283828125 0.5882809078125 0.3792328671875 0.5815085671875 0.3700577109375 0.572027290625 0.36360112031249997 0.5706728234375 0.3561250671875 0.576767928125 0.34728973125 0.5848947375 0.3486590390625 0.5950771359375 0.3459304484375 0.6234970765625001 0.34559062812499997 0.6505864359375 0.3408331390625 0.6871570734375 0.336415471875 0.7386268578124999 0.33369690625000004 0.778583665625 0.3313181625 0.8090591953124999 0.3408331390625 0.8043185578125 0.35408614374999997 0.7630072828125 0.3622418375 0.720341540625 0.3707373515625 0.6736123921875 0.3775337640625 0.6451685640625 0.38399035625 0.6275604796875001
12 0.24736908125 0.5469598265625 0.24397087499999998 0.5368013171875 0.2378541046875 0.530028978125 0.2276594859375 0.5320606796875 0.2086295328125 0.5395102546875 0.194017246875 0.538155784375 0.1811040640625 0.5374785515625 0.17431616875 0.5510476890625 0.170569625 0.5774353578125 0.17260855 0.6085881234375 0.1770262171875 0.6289051437500001 0.19571635 0.6302596109375 0.23241697499999997 0.644481525 0.24363105468750001 0.6404181203125 0.24566997812500002 0.6248417390625 0.24600979843749998 0.5963979109374999 0.24566997812500002 0.5821759953125001 0.244310696875 0.5693085499999999 0.24736908125 0.5469598265625
12 0.2585831609375 0.7318447124999999 0.2786325765625 0.6905334390625 0.29120593906250003 0.632968546875 0.3003810953125 0.5977523796875001 0.304119121875 0.5774353578125 0.30140055625 0.55847280625 0.2878077328125 0.5428964234375 0.2711565234375 0.545605359375 0.2568840578125 0.5415419546875 0.249762790625 0.5578214499999999 0.24668944062499998 0.5774353578125 0.24295141406249998 0.6126515265625 0.23411607812500002 0.655994503125 0.228339128125 0.6932423734375 0.22290199843749997 0.7122049265625 0.2263002046875 0.7237179046875 0.23989302812500002 0.710850459375 0.2568840578125 0.67021641875 0.24668944062499998 0.71626833125 0.24193195156249997 0.73455365 0.2470292609375 0.7392942875 0.2585831609375 0.7318447124999999
12 0.30921643125 0.6993374796875 0.3051385828125 0.7298130109375001 0.29562360625 0.7562251375 0.28644845 0.7772193921875 0.2827104234375 0.786023434375 0.2929050421875 0.7894096046875 0.3037793015625 0.786023434375 0.31601284218750003 0.7657064140625 0.328246384375 0.73455365 0.33334369375 0.7006919484374999 0.3367418984375 0.6688619499999999 0.3445577734375 0.63838641875 0.3530532875 0.611297059375 0.3554320328125 0.5923345062500001 0.3554320328125 0.5740491890625 0.340479925 0.58014429375 0.328246384375 0.569985784375 0.3177119453125 0.5672768484375 0.3095763296875 0.5679820921875 0.3017403765625 0.5787898265625 0.2980023515625 0.593011740625 0.29562360625 0.6140059953125 0.29120593906250003 0.6471904625 0.28644845 0.6715708859375 0.276593653125 0.70272365 0.2643601109375 0.727104075 0.255524775 0.7494527984375 0.269797240625 0.7467438609375 0.28882719375 0.7189772671875 0.3078571484375 0.6837610984375 0.30921643125 0.6993374796875
0 0.582554884375 0.6776945546875 0.58085578125 0.6370605140625 0.5747390109375 0.6072622171875001 0.5634440203125 0.5950771359375 0.55323251875 0.6045099406250001 0.5481352109375 0.6126367484374999 0.545756465625 0.6322765343750001 0.5454166453125 0.668847171875 0.5481352109375 0.7128673828125 0.552552878125 0.774495678125 0.5552714421875 0.821224825 0.5610483921875 0.8415418453125 0.568622240625 0.8409079515625001 0.576777934375 0.80366008125 0.5832345265625001 0.7406773171875 0.582554884375 0.6776945546875
6 0.6127090546875 0.65260861875 0.6127090546875 0.626196490625 0.607611746875 0.609942875 0.591991390625 0.6018508984375 0.579066815625 0.615360746875 0.5719305828125 0.62551925625 0.57023148125 0.639741171875 0.5749889687499999 0.655317553125 0.5821252015625 0.6885020203125001 0.5896012546875 0.744035209375 0.5946985640625 0.7833147828125 0.6045533609375 0.8212398859375 0.6103303109375 0.8354618015625 0.6130488765625 0.8076952078125 0.61067013125 0.673602871875 0.6127090546875 0.65260861875
6 0.6511087828125001 0.713559678125 0.646691115625 0.6559947875 0.646011475 0.6309371296874999 0.6429530890625 0.6119745765625 0.6354770359375 0.6018160671875 0.6266417 0.598429896875 0.6212045703125 0.598429896875 0.616460565625 0.6079472828125 0.61067013125 0.6052022375 0.60489318125 0.6133290453125 0.6021746171875 0.6275509593749999 0.6028542578125 0.643804575 0.6096506703125 0.6600581921875001 0.621544390625 0.7034011687499999 0.6334381125 0.76435223125 0.6429530890625 0.8070179734374999 0.651788425 0.828012228125 0.6572255546875 0.828012228125 0.658245015625 0.7948277609375001 0.6511087828125001 0.713559678125