13 0.3353055171875 0.38516294218749997 0.320772896875 0.3527368875 0.3103094125 0.38400486875 0.3120533265625 0.453489271875 0.3103094125 0.48823147499999997 0.30798419374999997 0.529922115625 0.3103094125 0.560032025 0.31844767812499997 0.5704546859375 0.32832985937500003 0.560032025 0.342862478125 0.562348171875 0.3556511828125 0.5461351453125001 0.3643707546875 0.5276059703125 0.3533259640625 0.48938954843750004 0.3440250875 0.42916973125 0.3353055171875 0.38516294218749997
13 0.27659373593750003 0.45927963906249997 0.267292859375 0.5403447781249999 0.277175040625 0.5635062453125 0.28938244062499996 0.566980465625 0.3021711453125 0.566980465625 0.3097281078125 0.5588739515625 0.311472021875 0.5449770703125 0.306240278125 0.417588996875 0.2975207078125 0.38400486875 0.2922889640625 0.3712660609375 0.2818697515625 0.39225584375 0.27659373593750003 0.45927963906249997
13 0.2411341453125 0.453489271875 0.23008935468749997 0.48359918124999995 0.2277641359375 0.5183413828125001 0.2341584890625 0.531080190625 0.2399715359375 0.55539973125 0.260317203125 0.548451290625 0.270199384375 0.531080190625 0.2789189546875 0.400217896875 0.2731059078125 0.3596853265625 0.2556667640625 0.35157881406249997 0.24466113437499998 0.365603559375 0.2411341453125 0.453489271875
15 0.3963425171875 0.5322382640625001 0.394017296875 0.5519255109375 0.40273686875000003 0.56466431875 0.4155255734375 0.5681385390625 0.430639496875 0.5692966125 0.43238341093750005 0.5461351453125001 0.43180210625 0.5148671625000001 0.42715166875 0.48244110781250005 0.42424514531249996 0.3399980796875 0.4207573171875 0.3156785375 0.41268129687500005 0.3285221203125 0.3963425171875 0.5322382640625001
11 0.440521678125 0.48012496093749996 0.43587124062499993 0.5449770703125 0.440521678125 0.560032025 0.44517211718749994 0.571612759375 0.45621690625 0.5739289046875 0.4631925640625 0.5692966125 0.46726169687499997 0.5611900984375 0.46261125937500003 0.47317652031249996 0.4538916875 0.3469465203125 0.44924125000000004 0.3307334921875 0.44291329843750005 0.3459040453125 0.440521678125 0.48012496093749996
11 0.464936478125 0.5403447781249999 0.46842430625000003 0.5692966125 0.48121301250000004 0.5727708328125 0.49574563125 0.5681385390625 0.5021399828125 0.5588739515625 0.5027212875 0.531080190625 0.4852821453125 0.3527368875 0.47656257343749997 0.32957541875 0.469656990625 0.3528568140625 0.46726169687499997 0.4928637671875 0.464936478125 0.5403447781249999
3 0.5230669546875 0.5692966125 0.535855659375 0.566980465625 0.5399247921875 0.55539973125 0.5393434874999999 0.5183413828125001 0.531786525 0.35157881406249997 0.5271360875 0.3330496390625 0.5207417359375001 0.3423142265625 0.5021399828125 0.5461351453125001 0.506209115625 0.5658223921875 0.5230669546875 0.5692966125
3 0.552713496875 0.566980465625 0.5672461156249999 0.56466431875 0.5707339453125 0.5507674375 0.569571334375 0.51023486875 0.564920896875 0.3643176203125 0.5620143734374999 0.3469465203125 0.5538761062499999 0.350420740625 0.5387621828125 0.5276059703125 0.5387621828125 0.560032025 0.552713496875 0.566980465625
1 0.5742217734375 0.5588739515625 0.5887543921875 0.5681385390625 0.601543096875 0.55539973125 0.605030925 0.5357124828125001 0.596892659375 0.3701079875 0.592823525 0.3179946859375 0.5859339203125 0.32156935 0.5765469921874999 0.4395923921875 0.5689900296875 0.5461351453125001 0.5742217734375 0.5588739515625
7 0.6108439734375 0.5542416578125 0.6189822390625 0.5611900984375 0.628283115625 0.560032025 0.633514859375 0.5461351453125001 0.6265392015625 0.49170569375 0.6253765921875 0.331891565625 0.613750496875 0.3330496390625 0.594567440625 0.5264478968749999 0.6021244015625 0.543818996875 0.6108439734375 0.5542416578125
7 0.618400934375 0.5449770703125 0.6323522484375 0.5704546859375 0.6445596484375 0.5785611984375 0.6579296578125 0.566980465625 0.6614174875 0.557715878125 0.6579296578125 0.5183413828125001 0.6579296578125 0.3805306484375 0.655023134375 0.345788446875 0.6451409546875 0.3538949609375 0.6300270296875 0.49633798906250004 0.618400934375 0.5449770703125
5 0.6980396875 0.529922115625 0.6922266390625 0.4905476203125 0.6882576171875 0.3899382546875 0.672462278125 0.3805306484375 0.6678118390625001 0.4245374375 0.6544418296875001 0.5090767953124999 0.6451409546875 0.53687055625 0.648047478125 0.5635062453125 0.652697915625 0.58319349375 0.6654866203124999 0.5970903734374999 0.68060054375 0.58319349375 0.6881575062499999 0.5878257859375 0.6974583828124999 0.5797192718749999 0.6980396875 0.529922115625
10 0.470749525 0.58319349375 0.4556356015625 0.5785611984375 0.4452388359375 0.5880921953125 0.44517211718749994 0.6353067953125 0.4486599453125 0.7580625750000001 0.45505429687500004 0.783540190625 0.4631925640625 0.760378721875 0.470749525 0.58319349375
10 0.4905868390625 0.5869334 0.47191213593750003 0.5797192718749999 0.469586915625 0.5924580796875001 0.470749525 0.652677896875 0.4742373546875 0.7557464281249999 0.48586345 0.7256365203125 0.4905868390625 0.5869334
2 0.49632693593750005 0.7325849609375 0.5056278109375001 0.7487979890625 0.5096969453125 0.693210465625 0.513766078125 0.5924580796875001 0.5103539171875 0.5846158109374999 0.4876073640625 0.5843515671875 0.49283910625000005 0.624884134375 0.49400171562499995 0.6688909234375 0.49632693593750005 0.7325849609375
2 0.5277173921875 0.74532376875 0.5329491359375 0.6804716578125001 0.5376789953125 0.583457015625 0.518997821875 0.5785611984375 0.51027825 0.5843515671875 0.5131847734375 0.629516428125 0.5195791265625 0.747639915625 0.5277173921875 0.74532376875
0 0.5673296125 0.57418665625 0.5486443640625 0.5704546859375 0.53701826875 0.5739289046875 0.53701826875 0.6075130343749999 0.5410874015625 0.6607844109375 0.548063059375 0.72679459375 0.557945240625 0.7673271625 0.5713152499999999 0.8055435843750001 0.57829090625 0.796278996875 0.57829090625 0.7615367953125001 0.574803078125 0.715213859375 0.5684087250000001 0.65499404375 0.5673296125 0.57418665625
6 0.5998871515624999 0.604315325 0.5875917828125 0.5739289046875 0.5765469921874999 0.5704546859375 0.5672461156249999 0.5774031265625 0.564920896875 0.5924580796875001 0.569571334375 0.6190937671875 0.574803078125 0.65499404375 0.58584786875 0.7314268875 0.596892659375 0.7626948687499999 0.609100059375 0.7777498234375 0.6067748390625 0.7395334015625 0.5992178781249999 0.6943685390625001 0.5998871515624999 0.604315325
14 0.37309032656249996 0.5658223921875 0.35972031718749997 0.5658223921875 0.34693161250000004 0.5889838593750001 0.352744659375 0.624884134375 0.3353055171875 0.8032274375 0.3387933453125 0.824072759375 0.35739509687500004 0.7951209234375 0.374834240625 0.6758393640625 0.3812285921875 0.6272002828125001 0.39052946875 0.5808773453125 0.38477483281249997 0.5707102703125 0.37309032656249996 0.5658223921875
14 0.3835538125 0.5820354187500001 0.38587903125 0.638781015625 0.3864603359375 0.715213859375 0.3852977265625 0.7511141343750001 0.38587903125 0.7789078968750001 0.40041165 0.74532376875 0.406806003125 0.6978427593750001 0.41145644062500003 0.6445713828125 0.41849514218749995 0.577663040625 0.4009929546875 0.566980465625 0.3835538125 0.5820354187500001
8 0.413781659375 0.634148721875 0.40622469843750003 0.7881724828125 0.41261905 0.814808171875 0.4230825359375 0.8020693640625 0.4387777640625 0.7210042265625 0.445753421875 0.6086711078125 0.44175052812500004 0.5822982203125 0.418432096875 0.576245053125 0.41203774531250004 0.5924580796875001 0.413781659375 0.634148721875
5 0.69574841875 0.4905490640625 0.6969110281249999 0.5762464953124999 0.7131875625 0.5936175968749999 0.7271388765625 0.57740456875 0.7393462765625001 0.5808787890625 0.7422527999999999 0.5449785140625 0.7306267046875 0.5021297984374999 0.7253949625 0.4025354859375 0.7207445234375001 0.37937401875 0.7073745140625001 0.3770578703125 0.6934900796875 0.39573222812500003 0.69574841875 0.4905490640625
5 0.763179771875 0.44538420156249997 0.7469774671875 0.365603559375 0.7329519234374999 0.3666352109375 0.72481365625 0.3758997984375 0.7288827906249999 0.47781025625 0.7376023609375 0.5252912671875001 0.73992758125 0.5461365875 0.7498097625 0.5496108078125 0.7684115140625 0.5287654859375001 0.7794563046875 0.5113943859375001 0.7771310859375 0.4917071375 0.772480646875 0.47201988906250003 0.763179771875 0.44538420156249997