11 0.43964506718749996 0.38301061875000003 0.4321481109375 0.4032119265625 0.4327291328125 0.48321639375 0.42832808437500003 0.52204613125 0.423927034375 0.58843245625 0.4276993625 0.6134839015625 0.43775890312500004 0.6184941890625 0.44844716562500003 0.6184941890625 0.45850670625 0.6172416171874999 0.462279034375 0.5997056062499999 0.46102159218749994 0.573401590625 0.45850670625 0.5408347140624999 0.452848215625 0.3880209078125 0.43964506718749996 0.38301061875000003
11 0.4962299859375 0.4306083625 0.489942771875 0.393031196875 0.47422473906249996 0.39052605156250003 0.46861999687499994 0.41825215781249997 0.4679375265625 0.48446896562499997 0.46479392031250005 0.5408347140624999 0.46102159218749994 0.582169596875 0.462279034375 0.6159890453125 0.47108113281249997 0.6260096234375 0.482398115625 0.623504478125 0.50125975625 0.620999334375 0.506289525 0.61097875625 0.506289525 0.587179884375 0.5031459203125 0.5433398578124999 0.500631034375 0.47820610625000004 0.4962299859375 0.4306083625
3 0.5503000171875 0.5533604359375001 0.5547010671875 0.5032575484375 0.5540723453124999 0.4418815125 0.5540723453124999 0.4030517734375 0.54149791875 0.3980414859375 0.5321313859375 0.41073204218750003 0.5238937234375001 0.4619226671875 0.5207501156250001 0.5082678375 0.5132054593750001 0.54459243125 0.5088044109375 0.5771593078125 0.506289525 0.6034633234375 0.5088044109375 0.62225190625 0.5125767390625 0.6297673390625 0.5257798859375 0.623504478125 0.5408691984375 0.6285147671875 0.5471564109375 0.6247570515625 0.5503000171875 0.5997056062499999 0.5503000171875 0.5533604359375001
3 0.572933984375 0.4030517734375 0.5591708875 0.42075886249999994 0.5597308375 0.4769535328125 0.5572159515624999 0.5358244265625001 0.555958509375 0.5658861578125001 0.5540723453124999 0.5896850296875 0.55218618125 0.6122313296875 0.5565872296875 0.6272621953125 0.5823648046875001 0.623504478125 0.586765853125 0.5997056062499999 0.586765853125 0.5784118796875 0.5842509671875 0.547097575 0.5767063125 0.4281032171875 0.572933984375 0.4030517734375
1 0.5899833437499999 0.3981985140625 0.5892807390625 0.47319581718750003 0.5880232953125 0.548350146875 0.5842509671875 0.5859273125 0.586765853125 0.61097875625 0.600597721875 0.6297673390625 0.6093998203125001 0.6347776281249999 0.6200880828125 0.6159890453125 0.625117853125 0.5834221687500001 0.6150583109375 0.47319581718750003 0.610028540625 0.393031196875 0.6031126078125 0.369232325 0.5899833437499999 0.3981985140625
7 0.6264552296875 0.38817169375 0.6194593609375 0.48446896562499997 0.6119147046875 0.548350146875 0.6093998203125001 0.5796644515625 0.6163157546875 0.6034633234375 0.6257465734375 0.595947890625 0.6376922781250001 0.6184941890625 0.6464943765625 0.6159890453125 0.6546677546875 0.5909376015625 0.655925196875 0.5508552921875001 0.6471230984375 0.38301061875000003 0.6408358859375001 0.36797975312500003 0.6264552296875 0.38817169375
7 0.6471230984375 0.5633810140625 0.651524146875 0.5896850296875 0.6609549671875 0.5934427453125 0.6722719500000001 0.609726184375 0.683588934375 0.6022107515624999 0.686732540625 0.5633810140625 0.67981660625 0.48822668281250003 0.6716432296875 0.41557749531250004 0.65223708125 0.3906784 0.6490092625 0.4969946875 0.6471230984375 0.5633810140625
5 0.7231983765625001 0.393031196875 0.7125101140625001 0.372990040625 0.70307929375 0.38301061875000003 0.6912242703125 0.404465278125 0.6854750984375 0.4631752390625 0.6823314921875 0.5107729812499999 0.676673 0.5533604359375001 0.68421765625 0.5771593078125 0.6949059171874999 0.58843245625 0.70748034375 0.580917025 0.7156537203125 0.5859273125 0.7257132609375 0.5784118796875 0.7326291953124999 0.5521078640625 0.7307430312500001 0.518288415625 0.72445581875 0.48822668281250003 0.7231983765625001 0.393031196875
5 0.7464610640625 0.35420145937499997 0.734515359375 0.36672718125000003 0.7276961562500001 0.380651578125 0.727599425 0.4255980734375 0.7301143109375 0.481963821875 0.7294855890624999 0.5082678375 0.731371753125 0.5383295703125001 0.7382876875 0.5558655796874999 0.7540057203125 0.559623296875 0.766580146875 0.5420872859375 0.780412015625 0.5258038484374999 0.77538224375 0.48321639375 0.765951425 0.4619226671875 0.752748278125 0.41933521249999994 0.7464610640625 0.35420145937499997
5 0.7465609265625 0.312970534375 0.752748278125 0.36296946406249997 0.749604671875 0.40054662968750004 0.7577780484375001 0.443134084375 0.7703524749999999 0.459417521875 0.7879566703124999 0.44939694374999994 0.797387490625 0.42184035625 0.8011598187500001 0.393031196875 0.79047155625 0.36797975312500003 0.7778971296875 0.3241397265625 0.7653227031250001 0.3015934265625 0.75211955625 0.29157285 0.7465609265625 0.312970534375
9 0.41133476875 0.3768062921875 0.40001778593750004 0.3630279984375 0.38875914218749996 0.37814487343750003 0.384928475 0.4494554796875 0.383042309375 0.508326371875 0.3792699828125 0.5546715437499999 0.37738381875 0.5884909921875 0.383042309375 0.6173001515625 0.3962454578125 0.6360887359375 0.41133476875 0.6235630140625 0.421394309375 0.5972589968750001 0.421394309375 0.555924115625 0.41887942499999997 0.5070738 0.41573581875 0.4381823296875 0.41133476875 0.3768062921875
15 0.35600729375 0.4845275015625 0.3528636875 0.5233572375 0.3516062453125 0.5621869765625 0.34531903124999996 0.592248709375 0.362923228125 0.6260681578125 0.38367103125 0.6022692859375 0.393730571875 0.592248709375 0.38870080156250003 0.5283675265625 0.381156146875 0.418141175 0.37298276874999997 0.3855742984375 0.3585221796875 0.40185773593749996 0.35600729375 0.4845275015625
15 0.338453090625 0.41198539375000004 0.332115884375 0.4745069234375 0.322685065625 0.5296201 0.3163978515625 0.5609344046875 0.3207989015625 0.5872384203125 0.32834355625 0.608532146875 0.34217542500000003 0.5997641421875 0.35600729375 0.5772178421875 0.3553785734375 0.522104665625 0.36103706406249997 0.4218988921875 0.3572647375 0.40185773593749996 0.3509775234375 0.3968474484375 0.338453090625 0.41198539375000004
13 0.2743128765625 0.3981985140625 0.27301608125 0.48202235625 0.266100146875 0.5246098109374999 0.2579267703125 0.5634395484375 0.27804585312499996 0.585985846875 0.2893628359375 0.583480703125 0.3063383109375 0.5947538531250001 0.32519995 0.5722075531249999 0.3201701796875 0.5108315171875 0.3170265734375 0.43191946875 0.31262552499999996 0.3968474484375 0.298164934375 0.3818165828125 0.2743128765625 0.3981985140625
13 0.21454499999999999 0.4870326453125 0.2139162796875 0.53212524375 0.23529280312499998 0.5534189703125 0.2579267703125 0.5596818328125 0.26672886875 0.5383881046875 0.27175863906250003 0.489537790625 0.2761596890625 0.40686802499999997 0.27804585312499996 0.355512565625 0.2497886765625 0.354331171875 0.2378076890625 0.42690918125 0.21454499999999999 0.4870326453125
13 0.21265883593749998 0.280358234375 0.20262675468750002 0.297930303125 0.1956833609375 0.35425999375 0.1912823125 0.40561545312499997 0.1912823125 0.4369297578125 0.1994556890625 0.446950334375 0.21203011562500002 0.4519606234375 0.2227183765625 0.46072862812500004 0.238436409375 0.446950334375 0.24409490156250002 0.40561545312499997 0.2378076890625 0.37054343125 0.23214919687500002 0.30415710625000003 0.22523326250000003 0.2828633796875 0.21265883593749998 0.280358234375
12 0.21014395156250001 0.608532146875 0.2082577875 0.5872384203125 0.2038567390625 0.5671972640625 0.19379719687500002 0.5609344046875 0.181222771875 0.5772178421875 0.1692770671875 0.592248709375 0.1485292640625 0.5972589968750001 0.1340847609375 0.6100151125 0.13909844375 0.63233101875 0.14224205 0.6398464515625 0.142870771875 0.653624746875 0.1384697234375 0.6636453234374999 0.1434994921875 0.6774236171875 0.167390903125 0.6786761890624999 0.19002487031249998 0.681181334375 0.20511418125 0.6799287609375 0.2164311640625 0.667403040625 0.2195747703125 0.622310440625 0.21014395156250001 0.608532146875
12 0.2346640828125 0.7400522265625 0.24786722968750002 0.6987173453125 0.256669328125 0.667403040625 0.2723873609375 0.6511196015625 0.2786745734375 0.6248155859375 0.2786745734375 0.607279575 0.266100146875 0.5872384203125 0.2616990984375 0.583480703125 0.25226827812499997 0.5872384203125 0.242837459375 0.5697024093749999 0.23214919687500002 0.5646921218750001 0.22523326250000003 0.5772178421875 0.21894605 0.608532146875 0.21894605 0.633583590625 0.21140139375000003 0.669908184375 0.20134185312500003 0.7024750609375 0.1956833609375 0.7375470828124999 0.1956833609375 0.758840809375 0.2082577875 0.7262739328125 0.23214919687500002 0.68744419375 0.21328755781250003 0.7400522265625 0.2057429015625 0.7676088140624999 0.2164311640625 0.7651036703125 0.2346640828125 0.7400522265625
12 0.2855905078125 0.8076911250000001 0.29942237656250004 0.7851448249999999 0.3101106390625 0.747567659375 0.3207989015625 0.7012224890625001 0.33400204843750003 0.6774236171875 0.338403096875 0.656129890625 0.3409179828125 0.63233101875 0.332115884375 0.6173001515625 0.3207989015625 0.619805296875 0.31136808125000004 0.618552725 0.30067981875 0.6022692859375 0.290620278125 0.6022692859375 0.27934348125 0.61252181875 0.274273525 0.653624746875 0.26358526250000003 0.708737921875 0.24535234374999998 0.7851448249999999 0.24535234374999998 0.8026808359375 0.26421398281249997 0.7788819640625 0.279932015625 0.7375470828124999 0.28999155781249997 0.7250213609375 0.2887341140625 0.7525779484374999 0.27490224531249996 0.7939128296875 0.26484270468750004 0.8152065578125001 0.27301608125 0.820216846875 0.2855905078125 0.8076911250000001
14 0.3660951078125 0.638632121875 0.3547781234375 0.6298641171875 0.33780264843749996 0.638632121875 0.3309071828125 0.6426022828125 0.3315154359375 0.688735009375 0.3252282234375 0.726312175 0.31516868124999997 0.7876882125 0.3101389109375 0.8290230953125001 0.312025075 0.8440539609375 0.3277431078125 0.8352859546875001 0.3409462546875 0.7989613624999999 0.354149403125 0.748858475 0.36043661562499996 0.702513303125 0.37238232031249996 0.6824721484375 0.3761546484375 0.6574207046875 0.3660951078125 0.638632121875
14 0.39815989375 0.6586732765625001 0.388100353125 0.63988469375 0.3667238296875 0.6586732765625001 0.3667238296875 0.686229865625 0.3667238296875 0.72380703125 0.36169405781249997 0.7764150625 0.3554068453125 0.839043671875 0.3629515015625 0.8440539609375 0.3780408125 0.8290230953125001 0.38747163281249997 0.788940784375 0.39690245156250004 0.7400904703125 0.40004605781249997 0.7037658765625 0.40759071406249997 0.6812195765625 0.39815989375 0.6586732765625001
8 0.40381838593749997 0.7075235921874999 0.3994173359375 0.8240128062500001 0.40004605781249997 0.86284254375 0.40570455 0.8778734109374999 0.4207938609375 0.8490642484375 0.4333682875 0.7764150625 0.43839805781249996 0.7075235921874999 0.4377693359375 0.67370414375 0.42460220312499997 0.6426022828125 0.40570455 0.6586732765625001 0.40381838593749997 0.7075235921874999
10 0.43588317187500003 0.6586732765625001 0.43588317187500003 0.688735009375 0.44342782812500003 0.76263676875 0.4509724828125 0.8290230953125001 0.461032025 0.8340333828125001 0.46731923750000004 0.8089819390624999 0.467947959375 0.7413430421875 0.46606179531249997 0.7037658765625 0.46484704375 0.6488690453125 0.4459427140625 0.6448949828125 0.43588317187500003 0.6586732765625001
10 0.4673623453125 0.6476156921875 0.4685766796875 0.688735009375 0.4723490078125 0.8215076609375 0.4830372703125 0.8215076609375 0.49309681093749996 0.72380703125 0.4962404171875 0.638632121875 0.4673623453125 0.6476156921875
2 0.523275434375 0.6411372671875 0.496288325 0.6375888703125 0.495611696875 0.674956715625 0.508186121875 0.8202550890625 0.5176169421875 0.827770521875 0.518874384375 0.752616190625 0.523275434375 0.6411372671875
2 0.529562646875 0.8139922281249999 0.5396221875 0.839043671875 0.5484242859374999 0.7275647484375 0.552825334375 0.6837247203125 0.550367328125 0.6375888703125 0.522017990625 0.63487440625 0.5207605484375 0.652410415625 0.5239041546875 0.7300698921875 0.529562646875 0.8139922281249999
0 0.5647710406249999 0.8302756671875 0.577345465625 0.86284254375 0.5861475640625 0.7964562171875 0.5867762859375001 0.702513303125 0.584890121875 0.6536629890625 0.5779741875 0.63737955 0.5616861906249999 0.6338288140625 0.55031045 0.6586732765625001 0.5547115 0.7175441703125001 0.5647710406249999 0.8302756671875
6 0.5892911703125 0.6937452984375 0.5974645484375001 0.8215076609375 0.606266646875 0.8465591046875 0.6144400234375 0.8402962437499999 0.61946979375 0.788940784375 0.6232421218749999 0.7175441703125001 0.629529334375 0.663683565625 0.6144400234375 0.63988469375 0.6038175078125 0.6426022828125 0.58866245 0.6624309937499999 0.5892911703125 0.6937452984375
6 0.6175836296874999 0.6586732765625001 0.6213559578125001 0.6837247203125 0.6345591046875 0.713786453125 0.657193071875 0.80397165 0.671024940625 0.8302756671875 0.677312153125 0.8215076609375 0.67039621875 0.7663944859375 0.6590792359375001 0.69625044375 0.6590792359375001 0.6586732765625001 0.6521633015625 0.633621834375 0.629599359375 0.6288154031250001 0.6175836296874999 0.6586732765625001
4 0.7244662515625 0.7187967421875 0.712520546875 0.6686938546875 0.7112631046875 0.6286115453125001 0.7106343828125 0.6073178171875 0.6974312359375 0.6023075296875 0.6842280875 0.6073178171875 0.6729111046875 0.6223486828125 0.661040640625 0.611268465625 0.6490196953125 0.6261064000000001 0.650905859375 0.6536629890625 0.6622228421874999 0.6899875828125 0.68108448125 0.7701522015625 0.704975890625 0.8215076609375 0.71314926875 0.8290230953125001 0.70246100625 0.7789202078125 0.69491635 0.7313224640625 0.709376940625 0.75136361875 0.7276098578125 0.8077293671874999 0.7338970703125 0.788940784375 0.7244662515625 0.7187967421875
4 0.7477289390624999 0.5659829359375 0.7320979359375 0.58870811875 0.7175503171875001 0.5897818078125 0.7074907765625 0.6135806781250001 0.7068620546875 0.633621834375 0.7225800875 0.67370414375 0.746471496875 0.72881731875 0.7753926765625 0.7801727796875 0.7615608078125 0.7037658765625 0.7867096609375 0.7588790515625 0.7791650046874999 0.688735009375 0.7653331359375 0.6135806781250001 0.7615608078125 0.5760035140624999 0.7477289390624999 0.5659829359375
4 0.7967692015625001 0.5534572140625 0.7860809390625 0.5534572140625 0.779259859375 0.5674011234375 0.7691054640625 0.5985498125000001 0.7615608078125 0.62360125625 0.7615608078125 0.652410415625 0.77036290625 0.6686938546875 0.7929968734374999 0.674956715625 0.8131159546875001 0.6787144328125 0.8307201515625 0.6686938546875 0.8112297921874999 0.649905271875 0.8062000203125 0.633621834375 0.8395222499999999 0.6298641171875 0.8244329390624999 0.5947920953125 0.7967692015625001 0.5534572140625