11 0.4978191609375 0.4593266234375 0.494465575 0.40587708125 0.49167092031250004 0.35465460625 0.4849637484375 0.3179080453125 0.4782565765625 0.3089997890625 0.47099047499999996 0.3257027703125 0.46931368124999995 0.4136718078125 0.47099047499999996 0.44819130312500005 0.4665190265625 0.4771431375 0.4631654421875 0.5105491 0.46596009531249993 0.546182128125 0.47378512968750003 0.569566303125 0.482728025 0.5639986421875001 0.4978191609375 0.5628851109374999 0.5022906078125 0.55843098125 0.5028495390625001 0.5372738703125 0.5028495390625001 0.5005273109374999 0.4978191609375 0.4593266234375
11 0.46092971718750003 0.45041836718750006 0.463724371875 0.3891741 0.45981185468749997 0.34908694375 0.45478147656249995 0.31345391718750004 0.44695644375 0.303432128125 0.4425286984375 0.3146522359375 0.44024927187499996 0.3791523109375 0.44024927187499996 0.4158988703125 0.4385724796875 0.46044015624999995 0.43521889375 0.490505521875 0.43298317031250005 0.5161167625 0.43521889375 0.5350468078125 0.44416178906250003 0.55063625625 0.45701720156250003 0.5517497890625 0.46428330312500005 0.538387403125 0.4670779578125 0.518343825 0.4631654421875 0.46934841250000003 0.46092971718750003 0.45041836718750006
3 0.5380621890625 0.47602960625 0.5375032578125001 0.428147725 0.5363853953125 0.3947417609375 0.535826465625 0.34574634843749996 0.5202329921875 0.3146522359375 0.5095567109375 0.369130521875 0.5095567109375 0.43928304531249995 0.5073209859375 0.47380254062500005 0.5022906078125 0.49607318281249996 0.5028495390625001 0.5194573578125 0.5039674015625 0.545068596875 0.50564419375 0.56622570625 0.5257657078125 0.569566303125 0.5375032578125001 0.5651121734375 0.54085684375 0.546182128125 0.53918005 0.5083220359375 0.5380621890625 0.47602960625
3 0.5665676671875 0.383606440625 0.56544980625 0.34908694375 0.56433194375 0.33127043125 0.5609783578124999 0.3179080453125 0.55259439375 0.31456745 0.5481841765625 0.32690872031249996 0.54197470625 0.3947417609375 0.5430925671875 0.4415101109375 0.5402979125 0.4793702015625 0.5375032578125001 0.504981440625 0.5386211203125 0.530592678125 0.545328290625 0.545068596875 0.5565069109375 0.546182128125 0.56544980625 0.545068596875 0.5676855296875 0.5395009359375 0.5676855296875 0.5161167625 0.56544980625 0.47602960625 0.5665676671875 0.383606440625
1 0.5901109546875001 0.3101953328125 0.5788641484375 0.376925246875 0.5721569765625001 0.42592066093750003 0.569362321875 0.464894284375 0.56544980625 0.4983002484375 0.5783052171875 0.552863321875 0.58557131875 0.553976853125 0.5961910078125 0.5439550640624999 0.6012213859375 0.5227979546875 0.6034571109375 0.4983002484375 0.6006624546875 0.4548724953125 0.602898178125 0.3412922203125 0.5901109546875001 0.3101953328125
7 0.626373278125 0.3568816703125 0.6224607625 0.3323839625 0.6124719015625 0.31576646249999996 0.604574971875 0.40810414687499996 0.600103525 0.4426236421875 0.5950731453125 0.47268900937499997 0.5967499390625 0.4949596515625 0.6073696265625 0.5227979546875 0.6224607625 0.530592678125 0.6302857953125 0.530592678125 0.63308045 0.51723029375 0.6341983124999999 0.4827107984375 0.628609003125 0.4559860265625 0.6302857953125 0.400309421875 0.626373278125 0.3568816703125
7 0.6548787578125 0.326816303125 0.6459358625 0.3012050640625 0.6393050390624999 0.3101953328125 0.6358751046875 0.3568816703125 0.6369929671875 0.41144474375 0.6297268640625 0.45041836718750006 0.6297268640625 0.47046194375 0.6369929671875 0.4983002484375 0.6437001390625 0.513889696875 0.6559966187499999 0.513889696875 0.6649395140625 0.490505521875 0.6638216531250001 0.46266722031249996 0.6610269984375 0.42926125624999995 0.6593502046874999 0.3791523109375 0.6548787578125 0.326816303125
5 0.7012700265625 0.400309421875 0.699034303125 0.37247111875 0.6956807171875 0.31011332187499996 0.6856199593750001 0.29229680625 0.6744413406249999 0.28227501718750003 0.6615859296875 0.3000915328125 0.6605479390625 0.3090811046875 0.65711448125 0.327929834375 0.6593502046874999 0.3579952015625 0.662144859375 0.39696882499999997 0.6615859296875 0.424807128125 0.6615859296875 0.464894284375 0.6716466859375 0.4916190546875 0.6828253046875 0.5027543765625 0.6945628546875 0.4771431375 0.70294681875 0.48382432968750005 0.710771853125 0.45821309218749995 0.709095059375 0.42926125624999995 0.7012700265625 0.400309421875
5 0.7376005390625 0.31345391718750004 0.7364826765625 0.2811614859375 0.7297755046875001 0.2655720359375 0.720832609375 0.2689126328125 0.709095059375 0.28338855 0.70191569375 0.2957103953125 0.7018289578125 0.3390651546875 0.7074182671875 0.3579952015625 0.7113307828125001 0.38806056875 0.7074182671875 0.4214665328125 0.7130075765624999 0.45153189843749997 0.723068334375 0.46934841250000003 0.7370416078125 0.4470777703125 0.7487791578125 0.4470777703125 0.7543684671875 0.41144474375 0.7521327421875 0.3891741 0.745425571875 0.36801699062500004 0.7376005390625 0.31345391718750004
5 0.7502817875 0.3824170328125 0.7575137390625 0.41502434218750006 0.76741009375 0.4195741984375 0.7784483343749999 0.3846919625 0.77692581875 0.36118436875 0.7738807875 0.34829310625 0.762461915625 0.317960728125 0.754088078125 0.30734439375 0.74539198125 0.31495640625 0.741146690625 0.350568034375 0.7502817875 0.3824170328125
4 0.7894865765625 0.5105713374999999 0.7852996578125 0.5052631703125 0.7754033031249999 0.5014716234375001 0.7693132390625 0.5075381 0.7575137390625 0.52801245625 0.7586556250000001 0.5492451218750001 0.7575137390625 0.571236096875 0.757133109375 0.6000518578125 0.7708357546875 0.6228011421875 0.7959572703125 0.6205262125 0.8165112375 0.6053600234375 0.8222206734374999 0.571236096875 0.8233625609375 0.5363538609375 0.81232431875 0.5242209078125 0.7997635609375 0.5234625984375 0.7894865765625 0.5105713374999999
4 0.758274996875 0.697115471875 0.768932609375 0.6963571625 0.7639844328125001 0.6834659015625 0.7472367546875 0.6501002828125 0.7373404 0.6288676171875001 0.7361985125 0.6121848078125 0.7392435453124999 0.6068766421875 0.7483786421875 0.61597635625 0.7601781421875 0.63948395 0.7750226734375001 0.660716615625 0.7852996578125 0.6637498546875 0.7868221734375 0.6463087359374999 0.776545190625 0.621284521875 0.755991221875 0.574269334375 0.7510430453125 0.546211884375 0.7479980125 0.51208795625 0.7392435453124999 0.493888528125 0.7354372546875 0.48858036250000003 0.727824675 0.49237190937499997 0.7195049124999999 0.512239721875 0.71907020625 0.51208795625 0.7125995140625 0.51208795625 0.704225675 0.512846265625 0.69889686875 0.51512119375 0.6958518359375 0.530287384375 0.6954712078124999 0.5431786453125 0.69889686875 0.5628946921875 0.717547690625 0.6076349515625 0.7263021578125 0.6470670453125 0.7457142390625 0.6842242093750001 0.758274996875 0.697115471875
4 0.677962271875 0.654650140625 0.6836717078125 0.6417588796875 0.6916649171875 0.659199996875 0.7053675625 0.6948405421875 0.7156445453125 0.721381375 0.728205303125 0.7304810890625 0.730489078125 0.7153149 0.717547690625 0.6660247828125 0.7023225296875 0.6114264984375 0.699277496875 0.5666862390625 0.6947099484375 0.539387096875 0.6867167390625 0.533320621875 0.67643975625 0.5249792171875 0.66464025625 0.546211884375 0.65512453125 0.5636530015625 0.6429857828125 0.5699071531250001 0.6402799984375 0.5773536015625 0.6444669171874999 0.6016195062499999 0.6566470468750001 0.624368790625 0.6585501921875 0.6471180750000001 0.6623564828124999 0.7024746671875 0.67529786875 0.7434233796874999 0.685574853125 0.766930975 0.6920455453125001 0.7570729515625 0.689761771875 0.7304810890625 0.6783429015625 0.6918073062500001 0.677962271875 0.654650140625
6 0.652460128125 0.6577344078125 0.6471313203125 0.62664371875 0.644847546875 0.6023778156249999 0.643705659375 0.5758369828125 0.63571245 0.565978959375 0.6277192406250001 0.56370403125 0.6204872890625001 0.55763755625 0.6124940796875 0.5614291031249999 0.6090684171875 0.5728037453125 0.6060586406249999 0.5911530484374999 0.6071652734375 0.6092025999999999 0.6098296765625 0.6137524562500001 0.6182035156250001 0.6395349796875001 0.633048046875 0.6941332640625 0.6478925796875 0.74645661875 0.660833965625 0.7638977359375 0.673775353125 0.766930975 0.6718722078125 0.7479732375 0.66464025625 0.7214324046875 0.6585501921875 0.688825096875 0.652460128125 0.6577344078125
6 0.6102103046875 0.6152690765625 0.6086877890625 0.5993445765625001 0.604120240625 0.5955530296875 0.5923207406250001 0.5910031734375 0.5873725640624999 0.5910031734375 0.5812825 0.5970696484375 0.5809018703125 0.60465274375 0.57252803125 0.6107192203125 0.5725577296875 0.6169516359375 0.5759536921875 0.6418099078124999 0.5835662734375 0.6622842640625 0.5877531921875 0.6971665015624999 0.5957464015625 0.7396318328125 0.6102103046875 0.770722521875 0.622390434375 0.7851304015625 0.6280998703125 0.7836137828124999 0.6227710625 0.7381152140625 0.6166809984375 0.6971665015624999 0.6121134500000001 0.6592510265625 0.6098296765625 0.6418099078124999 0.6102103046875 0.6152690765625
0 0.5732892890625 0.6660758125 0.5744311765625 0.6440848375 0.5729086609375 0.621335553125 0.5683411125 0.6092025999999999 0.5652960796875 0.6001028875000001 0.560347903125 0.6016195062499999 0.5504775828125 0.601775996875 0.5424583390625 0.612994146875 0.537890790625 0.62057724375 0.5363682734374999 0.6365017421875 0.5439808546875 0.6971665015624999 0.5683411125 0.7684475921875 0.5847081609375 0.7995382828125 0.59498514375 0.80939630625 0.6006945796875 0.7949884265625 0.5904175953124999 0.7517647843749999 0.582805015625 0.7206740953125 0.577476209375 0.703232978125 0.5732892890625 0.6660758125
8 0.42597082343750003 0.6076916515625 0.4229257921875 0.60010855625 0.41341006562500004 0.572809415625 0.4111262921875 0.5758426531249999 0.40084930781250006 0.5819091281250001 0.392094840625 0.59707531875 0.3890498078125 0.6137581265625001 0.3860047765625 0.659256696875 0.378772825 0.7161299078125001 0.37116024375 0.76996988125 0.37344401875 0.8003022625 0.390572325 0.7737614296875 0.41150692187500004 0.687314146875 0.4206420171875 0.6486403640625 0.425209565625 0.624374459375 0.42597082343750003 0.6076916515625
9 0.3981849046875 0.396072275 0.39552050156249996 0.481761246875 0.394774478125 0.5076870296875 0.408081259375 0.543184315625 0.414551953125 0.54545924375 0.4244483078125 0.5356012203125 0.43206088906250006 0.5204350296875 0.43510592031249995 0.49692743593750005 0.43510592031249995 0.47948631875 0.41950013124999996 0.3513320140625 0.41150692187500004 0.29597542187500003 0.4069393734375 0.2815675421875 0.398565534375 0.2815675421875 0.396281759375 0.3475404671875 0.3981849046875 0.396072275
10 0.45071171093749995 0.6554141203125 0.456421146875 0.6159820265625 0.45413737187500003 0.6008158375 0.44728605000000005 0.59399105 0.44195724375 0.59247443125 0.4381733875 0.5957057406249999 0.42787396875 0.6030907640625001 0.42597082343750003 0.6106738609375 0.42597082343750003 0.6220485015625 0.4267320828125 0.6538975015624999 0.4282545984375 0.683471571875 0.4267320828125 0.7183538078125 0.43206088906250006 0.7418614015625 0.4411959859375 0.7411030921874999 0.4469054203125 0.7213870453125 0.448808565625 0.69029635625 0.45071171093749995 0.6554141203125
10 0.481923290625 0.63342314375 0.48268455 0.601574146875 0.4792588875 0.588682884375 0.47545259843750004 0.5955076703125 0.46786737812499996 0.5903942671875 0.46022743593750004 0.5848913375 0.45489862968750006 0.5970242890625 0.45489862968750006 0.6144654078125 0.4556598890625 0.631906525 0.45718240468750004 0.6865048093749999 0.45908555 0.735036615625 0.468601275 0.7479278765624999 0.4773557421875 0.7206287359375 0.4773557421875 0.6811966421875 0.477736371875 0.648589334375 0.481923290625 0.63342314375
2 0.5066641781250001 0.6538975015624999 0.5066641781250001 0.6197735734375 0.5085673234375 0.5977825984375 0.5062835484375 0.587924575 0.493754446875 0.5805301 0.4876327265625 0.5788248609375 0.480400775 0.588682884375 0.4807814046875 0.6152237171875 0.4823039203125 0.6349397640625 0.48382643593749997 0.669063690625 0.48687146875 0.7213870453125 0.4941034203125 0.7403447828124999 0.49905159687499995 0.7547526625 0.5051416625 0.7486861859375 0.5070448062499999 0.727453521875 0.5066641781250001 0.6538975015624999
2 0.535591984375 0.6106738609375 0.5204029 0.6010172140625001 0.5066641781250001 0.6068823125 0.5066641781250001 0.6288732875 0.5089479515625001 0.650105953125 0.515799275 0.688021428125 0.52226996875 0.735794925 0.5363532421875 0.7486861859375 0.542062678125 0.7380698546875 0.54130141875 0.7160788796875 0.5371145 0.6774050953125 0.5371145 0.631906525 0.535591984375 0.6106738609375
14 0.34691315624999997 0.645875040625 0.3517169515625 0.61348299375 0.3572597921875 0.6031764328125 0.360585496875 0.5744653 0.3572597921875 0.561214009375 0.3513474296875 0.550171265625 0.34506554375 0.544281803125 0.3377053921875 0.5546600140625 0.32917606718750003 0.55385218125 0.3225246578125 0.561214009375 0.32067704531249996 0.5855080453125 0.31993799843750004 0.616427725 0.313286590625 0.66354343125 0.3084827953125 0.68930983125 0.29961424999999997 0.7297998906250001 0.298136159375 0.77323468125 0.3155037265625 0.758511021875 0.3361969984375 0.710659134375 0.34691315624999997 0.645875040625
14 0.39458158593750003 0.592133690625 0.3901473140625 0.5832994968749999 0.38238733593749996 0.5693120203125 0.37207670625 0.5642363546875 0.3594769296875 0.572256753125 0.3579988375 0.6053849828125 0.3531950421875 0.6259981031249999 0.3446960203125 0.676794721875 0.3336103390625 0.7342169875 0.32474179375 0.7761794125 0.346543634375 0.758511021875 0.3602159734375 0.7305360734375 0.3749968828125 0.6642796140625 0.3882997 0.6259981031249999 0.39458158593750003 0.592133690625
12 0.27818193281250003 0.6363046640625 0.28446381875000004 0.6377770296875 0.287050478125 0.662807246875 0.277073365625 0.70329730625 0.2685743421875 0.7275913421875 0.271530525 0.746732096875 0.2792905015625 0.7496768281249999 0.2955495 0.7268551578125 0.29961424999999997 0.7025611234375 0.3044180453125 0.662807246875 0.30811327187500004 0.6193724578124999 0.3217856125 0.5877165921875 0.326219884375 0.5523798140625 0.31661229375 0.5325028765625001 0.301092340625 0.539128521875 0.287050478125 0.5111535734375 0.2811381140625 0.5199877671875 0.275615275 0.5288775578125 0.270791478125 0.5310305109375 0.2641400703125 0.547226534375 0.264879115625 0.5663672890625 0.2611838890625 0.6053849828125 0.2534239125 0.6348322984375 0.23605634375 0.684892734375 0.2253401859375 0.71728478125 0.228665890625 0.7297998906250001 0.23568682187499998 0.7320084390625 0.24751154843749998 0.7150762328125 0.27818193281250003 0.6363046640625
12 0.218675103125 0.6178354125000001 0.2304998296875 0.5913328296875 0.23530362500000002 0.6045841203125 0.22976078437499997 0.630350521875 0.21941414843749998 0.6516998265625 0.20906751250000002 0.6634787531249999 0.20389419531250003 0.6730491296875 0.20241610468750001 0.689245153125 0.21571892187500002 0.6811471421874999 0.231977921875 0.669368215625 0.2438026484375 0.6546445578125 0.2497150109375 0.6281419734375 0.255627375 0.5957499265624999 0.2637568734375 0.559676965625 0.2718863734375 0.531702015625 0.2755816 0.5074079796875 0.2718863734375 0.49342050625 0.2622787828125 0.49342050625 0.25045405625 0.49562905468749996 0.24195503437500002 0.48532249375000003 0.237890284375 0.475015934375 0.22976078437499997 0.47796066562500006 0.2205227171875 0.480905396875 0.21534939999999997 0.5015185171875001 0.21500349531250001 0.502358459375 0.21239321718749998 0.5191869078125 0.21165417187500002 0.542744759375 0.21165417187500002 0.5604131484375 0.2068503765625 0.590596646875 0.2042637171875 0.6016393890625 0.1942866046875 0.6200439624999999 0.18874376406249999 0.6332952546875 0.183570446875 0.6487550953125 0.1876351953125 0.66495111875 0.1913304234375 0.6811471421874999 0.20204658125 0.65685310625 0.218675103125 0.6178354125000001
12 0.129989653125 0.6060564875 0.15105244843750001 0.6097374015625 0.1639857421875 0.6060564875 0.1728542875 0.61489068125 0.1846790140625 0.62298869375 0.20019896875 0.6134183171875 0.2068503765625 0.5957499265624999 0.20758942187499999 0.5692473421875001 0.20389419531250003 0.5493704046875 0.2083284671875 0.52728491875 0.20352467343749997 0.5088803468750001 0.1928085140625 0.5022547 0.175440946875 0.5074079796875 0.161399084375 0.5074079796875 0.141086690625 0.4890989125 0.1359020171875 0.500782334375 0.1359020171875 0.516242175 0.141075334375 0.5324381984375 0.152161015625 0.5501065875 0.15770385625 0.5604131484375 0.1514219703125 0.5640940624999999 0.1418143796875 0.562621696875 0.1318372671875 0.559676965625 0.12112110937500001 0.562621696875 0.122968721875 0.58617955 0.129989653125 0.6060564875
13 0.23936837500000002 0.26284664062499996 0.2290217390625 0.27536174999999996 0.22347889843750002 0.30112815 0.2138713078125 0.33131165 0.20093801406249998 0.35707805000000004 0.194656128125 0.37989972031249997 0.20389419531250003 0.4100832171875 0.2098065578125 0.41891741250000003 0.2260655578125 0.41891741250000003 0.231977921875 0.399040475 0.2412159890625 0.360758965625 0.24454169375 0.31806035781249997 0.2438026484375 0.2790426640625 0.23936837500000002 0.26284664062499996
13 0.2814939640625 0.4395305328125 0.2833415765625 0.3983042921875 0.2818634859375 0.3718017078125 0.282233009375 0.327630734375 0.282233009375 0.27757029843750003 0.2777987375 0.2481229828125 0.268191146875 0.25254007968750003 0.260061646875 0.26211045781250003 0.2515923140625 0.27694613125 0.24638930625 0.3224774546875 0.2441721703125 0.361495146875 0.237890284375 0.3776911703125 0.23345601249999998 0.3953595609375 0.2304998296875 0.4248068765625 0.23234744375 0.4424752640625 0.24195503437500002 0.4446838140625 0.24786739687499998 0.4424752640625 0.2526711921875 0.45719892343749996 0.26153973750000004 0.47192257968750007 0.272255896875 0.462352203125 0.2814939640625 0.4395305328125
13 0.325467165625 0.4873824203125 0.33581380156249996 0.4601436546875 0.3343357109375 0.417445046875 0.33101000625 0.3681207921875 0.33027096093749997 0.31953272187500004 0.3284233484375 0.27757029843750003 0.3258366890625 0.2606380921875 0.3147510078125 0.259901909375 0.3080995984375 0.2702084703125 0.30296449375 0.276209490625 0.29701391718750003 0.3224774546875 0.2940577359375 0.36738461093749997 0.286297759375 0.4027213890625 0.282233009375 0.417445046875 0.2803853953125 0.44394763125000003 0.28075491874999997 0.4770758609375 0.28518919062500003 0.48885478750000005 0.2929491671875 0.49032715156249995 0.2999700984375 0.485173871875 0.3092081671875 0.49916134687499997 0.317337665625 0.5013698953125 0.325467165625 0.4873824203125
15 0.3635280046875 0.358550415625 0.3609413453125 0.2930301390625 0.357615640625 0.2606380921875 0.3461604375 0.265791371875 0.33618332500000003 0.35486950156249997 0.3369223703125 0.3975681078125 0.3339661875 0.4329048875 0.3317490515625 0.4645607515625 0.3284233484375 0.482229140625 0.3369223703125 0.510204090625 0.3457909140625 0.513148821875 0.3550289828125 0.506523175 0.363897528125 0.49179951875 0.36944036874999997 0.46603311718749996 0.3664841859375 0.42186214531250005 0.3635280046875 0.358550415625
15 0.390133640625 0.3489800375 0.3871774578125 0.30260051718750003 0.3842212765625 0.27462556718750003 0.3754029625 0.271789640625 0.3683318 0.30848997968749997 0.3664841859375 0.34824385625 0.36315848281249996 0.389470096875 0.36537561875 0.44026671562499997 0.36315848281249996 0.4770758609375 0.3620499140625 0.493271884375 0.37239655 0.5234553828124999 0.3797870046875 0.530081028125 0.39161173125 0.5109402734375 0.3997412296875 0.4446838140625 0.3945679125 0.39609574375 0.390133640625 0.3489800375