3 0.53024823125 0.295531246875 0.51683350625 0.2743741359375 0.506257390625 0.2934819421875 0.48609142812500006 0.47703698125000005 0.48832721562500003 0.530486521875 0.52689455 0.5371677140625 0.531366125 0.5037617515624999 0.53024823125 0.295531246875
3 0.5185103468750001 0.4581069359375 0.5185103468750001 0.5282594578124999 0.53024823125 0.5438489078125001 0.5587545234375 0.530486521875 0.5632260984374999 0.49039936562499997 0.554892453125 0.2789970046875 0.536396646875 0.255444090625 0.533042965625 0.29219065 0.5185103468750001 0.4581069359375
0 0.531925071875 0.6652988421875 0.5615492578125 0.768857328125 0.5822302921875 0.7577220062500001 0.5744050359374999 0.673093565625 0.5565187359375 0.5806704015624999 0.5481345328125 0.5483779703125 0.536396646875 0.5394697125000001 0.5185559125 0.5575534906249999 0.5118029843749999 0.5728756765624999 0.531925071875 0.6652988421875
5 0.728115428125 0.3411860640625 0.7532680390625 0.3211424859375 0.7599754015625 0.2777147328125 0.7515911984375 0.2365140453125 0.7437659421875 0.189745696875 0.7191722781250001 0.181950971875 0.710301040625 0.2143719 0.712464915625 0.2598982203125 0.706875446875 0.3133477609375 0.728115428125 0.3411860640625
7 0.5626671515624999 0.50368681875 0.5822302921875 0.5348657171875 0.6034702734375 0.49923268906249996 0.6034702734375 0.39010654375 0.5995576453125 0.24534736875 0.5878197609375 0.22975791874999998 0.5777587171875 0.24868796406250002 0.5414271687500001 0.4379884234375 0.5520471609375 0.500346221875 0.5626671515624999 0.50368681875
7 0.5922913359375 0.42351250625 0.5945271234375 0.46805379062499997 0.6118544765625 0.50368681875 0.6302997234375 0.5059138812499999 0.6403607671875 0.47918911093750005 0.640423078125 0.25894093906250004 0.6286228828125 0.24423383593749998 0.6168849984375 0.269845075 0.5922913359375 0.42351250625
5 0.666072325 0.2642774140625 0.6437144499999999 0.217509065625 0.633094459375 0.2598232859375 0.6235923609375 0.42017190937500004 0.631976565625 0.46805379062499997 0.6526575984375 0.4903244328125 0.6638365375 0.48030264375 0.675574421875 0.4736214515625 0.6861944125 0.46359966249999995 0.688989146875 0.426853103125 0.677810209375 0.364495303125 0.666072325 0.2642774140625
5 0.672220740625 0.2553691578125 0.676692315625 0.3422246625 0.6811638906249999 0.4112636515625 0.6996091375 0.43687489218750003 0.7152596499999999 0.4402154875 0.7325870046875 0.3934471390625 0.7242028 0.3533599828125 0.6974434953124999 0.2377706453125 0.68284073125 0.2330985140625 0.672220740625 0.2553691578125
4 0.7236438546875 0.5851245296875 0.7197312250000001 0.56174035625 0.737617525 0.57955686875 0.7510322515625 0.6018275109375 0.7644469765624999 0.6096222359375 0.7571806671875 0.573989209375 0.7359406859375001 0.49938255781249996 0.727630775 0.4505878015625 0.70967018125 0.4281165015625 0.69849124375 0.4403653546875 0.6929017749999999 0.4570683375 0.677810209375 0.46374952968749994 0.665513378125 0.47822544687499996 0.66495443125 0.5071772828125 0.6806049437499999 0.5439238421875 0.69737335 0.5929192546875 0.716936490625 0.624098153125 0.7387354203125 0.6352334749999999 0.7454427828125 0.619644025 0.7236438546875 0.5851245296875
4 0.7465606765625 0.4281165015625 0.7353817390625 0.45261420937499997 0.7286743765625 0.48824723593749997 0.7381764734375 0.5216531984375 0.7599754015625 0.53056145625 0.7868048515625 0.5416967781250001 0.7935122140625 0.5149720062500001 0.8024553640625 0.46374952968749994 0.7823332765625 0.4392518234375 0.7722722328125 0.4058458609375 0.75725903125 0.4071329875 0.7465606765625 0.4281165015625
4 0.677810209375 0.6775476953124999 0.663277590625 0.6374605390625 0.662159696875 0.6062816390625 0.683399678125 0.6374605390625 0.69849124375 0.6675259062500001 0.7063165 0.6541635203125 0.6906659875 0.5973733828125 0.680045996875 0.5494915015624999 0.6717284046875001 0.4817861265625 0.662159696875 0.47599838281249995 0.657129175 0.47822544687499996 0.64483234375 0.48267957499999997 0.6414786625 0.49938255781249996 0.6168849984375 0.5038366859375001 0.6124134234375 0.5294479234375 0.6146492109375 0.559513290625 0.6280639359375 0.582897465625 0.6414786625 0.6430282 0.662159696875 0.6909100796875001 0.6806049437499999 0.704272465625 0.677810209375 0.6775476953124999
6 0.581166565625 0.5575534906249999 0.5984397515625 0.6062816390625 0.6180028921875 0.6853424203125 0.6325355109374999 0.71652131875 0.6403607671875 0.6909100796875001 0.6370070875 0.64414173125 0.6269460421875 0.56174035625 0.6196797328125 0.517199071875 0.6012344859375001 0.510517878125 0.5922913359375 0.5216531984375 0.5855839734375 0.517199071875 0.581166565625 0.5575534906249999
6 0.5906144953125 0.5494915015624999 0.5727281953125 0.5227667312500001 0.5615492578125 0.533902053125 0.5498113734375 0.5728756765624999 0.5615492578125 0.61853049375 0.5878197609375 0.7298837046875 0.6073829015625 0.719861915625 0.5906144953125 0.5494915015624999
11 0.46988196875000005 0.257596221875 0.45590829531250004 0.27875333125 0.45143672187500006 0.4112636515625 0.44920093281250006 0.4958920921875 0.45646724375 0.528184525 0.476030384375 0.5359792484375 0.5000651 0.5192762671875 0.5023008875 0.501459753125 0.49727036562500004 0.45357787343749995 0.4805423015625 0.27676855312500004 0.46988196875000005 0.257596221875
11 0.43802199531249997 0.525957459375 0.4626156578125 0.4947785609375 0.45646724375 0.42239897343750005 0.44417041093750004 0.2731856703125 0.4313146328125 0.2330985140625 0.4223714828125 0.23198498281250002 0.41454622656250006 0.24980149687500003 0.4134283328125 0.48587030468750003 0.4274020046875 0.5215033328125 0.43802199531249997 0.525957459375
15 0.3882757234375 0.2789031984375 0.3843630953125 0.4192082453125 0.3821273078125 0.493814896875 0.39777782031250003 0.5194261359375 0.41007465156249995 0.5183126031249999 0.43355042031249996 0.48156604375 0.4313146328125 0.44370595156250003 0.407310196875 0.2856823609375 0.3972188734375 0.25774608906249996 0.3882757234375 0.2789031984375
15 0.3955420328125 0.46820365781250006 0.39665992656250004 0.4281165015625 0.3910704578125 0.27556260312499997 0.3765378390625 0.267767878125 0.3676195140625 0.2789970046875 0.34803154687500004 0.461522465625 0.35529785625 0.49938255781249996 0.369830475 0.5071772828125 0.3955420328125 0.46820365781250006
14 0.3810094140625 0.7644032000000001 0.4016904484375 0.673093565625 0.4224038359375 0.5575534906249999 0.40560307656249994 0.510517878125 0.39051151093750003 0.5183126031249999 0.3821273078125 0.53724265 0.37094836875000003 0.7064995296875 0.3810094140625 0.7644032000000001
14 0.361446271875 0.73990549375 0.3754199453125 0.6341199421875 0.3899525640625 0.5550591625 0.3826862546875 0.5127449421875 0.364265371875 0.4962710640625 0.34411891875 0.5149720062500001 0.341324184375 0.6229846218749999 0.3452368125 0.7109536578125 0.361446271875 0.73990549375
13 0.316171575 0.3590775109375 0.3005210625 0.4102999890625 0.301080009375 0.454841271875 0.317848415625 0.4648630609375 0.33517576875 0.4837931078125 0.3530620703125 0.469317190625 0.36200521874999997 0.4002781984375 0.3687125828125 0.3056279703125 0.354738909375 0.24661076718750002 0.337970503125 0.24883783125 0.3256927375 0.27676855312500004 0.316171575 0.3590775109375
13 0.2563642578125 0.3657587046875 0.2546874171875 0.4147541171875 0.27425055781249996 0.44704654843749997 0.30163895625000003 0.43479769375000005 0.31002315937499997 0.3713263640625 0.32846840624999996 0.2789031984375 0.317848415625 0.2187724640625 0.3049926375 0.22099952968749997 0.2887971734375 0.2444560015625 0.28151686875 0.315649759375 0.2563642578125 0.3657587046875
13 0.2390369046875 0.2625209609375 0.23847795781249997 0.309289309375 0.2535695234375 0.3449223375 0.2759274 0.3315599515625 0.28822423124999996 0.3003810515625 0.29716738125000003 0.20795788750000002 0.28487055 0.17566545625000002 0.276486346875 0.17566545625000002 0.2630716203125 0.194274759375 0.2535695234375 0.23913678593749998 0.2390369046875 0.2625209609375
12 0.26530740937499997 0.45046554843750003 0.2574821515625 0.4192866484375 0.2395958515625 0.43042197031249996 0.23232954218750002 0.4471249515625 0.2049411453125 0.482757978125 0.2071769328125 0.5050286203125001 0.21947376406250002 0.5206180703125 0.21779692343749998 0.5584781624999999 0.24294953281249998 0.5495699046875 0.2630716203125 0.5373210515625 0.276486346875 0.51839100625 0.28151686875 0.490552703125 0.27480950625 0.45603320781249995 0.26530740937499997 0.45046554843750003
12 0.280957921875 0.64756073125 0.29269580624999997 0.6252900890624999 0.31114105312499996 0.5896570609375 0.32735051249999997 0.5696134828125 0.33741155625 0.547342840625 0.33964734375 0.51839100625 0.335734715625 0.507255684375 0.315612628125 0.48721210781249996 0.3089220265625 0.4550447046875 0.2915779125 0.46494146406250003 0.2792810796875 0.5005744921875 0.2692200375 0.538434584375 0.24406742656249997 0.5740676109375 0.23680111718750002 0.6141547671875001 0.2457442671875 0.619722428125 0.2586000453125 0.6085871078125 0.27704529375 0.5896570609375 0.2630716203125 0.620835959375 0.2541284703125 0.6464471984375 0.280957921875 0.64756073125