10 0.49763255937500006 0.30842634062499996 0.46355526406249997 0.3024105359375 0.46131582812499994 0.4262168 0.4551574125 0.528831040625 0.4960269234375 0.5388694078125 0.4999459453125 0.49648523281249995 0.4965868140625 0.41394772343749997 0.49763255937500006 0.30842634062499996
10 0.4282842765625 0.4039093578125 0.42772442968749996 0.493139125 0.4282842765625 0.529946396875 0.45739684843750006 0.5277156859375001 0.4618756765625 0.4340244125 0.4618756765625 0.3191411171875 0.4297386703125 0.31819196562499996 0.4282842765625 0.4039093578125
9 0.3818162015625 0.30352586875 0.3891423234375 0.30982142968750004 0.3952527265625 0.390524884375 0.3918935953125 0.48421615781250005 0.40029144531250005 0.5210235125 0.4154076 0.5277156859375001 0.42380545 0.495369878125 0.429404015625 0.45633185468750004 0.419886428125 0.30352586875 0.3818162015625 0.30352586875
15 0.3566226515625 0.3849480234375 0.355545346875 0.2972656265625 0.3303093640625 0.29237214843750003 0.3303093640625 0.4083708625 0.326390384375 0.47640854375 0.3303093640625 0.5009467390625 0.3459853671875 0.50206209375 0.3650205015625 0.46637017812500003 0.3566226515625 0.3849480234375
13 0.277152403125 0.28889509062499996 0.2345738859375 0.26894937343750003 0.23233445000000003 0.43179365937499997 0.2468907140625 0.47417779062500004 0.2816018515625 0.4819854046875 0.2927989859375 0.4585626078125 0.28720041875 0.382717271875 0.277152403125 0.28889509062499996
3 0.53752896875 0.33772321562499996 0.5374563234374999 0.2946028796875 0.502745228125 0.300179740625 0.502745228125 0.428447553125 0.49882620624999996 0.5366386546874999 0.5408154546875 0.5366386546874999 0.5413753453125 0.454101103125 0.53752896875 0.33772321562499996
3 0.569726071875 0.3070312515625 0.5654491562499999 0.2778722984375 0.5340971921875 0.2946028796875 0.5413753453125 0.47083168437499995 0.5469739125 0.5355232562500001 0.5772061374999999 0.5210235125 0.5732871578125 0.42398604687499997 0.569726071875 0.3070312515625
1 0.574406853125 0.3849480234375 0.57496674375 0.5009467390625 0.58896311875 0.52325418125 0.610797578125 0.5087543515624999 0.6141566671875001 0.43513976875000004 0.6119172749999999 0.281218428125 0.5802251265625 0.2875000015625 0.574406853125 0.3849480234375
7 0.6387904109375 0.4396012734375 0.6387904109375 0.373794303125 0.634120275 0.284709821875 0.6141566671875001 0.2867952875 0.6051990125 0.42510144375000003 0.6085581 0.504292846875 0.628712975 0.5109850609375 0.6460685640625 0.4909083734375 0.6387904109375 0.47306243593749997 0.6387904109375 0.4396012734375
7 0.6565182593750001 0.28191964375 0.627593278125 0.28344915937500004 0.6359911281249999 0.37602505625 0.6359911281249999 0.47640854375 0.6656635468750001 0.5098697078125001 0.68189935625 0.47863929687500006 0.6656635468750001 0.373794303125 0.6565182593750001 0.28191964375
5 0.7154907546875 0.37937116249999997 0.7048535125 0.4418320265625 0.7166104515625 0.4775239 0.7541208296875 0.45075499375000005 0.749082153125 0.398332496875 0.755800415625 0.266718578125 0.7209124640625 0.265178571875 0.7154907546875 0.37937116249999997
10 0.4949072265625 0.698367565625 0.4871335046875 0.552566965625 0.46131582812499994 0.5366386546874999 0.46971367812500003 0.6894446390625 0.4949072265625 0.698367565625
10 0.4713932640625 0.697252209375 0.4618756765625 0.5366386546874999 0.436038103125 0.5414062515625 0.4417208453125 0.625868421875 0.4406011484375 0.7028290703125 0.4713932640625 0.697252209375
8 0.4086892953125 0.6102532796875 0.4137280125 0.7173289421875 0.444520128125 0.7217904468749999 0.43836171406249996 0.56117680625 0.429404015625 0.524369534375 0.40664074843750003 0.5469866078125001 0.4086892953125 0.6102532796875
14 0.371178915625 0.6035609796875 0.3784570265625 0.7106367265625 0.406449859375 0.7028290703125 0.40756959843749996 0.545561621875 0.391333746875 0.518792675 0.3758435203125 0.5344308046874999 0.371178915625 0.6035609796875
14 0.338746859375 0.5274553578125001 0.3375875171875 0.6292145296875 0.33702766875 0.7251365125 0.3543832171875 0.7340595234375 0.36054163125 0.6805216281249999 0.37565774375 0.5277156859375001 0.3611014796875 0.5087543515624999 0.338746859375 0.5274553578125001
12 0.20826061875000001 0.67048330625 0.2340140375 0.69167535 0.2592075875 0.663791046875 0.30679540156249996 0.499831340625 0.24801045312499997 0.4674855765625 0.23352266406250002 0.5475195265624999 0.22505631875 0.5812535375000001 0.20826061875000001 0.67048330625
2 0.49882620624999996 0.7240211578125 0.516181796875 0.7217904468749999 0.514502209375 0.625868421875 0.517861340625 0.5399847624999999 0.4920330640625 0.5497767875 0.495467075 0.64371444375 0.49882620624999996 0.7240211578125
2 0.543128465625 0.5441964296874999 0.5184211890625 0.5399847624999999 0.5173014921875 0.5968687218750001 0.516181796875 0.659329584375 0.5184211890625 0.7340595234375 0.545294325 0.7307133734375 0.5436147375 0.6225222718750001 0.543128465625 0.5441964296874999
0 0.54662815 0.548381696875 0.5486534562500001 0.6202915609375 0.5508928921875 0.7295980171875 0.5760864406249999 0.7284826625 0.5788857234375 0.599099559375 0.5766462890625 0.5399847624999999 0.5615301765625 0.5254849328125 0.54662815 0.548381696875
6 0.6068786 0.7028290703125 0.610797578125 0.6013302265625 0.6075226687499999 0.5302455375 0.5979208593750001 0.5165619234375 0.572727309375 0.5422155140625 0.5800054203125 0.5912918609375 0.5844842906250001 0.67048330625 0.5968011625 0.735174878125 0.6141566671875001 0.7284826625 0.6068786 0.7028290703125
6 0.6438290875 0.6080224421875 0.6449487828125 0.529946396875 0.6292207171875 0.5204799125 0.6091179921875 0.5176773203125 0.6096778828125 0.5622922046875 0.6298326703125 0.6559834343750001 0.6443889781250001 0.7407517390625 0.6645437656250001 0.738521028125 0.66342406875 0.713982790625 0.6438290875 0.6080224421875
4 0.7003746421875 0.56898441875 0.6985144796875 0.5023437515625 0.695895771875 0.49425448125000004 0.66342406875 0.5087543515624999 0.6359911281249999 0.5109850609375 0.6555861109375 0.5868303984375001 0.6841387484375 0.7251365125 0.736205434375 0.6805216281249999 0.7003746421875 0.56898441875
4 0.7391108265625 0.47444196562499996 0.6863782265625 0.5009467390625 0.70373373125 0.554484675 0.721089321875 0.62363766875 0.7535610234375001 0.6872138875 0.782673553125 0.6347913890625 0.7513215453125001 0.524369534375 0.7391108265625 0.47444196562499996
4 0.7854728359375 0.64371444375 0.8005889484375001 0.618060809375 0.79163129375 0.45633185468750004 0.7440103859375 0.4590959828125 0.7518814375 0.5422155140625 0.7854728359375 0.64371444375