11 0.49476342031250004 0.45172705 0.4578128890625 0.45284238437499996 0.45725304062500005 0.624609703125 0.46173186875 0.6770321578125 0.497562703125 0.6658784359375 0.49763255937500006 0.4730468765625 0.49476342031250004 0.45172705
11 0.42646092500000005 0.6681091890624999 0.4594924765625 0.6681091890624999 0.45837273749999996 0.59337925 0.45669319374999995 0.42272732812499997 0.4255390484375 0.42840401874999995 0.42646092500000005 0.5733025609375 0.42646092500000005 0.6681091890624999
9 0.39684163125 0.41863839374999995 0.3917497875 0.545418259375 0.38391182968750004 0.6156866921875 0.3895103953125 0.6502632515625 0.40518635625000005 0.6614169734375 0.42254190312500006 0.6357634234375 0.425901078125 0.538726021875 0.42534118750000005 0.423842746875 0.39684163125 0.41863839374999995
15 0.3631971078125 0.5376106671875001 0.3497605390625 0.59337925 0.35647884531249996 0.6324172734375 0.37999280625 0.6257250578125 0.394549071875 0.59226389375 0.400707528125 0.43276569374999996 0.3716438984375 0.43119419687500005 0.3631971078125 0.5376106671875001
15 0.330725446875 0.519764709375 0.31672903125 0.5710718078125 0.31784872656249996 0.61791744375 0.34248242812499996 0.61791744375 0.3547992578125 0.577764065625 0.3704752609375 0.43053494218750005 0.34364641875 0.41584821562499996 0.330725446875 0.519764709375
13 0.2741798921875 0.5041495046875 0.26690178124999997 0.545418259375 0.26634193281249996 0.57999481875 0.302732615625 0.6112252296875 0.31840857499999997 0.5944946468750001 0.32176770625 0.4149197359375 0.28205196250000003 0.40329241250000003 0.2741798921875 0.5041495046875
13 0.2305110984375 0.5688410984375001 0.2624229109375 0.5755333140625 0.2697010640625 0.5443028812499999 0.2741798921875 0.397073778125 0.2253570640625 0.37120535781249997 0.2176343796875 0.5320338062500001 0.2305110984375 0.5688410984375001
3 0.53822890625 0.46746651874999995 0.5311541015625 0.45284238437499996 0.4992422890625 0.45841924375 0.5009218343749999 0.5744179578125 0.5020415734375 0.6770321578125 0.5373125171875001 0.670339940625 0.5367526687499999 0.59784075625 0.53822890625 0.46746651874999995
3 0.5378724078125 0.44838089999999997 0.538992103125 0.59226389375 0.5412315390625 0.67257069375 0.5692243718750001 0.658070865625 0.565865196875 0.5755333140625 0.5648265125 0.4395647328125 0.5378724078125 0.44838089999999997
1 0.6005233 0.42282366250000003 0.566984978125 0.423842746875 0.566984978125 0.5298030953125 0.5725835453125 0.6402248875 0.5938580296875 0.6513786078125 0.6095340328125001 0.6234943046875 0.6033756609375 0.5733025609375 0.6005233 0.42282366250000003
7 0.6327204015625 0.41863839374999995 0.6011361828124999 0.4138043609375 0.600576378125 0.5130725140625 0.610653728125 0.620148196875 0.6403261484375 0.629071165625 0.6464846046875 0.6011868625 0.6369670593750001 0.5476490125 0.6327204015625 0.41863839374999995
7 0.6544184484375 0.4102678578125 0.6240903390625 0.40376601562500003 0.6386465609374999 0.5465336781250001 0.6464846046875 0.6067637234375 0.6716781546874999 0.6156866921875 0.677276721875 0.5844562828125001 0.6705584578125 0.5130725140625 0.6544184484375 0.4102678578125
5 0.7164666859375 0.4762652015625 0.710413409375 0.40189732187500005 0.6750372437500001 0.40711216562499997 0.677276721875 0.4639961046875 0.6699985671875 0.5710718078125 0.6862343765625 0.603417615625 0.722065253125 0.591148540625 0.728783515625 0.55099511875 0.7164666859375 0.4762652015625
5 0.7608088734375 0.372600446875 0.70638925 0.397073778125 0.7215053625000001 0.47738055625 0.728223625 0.5476490125 0.7478186078125 0.5632642375 0.7746917437499999 0.5119570953125 0.7657340890625 0.46064999531249995 0.7608088734375 0.372600446875
10 0.4902845921875 0.61791744375 0.46341145624999996 0.641340284375 0.47012971875 0.6803783078125 0.48020715625 0.83206898125 0.5020415734375 0.81645366875 0.496932621875 0.66277901875 0.4902845921875 0.61791744375
10 0.4454960609375 0.8554916921875 0.4779677203125 0.8398765078125001 0.4734888921875 0.6803783078125 0.4650910421875 0.63910953125 0.44163759843749995 0.659988840625 0.44493616874999997 0.7473006328125 0.4454960609375 0.8554916921875
8 0.41022507499999994 0.83206898125 0.41414405312499997 0.9335677812500001 0.4404573421875 0.8789145312500001 0.444376321875 0.6736860484375 0.4320594921875 0.6346480265625 0.410840371875 0.6613839296874999 0.41022507499999994 0.83206898125
14 0.3738343921875 0.7350315140625 0.374394240625 0.8688761656249999 0.39007024375 0.8978758656249999 0.400707528125 0.8287227875 0.4068659421875 0.7361469125 0.41414405312499997 0.670339940625 0.3765434578125 0.6585937515625 0.3738343921875 0.7350315140625
14 0.34364641875 0.646037946875 0.33464442656250004 0.7183009328125001 0.3200881625 0.8711070031249999 0.324566990625 0.8945297156249999 0.3441619734375 0.8443379703125 0.357598540625 0.7562236015625 0.365996390625 0.7138394703125 0.3788731109375 0.6591862203125001 0.34364641875 0.646037946875
12 0.34808099531250003 0.63130191875 0.2898558953125 0.607879121875 0.27753906562499997 0.6937627390625 0.258954040625 0.7911272328125001 0.309450878125 0.8309535406249999 0.34808099531250003 0.63130191875
12 0.2864967640625 0.6547247140625 0.284257328125 0.6089944765624999 0.24114838437500002 0.5788794203125 0.1959597109375 0.7520647328125001 0.23722936093749997 0.8242612828125001 0.2864967640625 0.6547247140625
2 0.5015021749999999 0.808646096875 0.51997741875 0.8276073890625 0.52333655 0.7796463984375 0.5270299140625 0.6223214296874999 0.499262740625 0.624609703125 0.5015021749999999 0.808646096875
2 0.5479702515625 0.8432227015624999 0.5578271421875 0.65301339375 0.5250161375 0.6279558109375001 0.5238964421875 0.83206898125 0.5479702515625 0.8432227015624999
0 0.5580476890625 0.7919155171875001 0.5597272328125 0.88337599375 0.5871602171875 0.8822607250000001 0.5893243078125 0.6544084828125001 0.55356881875 0.6591862203125001 0.5580476890625 0.7919155171875001
6 0.62642096875 0.6571986625 0.6000369375 0.6524940046875 0.587720065625 0.6826090171875 0.59667780625 0.7562236015625 0.5989171984375 0.8811452843750001 0.622431203125 0.88337599375 0.6213114640625 0.784107903125 0.62642096875 0.6571986625
6 0.6649803000000001 0.740608375 0.6633007125 0.69041663125 0.6565182593750001 0.6488281265625 0.6358677703125 0.6335326703125 0.6213114640625 0.6591862203125001 0.6291494656250001 0.7004549953125 0.6442656203125 0.7919155171875001 0.655462753125 0.8777991343749999 0.6739379984375 0.8789145312500001 0.6649803000000001 0.740608375
4 0.6521035796875 0.637994134375 0.6744978453125 0.7194163312499999 0.7008111328125 0.8443379703125 0.7495186453125 0.7952616234375001 0.7181667234375 0.6781475546875 0.7076136609375 0.606975446875 0.6521035796875 0.637994134375
4 0.7780713687499999 0.6324172734375 0.7650084953125 0.5693080375 0.7243250953125 0.5788794203125 0.7120082671875 0.62237895 0.73160325 0.724993190625 0.77639178125 0.7941462265625 0.8021452218749999 0.7305700515625 0.79318748125 0.68595516875 0.7780713687499999 0.6324172734375