11 0.4910064875 0.32916666875 0.490272915625 0.3260193609375 0.468065259375 0.320814271875 0.4458576015625 0.5094980515625 0.4523892625 0.5485360734375 0.48961976093750004 0.54463238125 0.4843944109375 0.4405308859375 0.4910064875 0.32916666875
11 0.43018165625 0.4053966546875 0.417771490625 0.49648537656249997 0.4282221375 0.5407284890625 0.4517361078125 0.5107993484375 0.46022728593749995 0.3897814359375 0.47198424531249994 0.31560923125 0.44527726875000007 0.301497396875 0.43018165625 0.4053966546875
9 0.390338484375 0.46004989687500003 0.3818473546875 0.48217145468749995 0.3988296640625 0.5186069328125 0.41842464531249995 0.49128033593750003 0.4321411234375 0.41320429062499997 0.42495630625 0.263558559375 0.397098271875 0.26080729375 0.39360431406249996 0.39238398124999996 0.390338484375 0.46004989687500003
15 0.3609460109375 0.39238398124999996 0.3531080375 0.4535435609375 0.363558684375 0.48737649375 0.389685328125 0.4535435609375 0.3955638328125 0.400191615625 0.40144233749999997 0.263558559375 0.37505025625 0.26569010625 0.3609460109375 0.39238398124999996
15 0.3322067421875 0.3728649703125 0.3178370578125 0.4483384703125 0.3335130546875 0.47566511718750004 0.35376119375 0.44963976875 0.367477671875 0.3741662671875 0.37596885 0.2609559640625 0.3456529015625 0.25592448125 0.3322067421875 0.3728649703125
13 0.285831909375 0.3637560875 0.27603441875 0.41710808281249995 0.2949762453125 0.43662709375000003 0.32763455 0.43662709375000003 0.3322067421875 0.32211556875 0.3322067421875 0.263558559375 0.3031900578125 0.25592448125 0.285831909375 0.3637560875
13 0.25092809374999997 0.2298828140625 0.24794830625 0.3130066859375 0.2322723109375 0.349442165625 0.24076348906249997 0.39238398124999996 0.2557862796875 0.387178940625 0.2695027578125 0.41060174531250004 0.2845255984375 0.3611535921875 0.291057259375 0.2310268734375 0.25092809374999997 0.2298828140625
3 0.5270537703125 0.463953690625 0.5269365875 0.35358073125 0.5270537703125 0.329923153125 0.5015802828125 0.329923153125 0.498314453125 0.43272330156249994 0.4865574921875 0.49518412968750003 0.4891701171875 0.552439915625 0.5270537703125 0.5550424109375001 0.5270537703125 0.463953690625
3 0.5270537703125 0.3247180640625 0.5244410953124999 0.5173056859375 0.53358543125 0.5511387171875 0.5636310609375 0.5355234 0.5544867265625 0.45094101562500005 0.5538841609375 0.340559896875 0.5270537703125 0.3247180640625
1 0.5551399328125 0.336429490625 0.55775255625 0.49518412968750003 0.5825728875 0.536824696875 0.6015147140625 0.4834727015625 0.5871450312500001 0.43662709375000003 0.5898142609375 0.316145834375 0.5551399328125 0.336429490625
7 0.609412496875 0.2982421890625 0.5910640671875 0.29348765 0.5812665765625 0.42361441875 0.5884513921875001 0.46655623593750006 0.6165375046875 0.49128033593750003 0.63417301875 0.445735975 0.6184970234375 0.4053966546875 0.609412496875 0.2982421890625
7 0.64860896875 0.316145834375 0.6119653625 0.305199053125 0.6191501796875001 0.4027941109375 0.6243755281250001 0.4613511453125 0.6465831843750001 0.4834727015625 0.66225913125 0.44703722343749996 0.651155328125 0.41060174531250004 0.64860896875 0.316145834375
5 0.689438628125 0.27545573125 0.648542653125 0.2830775703125 0.6550743140625 0.41320429062499997 0.6687907921875 0.46655623593750006 0.6955706421875 0.45094101562500005 0.7034086140625 0.422313121875 0.6936111234375 0.35985229531249996 0.689438628125 0.27545573125
5 0.6916516046875001 0.2674623015625 0.700142784375 0.39498652500000003 0.7171250921875 0.445735975 0.7452112546875 0.3728649703125 0.724309909375 0.323416815625 0.7147530171875001 0.24778645937500002 0.6916516046875001 0.2674623015625
5 0.7210440796875 0.323416815625 0.7419454234375 0.33512824375 0.76415308125 0.26876357500000003 0.733534659375 0.1973307296875 0.7066744453125 0.2232192140625 0.7210440796875 0.323416815625
14 0.41016376250000003 0.574934896875 0.41026739062499995 0.6638145375 0.407654715625 0.7835311015624999 0.42006488124999997 0.8134602921875 0.4409661765625 0.656006903125 0.4429256953125 0.570123271875 0.42529023125 0.5480017140625 0.41016376250000003 0.574934896875
8 0.42529023125 0.7770247640625 0.461867521875 0.7783260609375 0.46448019531250007 0.6312828500000001 0.46774602656250003 0.5610143890625 0.442010896875 0.5537760421875 0.435087721875 0.7145639375 0.42529023125 0.7770247640625
10 0.45752616718750005 0.5912109390625 0.45925484687499996 0.7653133875 0.4925663078125 0.762710940625 0.48211566093749997 0.585738490625 0.45752616718750005 0.5912109390625
10 0.5082423046875 0.7405892859375001 0.5057051640625 0.5667968765625 0.47819667343749994 0.585738490625 0.4919131515625 0.7392880374999999 0.5082423046875 0.7405892859375001
14 0.39720406875 0.5480017140625 0.37341707031250004 0.5733072921875 0.37695592968749997 0.6638145375 0.3671584375 0.7431919312499999 0.3723837375 0.7835311015624999 0.387406578125 0.77442226875 0.40242941718749997 0.656006903125 0.41026739062499995 0.5831359453125 0.39720406875 0.5480017140625
12 0.3397254328125 0.7523007125000001 0.371077425 0.6104625421875001 0.3808749171875 0.550604259375 0.34233810781249996 0.542796625 0.3403786390625 0.60655875 0.3211551078125 0.7279296890625 0.3397254328125 0.7523007125000001
12 0.29269749375 0.5740270640625 0.2672599578125 0.6693359390625 0.26591769374999996 0.6755259140625001 0.27506202968750004 0.737986790625 0.3018418296875 0.7496982671875 0.32208996875 0.6859360437500001 0.3547482734375 0.5323864953124999 0.29661648125 0.5011561062500001 0.29269749375 0.5740270640625
12 0.254813840625 0.47252818906250005 0.2305132640625 0.5667968765625 0.2117048890625 0.6234752171875 0.24175052031250002 0.6690195765625 0.2789810171875 0.5805334 0.3038012984375 0.5271814546875 0.2946570125 0.48684213437499996 0.2757151859375 0.471226940625 0.254813840625 0.47252818906250005
12 0.16728959999999998 0.5050599 0.18361875156250002 0.5974498671874999 0.229340403125 0.5675207265625 0.2502416984375 0.515470028125 0.230646715625 0.442599096875 0.1872338265625 0.4837890640625 0.16728959999999998 0.5050599
2 0.5383688906249999 0.560286459375 0.53342199375 0.5675207265625 0.520358671875 0.5610143890625 0.5072953499999999 0.5805334 0.509908025 0.737986790625 0.5151333734375 0.78092860625 0.5275434890625 0.72367291875 0.5383688906249999 0.560286459375
2 0.5506177890624999 0.550520834375 0.536687825 0.570123271875 0.5314625265624999 0.69244238125 0.5379941875 0.8173640843750001 0.575224634375 0.83167800625 0.575224634375 0.7184677796875001 0.5673866609375 0.61566763125 0.5506177890624999 0.550520834375
0 0.56205009375 0.6026041671875 0.5680398171875 0.6468980203125 0.5817562953125 0.750999415625 0.5935133046875001 0.8199666296875 0.61376144375 0.8056526578125001 0.5941664609374999 0.5961486203125 0.5811031390625 0.5727258156249999 0.56205009375 0.6026041671875
6 0.63792856875 0.6390904359375 0.628194140625 0.565169271875 0.60984245625 0.5636169328125 0.5915537859375 0.5831359453125 0.599391759375 0.6182701765624999 0.6274779203125 0.71716658125 0.652298253125 0.78743494375 0.6666678859374999 0.762710940625 0.63792856875 0.6390904359375
6 0.722840159375 0.737986790625 0.6908350125 0.6091612937499999 0.6788229171875 0.5244791671875 0.6660147296875001 0.5128674828124999 0.6529514078124999 0.5493029625 0.623558934375 0.5493029625 0.6405412421875 0.6130650875 0.6568703953125 0.71066024375 0.6797312078125 0.78743494375 0.722840159375 0.737986790625
4 0.7803187953124999 0.6091612937499999 0.7365566375 0.5675207265625 0.7327180656250001 0.4935546890625 0.7084705265625 0.46602185 0.699979346875 0.49985480937500004 0.6856097125 0.49204722500000003 0.675812221875 0.5362902875 0.6947540484375 0.6039562046875 0.7535389968749999 0.7080576 0.7803187953124999 0.6091612937499999
4 0.75639926875 0.467513021875 0.7326376515625 0.5180725734375 0.7326376515625 0.5584118453125 0.76660231875 0.6013536609375 0.805139078125 0.6247765140625 0.8240809046875001 0.5362902875 0.7927289609375 0.5102649390625 0.75639926875 0.467513021875