11 0.4563083 0.2960902453125 0.44651080781249997 0.4535435609375 0.439325940625 0.5667538375000001 0.47851590625 0.5745614234375 0.49615142187499994 0.552439915625 0.494272859375 0.3128906265625 0.4563083 0.2960902453125
11 0.400135975 0.539427240625 0.438019628125 0.5550424109375001 0.4445512890625 0.50689550625 0.439979146875 0.3169104796875 0.4093471703125 0.31451823125 0.4073208421875 0.46915877968749997 0.400135975 0.539427240625
9 0.3766834421875 0.29986979375 0.36682451562499996 0.4379283421875 0.36225237187500003 0.5029917140625 0.36225237187500003 0.5329209046875001 0.38250051093750004 0.5498373703125 0.39948281875 0.5290170625 0.40078918124999996 0.48607524687500003 0.3955638328125 0.3038978046875 0.3766834421875 0.29986979375
15 0.34075334375 0.335677084375 0.33155353593750003 0.45614610468750005 0.3224092515625 0.49518412968750003 0.3322067421875 0.5459335796875 0.35702702343750004 0.51990818125 0.367477671875 0.445735975 0.3727030203125 0.3104041421875 0.339391559375 0.2999939875 0.34075334375 0.335677084375
15 0.292574346875 0.340559896875 0.261011628125 0.3169104796875 0.25382681093750004 0.4079992 0.2466419453125 0.46655623593750006 0.262971096875 0.49388283125 0.30281426875 0.49648537656249997 0.29954843750000004 0.43012075625 0.292574346875 0.340559896875
13 0.22969667187499998 0.3080078140625 0.2172494703125 0.37937130625000004 0.19896085 0.42101187500000004 0.2179026765625 0.46655623593750006 0.24794830625 0.4769663640625 0.25186729375 0.43662709375000003 0.2564394359375 0.285680065625 0.22378113125 0.27657123281249996 0.22969667187499998 0.3080078140625
13 0.20683206250000002 0.25592448125 0.1813253359375 0.24013570468749998 0.1774063484375 0.2908851296875 0.160424040625 0.3910827328125 0.17544688125000002 0.4392296390625 0.2028798359375 0.42361441875 0.209411496875 0.365057384375 0.20683206250000002 0.25592448125
3 0.5085908671875 0.3273206078125 0.496180703125 0.49778667343749994 0.496180703125 0.5667538375000001 0.5490871453125 0.571958878125 0.545168159375 0.473062571875 0.5424518578125 0.33404948125 0.5085908671875 0.3273206078125
3 0.5685828390625 0.3275390640625 0.543208640625 0.33512824375 0.5477808328125 0.514703140625 0.5516998203125001 0.5576450562499999 0.566722609375 0.5628500453124999 0.5908897843750001 0.5420297359374999 0.58109229375 0.4184093296875 0.5685828390625 0.3275390640625
1 0.5869707984375 0.4379283421875 0.5856644359375001 0.5094980515625 0.6039531078125 0.5563437078125 0.6248544015624999 0.543331034375 0.6294265953125 0.47566511718750004 0.620935415625 0.3025965828125 0.58899766875 0.3080078140625 0.5869707984375 0.4379283421875
7 0.6469757828125 0.3031250015625 0.6222417265625 0.3025965828125 0.618322740625 0.48087015781250003 0.632692425 0.5160043875 0.6601253796875 0.5290170625 0.6646975234375 0.4990879203125 0.6549000328125001 0.43532579687500006 0.6469757828125 0.3031250015625
7 0.6764545328125 0.30780159687499997 0.647715215625 0.3091028953125 0.659472225 0.4678574828125 0.671229184375 0.5121005953125 0.68429250625 0.5134018421875 0.699315346875 0.488677790625 0.6908241671875001 0.422313121875 0.6764545328125 0.30780159687499997
5 0.7574471375 0.38587764375 0.7621154203125 0.281966146875 0.7260951453125 0.2869813140625 0.7130318234375 0.3910827328125 0.7019280203125 0.4392296390625 0.7110723546875 0.4678574828125 0.7332799624999999 0.4834727015625 0.7613661734375 0.45224231406250004 0.7574471375 0.38587764375
5 0.805394859375 0.281966146875 0.7692041484375001 0.26485978125 0.75810034375 0.3377307375 0.7554876203124999 0.4405308859375 0.7763889140625 0.46265244218749996 0.8031687640625 0.4184093296875 0.7927180671875 0.355948503125 0.805394859375 0.281966146875
10 0.46970495156250003 0.5769926296875 0.466439121875 0.6433573 0.467092278125 0.7331447234375 0.5056290875 0.7422536046875 0.4990974265625 0.657671221875 0.49345626718749996 0.579817709375 0.46970495156250003 0.5769926296875
10 0.43900616562500006 0.7552662796875 0.46970495156250003 0.7474586953125 0.4716644703125 0.6472610921874999 0.467092278125 0.574390134375 0.43057859218749994 0.5781901046875 0.4376998046875 0.657671221875 0.43900616562500006 0.7552662796875
8 0.3978566828125 0.657671221875 0.386752878125 0.74485615 0.4076541734375 0.7630739140625 0.4233301703125 0.7253371390625001 0.43116814375 0.6472610921874999 0.43378081718750006 0.587402809375 0.4036310171875 0.5716796890625 0.3978566828125 0.657671221875
14 0.3603515796875 0.5863281265625 0.3567072484375 0.673286440625 0.354094575 0.7487599421875 0.3841402046875 0.7552662796875 0.389365553125 0.7058181265625 0.3972035265625 0.5952103953125001 0.3808743734375 0.5665825015625 0.3603515796875 0.5863281265625
14 0.3236048859375 0.5667968765625 0.32404894375 0.6355496656249999 0.31033241718750004 0.701914334375 0.316864078125 0.7331447234375 0.340378096875 0.7058181265625 0.34952238125 0.6355496656249999 0.3710768828125 0.5665825015625 0.35278821250000003 0.5418584734375 0.3236048859375 0.5667968765625
12 0.2084385171875 0.71622825625 0.24847831406249998 0.6611979171875 0.260038646875 0.60171673125 0.28747160312500003 0.543159696875 0.26983613906250004 0.5041216734375 0.235218315625 0.4963141125 0.21954237031249998 0.5691850453125 0.18949671562499998 0.6498636375 0.1953751953125 0.701914334375 0.2084385171875 0.71622825625
12 0.1294054296875 0.587402809375 0.1653295640625 0.63945350625 0.209091671875 0.5626787078125 0.237177834375 0.48850645468750004 0.1940688578125 0.44166084687499996 0.14313779531249998 0.516341146875 0.1294054296875 0.587402809375
2 0.49636366093750006 0.5834989671875 0.501588959375 0.6537674296875 0.5061611515625 0.74485615 0.5349004203125001 0.750061240625 0.5349004203125001 0.686299115625 0.5236702140625 0.5765625015625 0.49636366093750006 0.5834989671875
2 0.5211839421875 0.578293928125 0.5309814328125 0.6498636375 0.5388194562499999 0.7396510609375 0.5636397375 0.73574726875 0.5577612328125 0.651164884375 0.5628666859375 0.5733072921875 0.5211839421875 0.578293928125
0 0.5949917296875 0.6472610921874999 0.5947138203125 0.5733072921875 0.576703059375 0.571787590625 0.5603739062499999 0.587402809375 0.56298658125 0.6290433281250001 0.5695182421875 0.673286440625 0.5838878765625 0.750061240625 0.6087082078125 0.74485615 0.5949917296875 0.6472610921874999
6 0.6355434796874999 0.579817709375 0.6067486890625 0.5613774609375 0.589113225 0.593909146875 0.603482859375 0.6550686765625 0.6191588546875 0.7461573968749999 0.6348348515625 0.7526637359375 0.6309158640625 0.6537674296875 0.6355434796874999 0.579817709375
6 0.7047236031249999 0.5080254656250001 0.6413665125 0.5522685796875 0.6936197984375 0.7344460203125001 0.7465262421875 0.679792778125 0.7125616265625 0.5887040578125 0.7057704921875 0.516341146875 0.7047236031249999 0.5080254656250001
4 0.7772250781250001 0.59260785 0.7547660828125 0.49518229375 0.755017421875 0.4976153359375 0.7066831203125 0.5093267874999999 0.702764134375 0.5522685796875 0.731503453125 0.6290433281250001 0.7667743812500001 0.701914334375 0.8111896953125 0.6745876890625 0.7772250781250001 0.59260785
4 0.832090990625 0.50672419375 0.7939625546875 0.4398437515625 0.7726528859374999 0.4767951015625 0.751098434375 0.49371151874999997 0.7615490828125 0.543159696875 0.8092301765625001 0.5991141859375 0.8477669859375 0.62123574375 0.857564478125 0.578293928125 0.832090990625 0.50672419375