11 0.4645311515625 0.39721714218750004 0.4522143234375 0.53106179375 0.4438164734375 0.6292145296875 0.48524587343750003 0.6314452828125 0.4886050046875 0.5266003734375 0.49063318906250003 0.4074776796875 0.4645311515625 0.39721714218750004
11 0.42198205624999996 0.5065235984375 0.4130243578125 0.5890611078125 0.4163834890625 0.6169454109375 0.4415770375 0.6347913890625 0.45333401875 0.5600615359375001 0.46173186875 0.40614011093749997 0.43113854375000005 0.40329241250000003 0.42198205624999996 0.5065235984375
3 0.52003054375 0.4200334828125 0.518277425 0.40167860624999996 0.48972470156250003 0.40614011093749997 0.48468602499999996 0.575676678125 0.48692541875 0.6381375828125 0.5345132328125 0.62363766875 0.5294745578125 0.5433309546875 0.52003054375 0.4200334828125
3 0.5619462171875 0.3927556375 0.56138636875 0.5366386546874999 0.5725835453125 0.6080224421875 0.6033756609375 0.59017650625 0.5983369 0.4897930171875 0.5879244328125 0.38794642968750004 0.5619462171875 0.3927556375
13 0.30444994531249997 0.35725446562499996 0.2506659296875 0.35037150625 0.244507515625 0.461908715625 0.260743365625 0.5254849328125 0.29153548125 0.5332925453125 0.3156092921875 0.519908071875 0.3105705734375 0.46637017812500003 0.30444994531249997 0.35725446562499996
10 0.48020715625 0.711598228125 0.4902845921875 0.7729436921875 0.50484085625 0.7617899718750001 0.5088315515625 0.64324776875 0.48244659062500006 0.6301760734374999 0.48020715625 0.711598228125
10 0.48132685156250005 0.7997125984375 0.4830064390625 0.6959830015625 0.47908745937499997 0.6569449781250001 0.4521366546875 0.650223215625 0.4454960609375 0.8052894578125 0.48132685156250005 0.7997125984375
15 0.3139297484375 0.7740590484375 0.3279261640625 0.7985973265624999 0.35535910625 0.7283288078125 0.3872709609375 0.6156762015624999 0.3422465453125 0.5958147328125001 0.324566990625 0.6513681171875 0.3139297484375 0.7740590484375
2 0.512408440625 0.7919050265625 0.5493589703125 0.8008279953124999 0.53648229375 0.7060213671875 0.5298296609375 0.640457590625 0.5096091578124999 0.6469066546875 0.512408440625 0.7919050265625
2 0.5314435750000001 0.648022009375 0.539841425 0.711598228125 0.5471195359375 0.78075130625 0.55999625625 0.7952511343750001 0.56839410625 0.757328465625 0.5690261343749999 0.640457590625 0.5314435750000001 0.648022009375
0 0.586524559375 0.616741071875 0.5549575375 0.631291428125 0.5678342578125 0.6970983984375 0.597506634375 0.769597584375 0.6176615078125 0.7930204671875 0.625499509375 0.7606745734375 0.6042249390625 0.689290784375 0.586524559375 0.616741071875
6 0.6145220390625 0.6027901796874999 0.5913482203125 0.622368459375 0.6008658078125 0.669214096875 0.625499509375 0.786328165625 0.657411321875 0.78521276875 0.6344571640625001 0.673675559375 0.630538184375 0.6279453203124999 0.6145220390625 0.6027901796874999
6 0.6282987921875 0.6100993421875 0.6378163390625 0.6747909578125 0.6467740796875 0.7372518625 0.6798055875 0.7762898859375 0.6960413953125 0.7718282953125 0.6814851734375 0.6569449781250001 0.66659235625 0.5859645859375 0.6361367515625 0.57440746875 0.6282987921875 0.6100993421875
4 0.7930059765624999 0.5567522328125001 0.7380306453125 0.49744677656249997 0.716756159375 0.52979260625 0.6982808734375 0.573292071875 0.708918115625 0.6179069546875 0.778900196875 0.6703294515625 0.802414159375 0.6747909578125 0.8180901625000001 0.59113805 0.7930059765624999 0.5567522328125001