11 0.5065204015625 0.5266003734375 0.49763255937500006 0.30005580468750004 0.46229175937500006 0.31021810625 0.4673304359375 0.5254849328125 0.5065204015625 0.5266003734375
11 0.4684501734375 0.52325418125 0.4650910421875 0.41729383281250004 0.46173186875 0.30910273125 0.4320594921875 0.300179740625 0.43113854375000005 0.32795759062499996 0.4331791890625 0.5210235125 0.4684501734375 0.52325418125
3 0.501481725 0.3012951171875 0.5065204015625 0.41952458437500006 0.5093196843750001 0.529946396875 0.5546681062500001 0.52325418125 0.5496293890625 0.43513976875000004 0.5494278984375 0.30005580468750004 0.501481725 0.3012951171875
3 0.5704260078125001 0.30284598281249997 0.5479498015625001 0.2990643859375 0.552428671875 0.3938709921875 0.5473899531249999 0.46971632812499997 0.5552279546875 0.4987159859375 0.5821010906249999 0.495369878125 0.5793018078125 0.43290901562500006 0.5704260078125001 0.30284598281249997
1 0.5865799609375 0.39610174531250003 0.5798616125 0.44071662968750003 0.5927383328125 0.4909083734375 0.6173720765625 0.4819854046875 0.6201713609375 0.42510144375000003 0.610653728125 0.2633725125 0.5907241812499999 0.2679687515625 0.5865799609375 0.39610174531250003
7 0.64391939375 0.28191964375 0.6016960734375 0.27006470625 0.6033756609375 0.3938709921875 0.6089742265625 0.4585626078125 0.6330479953125 0.48644691093750003 0.6470444109375 0.47529318906249995 0.6481641921875 0.4161784328125 0.64391939375 0.28191964375
5 0.775811440625 0.28456453437499996 0.7762074875 0.220535715625 0.7668537843750001 0.187527175 0.73606166875 0.21318076874999997 0.728783515625 0.352602259375 0.7394207578125 0.39164028281249996 0.7825297875 0.3771404109375 0.7931670296875 0.3347562796875 0.775811440625 0.28456453437499996
10 0.45277417187499996 0.6588925 0.45725304062500005 0.731391728125 0.477407871875 0.7325070828125 0.47852756875 0.6399312078125 0.47404874062499996 0.540663075 0.4465371578125 0.5469866078125001 0.45277417187499996 0.6588925
10 0.501481725 0.70462278125 0.50323205625 0.533035715625 0.47404874062499996 0.5451245796874999 0.47852756875 0.7012766734375 0.501481725 0.70462278125
8 0.445137284375 0.5539620546874999 0.4247813390625 0.5484706874999999 0.40742579062499995 0.5785857437499999 0.41694333749999996 0.66223865 0.42310179375 0.7581607171875 0.45669319374999995 0.75035301875 0.45165447500000006 0.6555463921875 0.445137284375 0.5539620546874999
14 0.37304377187500004 0.6669642875 0.371035109375 0.7113149953125 0.394549071875 0.7124303953125 0.42870036093749997 0.5652012703125 0.42310179375 0.526163246875 0.395668809375 0.522817159375 0.382792090625 0.6008931843750001 0.37304377187500004 0.6669642875
14 0.3520456625 0.519084821875 0.3464014078125 0.681199940625 0.354239409375 0.7325070828125 0.365996390625 0.7057381359375 0.3755139796875 0.6377004546875 0.3962286578125 0.5116634390625 0.382792090625 0.506086578125 0.3520456625 0.519084821875
12 0.3195283140625 0.694584415625 0.3514401265625 0.5897394640625 0.3547992578125 0.51054801875 0.3139297484375 0.4748561265625 0.2898558953125 0.5618551609375 0.259653978125 0.6488281265625 0.3195283140625 0.694584415625
12 0.21259566093750001 0.6064700453125 0.247866646875 0.6533156390625 0.302732615625 0.526163246875 0.30721144218749996 0.48043298593749995 0.2506659296875 0.4413949625 0.2176577578125 0.5832589296874999 0.21259566093750001 0.6064700453125
2 0.50236214375 0.7124303953125 0.5253163015625 0.7191226937499999 0.529795128125 0.6466234234375 0.5263299765625 0.5344308046874999 0.50404173125 0.5395477203125 0.50236214375 0.7124303953125
2 0.5286754328125001 0.5328554624999999 0.528115584375 0.62431598125 0.5286754328125001 0.7168918578125 0.5527492421875 0.7269302234375 0.5533091328124999 0.6131622609375 0.5571272046875 0.5344308046874999 0.5286754328125001 0.5328554624999999
0 0.594923803125 0.5637276796874999 0.5745836609375 0.540663075 0.5566682640625 0.559624409375 0.5555485265625 0.6689308656249999 0.563946375 0.7603913859375 0.5801822265625 0.7771219671875 0.588020228125 0.7001612749999999 0.594923803125 0.5637276796874999
6 0.60257649375 0.5640858718749999 0.636727740625 0.7113149953125 0.6490446109375 0.7358532765625 0.6518438953125 0.702392028125 0.6468051765625 0.5830472062500001 0.646245328125 0.5239324937500001 0.6054228593750001 0.523270090625 0.60257649375 0.5640858718749999
4 0.6999915578125 0.45254868437500007 0.683815803125 0.4883928578125 0.6820761625 0.489355996875 0.7117485390625 0.576354990625 0.74366039375 0.64996953125 0.7682940515625 0.6209698734375 0.7542976359375 0.5373169671875 0.7358223921875 0.44697182343749997 0.6999915578125 0.45254868437500007