15 0.331394165625 0.32112651406250003 0.30275452187499996 0.321788190625 0.3063608015625 0.4123337625 0.30418391875 0.47313856093749995 0.30418391875 0.5252569890625 0.32159848750000003 0.5556594390625 0.3433666265625 0.53177179375 0.3488087359375 0.477481796875 0.34118984218750004 0.38410288125 0.331394165625 0.32112651406250003
15 0.33868462187500004 0.341319440625 0.3390130578125 0.4557657203125 0.3390130578125 0.536115028125 0.3596927546875 0.5621742421875 0.38146099218749996 0.5274285578125 0.382549334375 0.47965336562500005 0.3738420984375 0.42536336874999997 0.3684000890625 0.33198445312499997 0.33868462187500004 0.341319440625
9 0.4141132484375 0.38193131406249997 0.4032291296875 0.3298128859375 0.3923450109375 0.316783278125 0.3697151625 0.341319440625 0.374930540625 0.4470793484375 0.378195765625 0.51657061875 0.38037255000000003 0.5491446359375 0.3956102359375 0.55783100625 0.41302480625 0.5491446359375 0.4173784734375 0.4905114046875 0.41955525781249997 0.4383929765625 0.4141132484375 0.38193131406249997
11 0.45329595625 0.4014757234375 0.44350027968749994 0.33849925625 0.43504261718750004 0.3380642328125 0.418466815625 0.37541650937500004 0.4162900328125 0.4427361125 0.415201590625 0.520913753125 0.4217320421875 0.5513162031250001 0.447853846875 0.553487771875 0.45329595625 0.5448014 0.4522075140625 0.4579373859375 0.45329595625 0.4014757234375
11 0.502274340625 0.47096699375 0.502274340625 0.42970650624999995 0.4957438890625 0.3667301375 0.47071042656250006 0.3232980828125 0.455472740625 0.3515288640625 0.4500307296875 0.388446115625 0.4500307296875 0.45142258281250003 0.4511190734375 0.5339433609375 0.4598264078125 0.5621742421875 0.506627909375 0.55783100625 0.5055395671875 0.5100558140625 0.502274340625 0.47096699375
3 0.502274340625 0.3797597453125 0.5033626828125 0.49702620781249995 0.506627909375 0.5556594390625 0.55887151875 0.553487771875 0.55560629375 0.48399660000000005 0.5512527265625 0.360215334375 0.524867865625 0.3185329828125 0.502274340625 0.3797597453125
3 0.55887151875 0.34935729531250004 0.5545179515624999 0.46879532656249995 0.5566947359375 0.5469729671875 0.586081765625 0.538286596875 0.5893469921875 0.47313856093749995 0.5893469921875 0.3623869015625 0.5762860890625 0.3276413171875 0.55887151875 0.34935729531250004
14 0.3841970140625 0.560807459375 0.3762298359375 0.5700802078125 0.3762298359375 0.6045219359375 0.377557740625 0.6376390015625 0.37822163125 0.6840027984375 0.3735741515625 0.713145821875 0.3702544546875 0.7475874890624999 0.37490199375 0.7873279203125 0.3881806015625 0.7939512859375 0.39826458593749997 0.757630528125 0.40876249531250003 0.722418509375 0.4140739265625 0.674729990625 0.41672967187500004 0.6270414718749999 0.41805751406249997 0.5952491265625001 0.41208213281250006 0.57140486875 0.4001313671875 0.558158078125 0.3841970140625 0.560807459375
8 0.4366476140625 0.5661061640625 0.418721465625 0.5647815031250001 0.41141824062500004 0.6005478921875 0.41141824062500004 0.656184496875 0.40942644687499996 0.7025482937499999 0.40809854375 0.775405790625 0.42018201718750003 0.7933728328125 0.43465582031250005 0.762158940625 0.4412951546875 0.7250679515625 0.4485983796875 0.6773794328125 0.45324591875 0.653535175 0.45324591875 0.6111453 0.44926233125000004 0.567430825 0.4366476140625 0.5661061640625
10 0.4598264078125 0.55783100625 0.4522075140625 0.55783100625 0.4511190734375 0.6121210031250001 0.4500307296875 0.6512098234375 0.447853846875 0.6902986453125 0.4489422890625 0.7250443296875 0.4511190734375 0.772819521875 0.46853364218750004 0.7836775609375 0.48268298749999994 0.7684762859375 0.48050610312500003 0.7315591328125 0.48268298749999994 0.6620678625 0.48268298749999994 0.596919828125 0.47506409375 0.5708606140625 0.4598264078125 0.55783100625
10 0.5109815765625 0.757618346875 0.5120700171875 0.6142926703125 0.5109815765625 0.5621742421875 0.4815945453125 0.5600025750000001 0.47506409375 0.6598962937499999 0.48050610312500003 0.727215896875 0.48077183437500004 0.7644965234375001 0.5109815765625 0.757618346875
2 0.502274340625 0.5752038500000001 0.5055395671875 0.6229790421875 0.5055395671875 0.6577246265625 0.5101691890625 0.7579861078125 0.5262192625 0.7532751109375 0.5338381562500001 0.727215896875 0.5338381562500001 0.6859555078125 0.5338381562500001 0.6425234515625 0.5338381562500001 0.58823345625 0.5273077046875 0.566517378125 0.5120700171875 0.5643458109374999 0.502274340625 0.5752038500000001
2 0.5294845875 0.553487771875 0.5294845875 0.5773754171875 0.5316613718750001 0.6512098234375 0.5338381562500001 0.6968134484374999 0.5390217984375 0.7482204828125 0.550164284375 0.779334325 0.5664904125 0.779334325 0.5708440796875001 0.7402455046874999 0.5708440796875001 0.7011566828125 0.561048403125 0.64903825625 0.5599599609375 0.6012630640625 0.5545179515624999 0.5621742421875 0.5294845875 0.553487771875
1 0.631555425 0.3364362109375 0.613917296875 0.314416784375 0.5959438203125 0.3349219328125 0.5912843750000001 0.43632983125 0.5880191484374999 0.534051884375 0.599310846875 0.5634568421874999 0.615909090625 0.5647815031250001 0.62985165 0.5528593734375 0.631555425 0.46673228125 0.631555425 0.3364362109375
7 0.6622703984375 0.3450140609375 0.6342913515624999 0.3282986078125 0.623087690625 0.4362213078125 0.6187340234375001 0.51657061875 0.6350601499999999 0.5513162031250001 0.66118195625 0.553487771875 0.666623965625 0.5035410109375 0.66118195625 0.434049740625 0.6622703984375 0.3450140609375
13 0.29987776718750003 0.383300178125 0.2879270015625 0.3250141921875 0.2746483328125 0.2985206125 0.2607825078125 0.3088660328125 0.25539434375000003 0.3846248390625 0.2534025484375 0.43231335781249997 0.25207470625 0.49059934531250005 0.2607057734375 0.5343138187500001 0.28659909843750003 0.5343138187500001 0.3091727859375 0.5157682640625 0.3124924234375 0.46145638125 0.29987776718750003 0.383300178125
13 0.2567221859375 0.40317039374999997 0.2567221859375 0.35283249375 0.2567221859375 0.3064686984375 0.2514107546875 0.270702309375 0.23414855937499998 0.2826244390625 0.22020596874999998 0.378001475 0.2102469984375 0.4230406109375 0.20360769374999999 0.466755084375 0.21091091875 0.503846134375 0.2334846078125 0.5170929859375 0.25539434375000003 0.5117942203125 0.2600418828125 0.45085891250000004 0.2567221859375 0.40317039374999997
13 0.21489450781250002 0.41509252500000005 0.218214175 0.36740400625 0.2168863015625 0.327663575 0.21489450781250002 0.274676353125 0.197022703125 0.27312372812499996 0.17373078125000002 0.36078058125 0.1591242703125 0.40317039374999997 0.1531488875 0.44688486875000005 0.16045214375 0.47867721406249997 0.17904221250000002 0.48662530156250006 0.19497656562500001 0.5011968125 0.20891912499999998 0.474703171875 0.21489450781250002 0.41509252500000005
7 0.694253015625 0.46807974531249996 0.692261221875 0.42568999375 0.6909333171875 0.37932613593750003 0.68761368125 0.343559746875 0.680974346875 0.32633891406250004 0.667251259375 0.32078013437499997 0.66172035625 0.3753520921875 0.6584007203125 0.43098869687499997 0.65773676875 0.48662530156250006 0.6637121515625 0.52769039375 0.676990759375 0.5488853312499999 0.6935890640625 0.5329891578125 0.6989004953125 0.5131189421875 0.694253015625 0.46807974531249996
5 0.7453757734375 0.4694044671875 0.7380724875 0.3952223078125 0.7380724875 0.362105303125 0.7340888999999999 0.3117674015625 0.71706360625 0.29695193125 0.7028840828125 0.35548187656249997 0.6929251125 0.40714443749999996 0.6902694265625 0.464105703125 0.69491690625 0.5157682640625 0.71018736875 0.5303397765625 0.7320971046875 0.52371635 0.7453757734375 0.50517085625 0.7453757734375 0.4694044671875
5 0.7898591359375 0.46807974531249996 0.7911870390625 0.42171595 0.7852116578125 0.3952223078125 0.7706050859375 0.3395857046875 0.766621496875 0.3064686984375 0.7593183328124999 0.26805292812500003 0.7429660265625 0.26518099375 0.74006428125 0.3197154875 0.74006428125 0.38065079687500003 0.7407281734375 0.43496274062499996 0.742056075 0.474703171875 0.7480314578125 0.49854743125 0.7686132906250001 0.5064955171875 0.783883753125 0.48927468437500005 0.7898591359375 0.46807974531249996
5 0.8323507046874999 0.40052101249999994 0.8137606671875 0.3356116609375 0.809777078125 0.29322184687499997 0.7907858796875 0.2850378296875 0.7865394390625 0.3395857046875 0.7865394390625 0.39257292499999996 0.7872034515624999 0.4588069984375 0.7891952453125 0.4958980484375 0.8064573796875001 0.507820178125 0.8343424984375 0.470729128125 0.839653990625 0.4442354875 0.8323507046874999 0.40052101249999994
0 0.5833764312499999 0.5621321218750001 0.5700978250000001 0.5568334171875 0.558147059375 0.5740542515625 0.560138853125 0.597898509375 0.5608028046875 0.6363142796875 0.5661142359375 0.6840027984375 0.5740814125 0.7409641234375 0.5800567953125 0.78070455625 0.5866961296875 0.805873415625 0.6006386890625001 0.8085228578124999 0.6006386890625001 0.7820291562499999 0.5993107859375 0.73831468125 0.5993107859375 0.6998989703125 0.5993107859375 0.653535175 0.5993107859375 0.6190933875 0.595327196875 0.5793529546875 0.5833764312499999 0.5621321218750001
6 0.6066140718749999 0.5502099921875 0.5993107859375 0.5634567828125 0.5920075609375 0.5820023375 0.5926715125 0.6177687859375001 0.5999747375 0.665457303125 0.6079419140625 0.7277172734375 0.6192287265624999 0.78070455625 0.6333788640625 0.785430096875 0.63184344375 0.7263925515625 0.63184344375 0.6826780765625 0.63184344375 0.6416130453125 0.63184344375 0.6111453 0.6331712859375 0.5767036328125 0.621220521875 0.5634567828125 0.6066140718749999 0.5502099921875
6 0.6696875343750001 0.5647815031250001 0.65441713125 0.5528593734375 0.6378188265625 0.5555086953124999 0.62985165 0.57802829375 0.62454021875 0.5992231703125 0.6331712859375 0.6376390015625 0.6424663671874999 0.69460020625 0.661273778125 0.7556448437500001 0.6710153765625 0.7939512859375 0.678982553125 0.8005747718749999 0.6849579359375 0.7846785984375 0.6796465046875 0.739639403125 0.6763268671875 0.7012236921875 0.6710153765625 0.653535175 0.6676957390625 0.608495978125 0.6696875343750001 0.5647815031250001
4 0.692261221875 0.5422619046875 0.6763268671875 0.5369632015625 0.66172035625 0.547560609375 0.6637121515625 0.5899504234374999 0.671679328125 0.638963603125 0.6783186625 0.7065223359374999 0.68761368125 0.7661329828125 0.6991311609374999 0.7774873640625 0.739400390625 0.7714317484375 0.7407281734375 0.7065223359374999 0.7334250078125 0.6707559468750001 0.7254577703125 0.6243921515624999 0.72479381875 0.5727295906250001 0.722802025 0.5449112875 0.7095234171875 0.5316644359375 0.692261221875 0.5422619046875
4 0.7493593625 0.5157682640625 0.7307692015625 0.5263657328125 0.7201463390625 0.5356384796875 0.7201463390625 0.5820023375 0.731433153125 0.6190933875 0.7433839796874999 0.6707559468750001 0.75068714375 0.709171778125 0.766875953125 0.7417450578125 0.7865394390625 0.7330160375 0.7984902046875 0.7051977359375 0.7898591359375 0.6601585390625 0.781891959375 0.6164440640625 0.779900165625 0.5555086953124999 0.7765804671875001 0.5210670281249999 0.7613101265625 0.5091449 0.7493593625 0.5157682640625
4 0.8230557468749999 0.5422619046875 0.8091131875 0.52371635 0.797162421875 0.5144436031249999 0.7885312328125 0.5356384796875 0.7852116578125 0.5515346531249999 0.7792362749999999 0.5820023375 0.7765804671875001 0.6190933875 0.7897896328125 0.6504036125 0.8117688718749999 0.6469116890625 0.8356704031250001 0.6707559468750001 0.854260440625 0.6773794328125 0.8582440296874999 0.6402883234375001 0.8628916296875 0.612470021875 0.852268646875 0.5833269984375 0.8369983062499999 0.5647815031250001 0.8230557468749999 0.5422619046875
14 0.34967262187500003 0.560807459375 0.3370579046875 0.5753789109375 0.336393953125 0.61379474375 0.33573006250000004 0.6416130453125 0.3317464734375 0.6906261625 0.3244431875 0.7343406375 0.3231153453125 0.758184896875 0.32178750312500004 0.7820291562499999 0.33848976875000003 0.7973442000000001 0.35432009999999997 0.7449381671874999 0.365606975 0.69460020625 0.3702544546875 0.652210453125 0.3808773765625 0.625716871875 0.3828691703125 0.5965738484374999 0.3762298359375 0.5687555468750001 0.3649430234375 0.5647815031250001 0.34967262187500003 0.560807459375
12 0.3470168765625 0.59259980625 0.3470168765625 0.5687555468750001 0.33772185625 0.5528593734375 0.319795709375 0.5488853312499999 0.3071809921875 0.547560609375 0.28991879531250003 0.5462359484375 0.2812876671875 0.547560609375 0.278631921875 0.57140486875 0.27730407968750004 0.6098207 0.27796803125 0.6416130453125 0.2739844421875 0.654859775 0.2673451078125 0.6866521203125 0.26402547187500003 0.714470421875 0.2677562359375 0.7556448437500001 0.273320490625 0.7820291562499999 0.2905826859375 0.7926266859375 0.30784494375000004 0.7926266859375 0.3178039140625 0.7701070265625 0.32709893437500004 0.735665359375 0.334402159375 0.6760547125 0.33971365 0.633664959375 0.3470168765625 0.59259980625
12 0.280623715625 0.6045219359375 0.2839434125 0.5727295906250001 0.2839434125 0.5541840359375 0.2739844421875 0.5435865671875 0.2613697265625 0.5316644359375 0.25008291250000003 0.5197423078125001 0.23414855937499998 0.5170929859375 0.22352563593750002 0.5343138187500001 0.2195420484375 0.5634567828125 0.21755025312499998 0.591275084375 0.213566665625 0.6270414718749999 0.2102469984375 0.65088573125 0.204271615625 0.6826780765625 0.199015196875 0.69806001875 0.19497656562500001 0.7303665953125 0.204271615625 0.7502368109375 0.220869890625 0.755535575 0.2387960375 0.7436134453125 0.2560582953125 0.69724965 0.26402547187500003 0.6614832609375 0.273320490625 0.633664959375 0.280623715625 0.6045219359375
12 0.23215676406250002 0.5541840359375 0.227509225 0.5303397765625 0.21755025312499998 0.5131189421875 0.20227982187500002 0.5117942203125 0.1936487234375 0.5091449 0.1816979578125 0.503846134375 0.1684193203125 0.52371635 0.165099653125 0.5541840359375 0.16115781406250002 0.60870425625 0.161116065625 0.6641325828125 0.1677553984375 0.69724965 0.17904221250000002 0.710496378125 0.190992978125 0.7237432296875 0.20626340937499998 0.691950884375 0.215558459375 0.653535175 0.2241895875 0.61379474375 0.23215676406250002 0.5541840359375