3 0.493633578125 0.6295984578125 0.5024547312500001 0.6483718109375001 0.5130401171875001 0.6495451812499999 0.5300943828125 0.64719849375 0.5412678093750001 0.6354651546875 0.5412678093750001 0.593225071875 0.5412678093750001 0.5556783140625 0.5412678093750001 0.5216515625 0.5412678093750001 0.48645149375 0.5412678093750001 0.43951808750000004 0.5353870749999999 0.3972780046875 0.5273043562499999 0.38772262031250004 0.5189209031249999 0.40079801093749995 0.51186398125 0.433651390625 0.50598319375 0.4535981140625 0.501866690625 0.492318190625 0.49833822968749997 0.5322115843749999 0.49775013437500004 0.566238334375 0.4942216734375 0.6026117203125 0.493633578125 0.6295984578125
3 0.5589101171874999 0.6436784859375 0.570671690625 0.6319451468749999 0.5759643828125001 0.6178651203125 0.57714051875 0.586185059375 0.5736120578125 0.5474649828125 0.5712597328125 0.5087449078125 0.5712597328125 0.4676781421875 0.564790903125 0.4289580671875 0.553617425 0.40079801093749995 0.5477366906250001 0.398451321875 0.5389155375 0.4101847140625 0.5389155375 0.43951808750000004 0.5383274421875 0.4829314875 0.537739346875 0.5439449749999999 0.5400916734375001 0.5920517000000001 0.5400916734375001 0.6166917484375001 0.5442082296875 0.637811790625 0.5589101171874999 0.6436784859375
11 0.4654058859375 0.64250516875 0.48128396249999994 0.64719849375 0.493633578125 0.64719849375 0.49892627031250003 0.628425140625 0.49892627031250003 0.5908783828125 0.49833822968749997 0.5591983218750001 0.49833822968749997 0.5216515625 0.49833822968749997 0.47002483125000005 0.49480976875 0.4230913703125 0.48318309375 0.4017931671875 0.46952244218750006 0.4230913703125 0.46246551875 0.4547714328125 0.4589370578125 0.48997150156249997 0.4542324609375 0.5474649828125 0.45658473125 0.5638916453125 0.45658473125 0.5990917140625001 0.45658473125 0.6307717765625 0.4654058859375 0.64250516875
11 0.4283570390625 0.6389851609375 0.4407066546875 0.64250516875 0.45658473125 0.6354651546875 0.459525153125 0.6190384375 0.459525153125 0.586185059375 0.459525153125 0.5521583078125001 0.459525153125 0.5193049281250001 0.459525153125 0.4782381625 0.459525153125 0.44538478281250005 0.45246822968749995 0.41839804531249997 0.4383543828125 0.4289580671875 0.4318855015625 0.4547714328125 0.4283570390625 0.4829314875 0.42424053749999996 0.5204782453125001 0.42306434687500005 0.5591983218750001 0.42247630625 0.5850116859375001 0.42130011562499997 0.6119984234375 0.4283570390625 0.6389851609375
1 0.5783166546875 0.6237317625000001 0.5900782296875 0.633118465625 0.6077205375 0.6260784515625 0.611837040625 0.6073051 0.6147774609375001 0.5826650515625 0.612425134375 0.5521583078125001 0.6071324421875001 0.5263449421875 0.6047801171875 0.491144871875 0.6024278453125 0.460638128125 0.5988993828125 0.43130475625000003 0.589074125 0.41586371250000004 0.57890475 0.41957136406249995 0.5712597328125 0.44773141875 0.5712597328125 0.47119815000000004 0.5694955015625001 0.5110915421875 0.570671690625 0.5427716046875 0.570671690625 0.5767983562500001 0.5730239625 0.6049584109375 0.5783166546875 0.6237317625000001
7 0.6241866546875 0.61082510625 0.6318316734375 0.61082510625 0.639476690625 0.6002650859374999 0.645357425 0.5838383687500001 0.645357425 0.5509849890625 0.6412409218749999 0.5239982515625 0.6377124609375 0.48175817031249996 0.6377124609375 0.44303809375 0.633595903125 0.41605135625 0.6241866546875 0.40431801875 0.610072809375 0.4266113765625 0.599487425 0.45711812187499995 0.597135153125 0.5028782109375001 0.5959589624999999 0.5486383 0.5941947328125 0.5814916796875 0.60007551875 0.601438403125 0.6112489984375 0.6073051 0.6241866546875 0.61082510625
7 0.6488858859375 0.58853169375 0.6618235968749999 0.593225071875 0.6759374421875 0.5826650515625 0.67828976875 0.562718328125 0.67828976875 0.531038265625 0.672997075 0.5146115484375 0.6688805203125 0.47706484531250004 0.6629997328125 0.4406914046875 0.6508438937500001 0.4141048953125 0.6400647328125 0.41487803906250004 0.637124365625 0.4266113765625 0.6341839984375001 0.451251425 0.633007809375 0.48997150156249997 0.633007809375 0.5322115843749999 0.631243578125 0.567411653125 0.638888596875 0.58853169375 0.6488858859375 0.58853169375
5 0.682994365625 0.5850116859375001 0.6971082125 0.5756250374999999 0.710045921875 0.5603716390625 0.7235717265625 0.5462916109375 0.7265120406250001 0.5298649484375 0.718867075 0.5052249 0.71239819375 0.47002483125000005 0.7065174609375 0.433651390625 0.6971082125 0.40197132968749993 0.683493628125 0.377169709375 0.6712328453125 0.40079801093749995 0.662411690625 0.43130475625000003 0.6588832296875 0.45594480312499996 0.6629997328125 0.5005315218749999 0.6635878265625 0.534558271875 0.6665281937499999 0.5603716390625 0.672997075 0.5756250374999999 0.682994365625 0.5850116859375001
5 0.7165148046875001 0.534558271875 0.7282762703125 0.5415982859375 0.744154346875 0.5275182593750001 0.7612086140625001 0.5099182250000001 0.7653251171875 0.4782381625 0.7612086140625001 0.45242479687500003 0.75532788125 0.43130475625000003 0.7418020750000001 0.40079801093749995 0.7353331937500001 0.36794463125 0.722320340625 0.34199334375 0.711810153125 0.3526912328125 0.7065174609375 0.364424625 0.704165134375 0.3796779703125 0.7029889984375 0.4054913359375 0.708281690625 0.43951808750000004 0.7112221125 0.4829314875 0.7141624249999999 0.504051528125 0.7165148046875001 0.534558271875
5 0.7423901171875 0.3174911640625 0.7376855734375 0.351517915625 0.7359213421875 0.3761579625 0.7365093828125 0.40197132968749993 0.741214034375 0.42543805937499996 0.747682809375 0.44421141249999996 0.7690888796875 0.445763625 0.7776747328125 0.4242647421875 0.782967425 0.4054913359375 0.7817913421875 0.3785046515625 0.7770866921875 0.3409578953125 0.771794 0.30575782500000004 0.75826819375 0.2940244875 0.7488589984375 0.30341113750000004 0.7423901171875 0.3174911640625
9 0.38248703906250003 0.59557170625 0.39130819375 0.62255844375 0.4030697671875 0.6295984578125 0.4148312890625 0.6178651203125 0.42306434687500005 0.6073051 0.428945134375 0.586185059375 0.42659280937500005 0.54042496875 0.42659280937500005 0.5122649140625 0.4295332296875 0.47706484531250004 0.4295332296875 0.4418647765625 0.4284727265625 0.4035519859375 0.41659551875 0.40197132968749993 0.4095385953125 0.40431801875 0.401893578125 0.4289580671875 0.39718898125 0.4547714328125 0.39248438281250003 0.48645149375 0.388955921875 0.535731590625 0.384839365625 0.5732783484375 0.38248703906250003 0.59557170625
15 0.35896399843750004 0.62021175625 0.3736658859375 0.62255844375 0.3836632296875 0.6073051 0.397777075 0.5920517000000001 0.403657809375 0.5791450453125 0.40659822968750003 0.5486383 0.4024816734375 0.51343823125 0.400129346875 0.47941148125 0.39954130625 0.4406914046875 0.39542475 0.40783802500000005 0.38719169062500003 0.39023799062500003 0.3866035953125 0.38437129531249997 0.3713136140625 0.38671798281249997 0.36484473125 0.41957136406249995 0.3595520390625 0.4582914390625 0.3571997671875 0.504051528125 0.3530832109375 0.5380782796875 0.35131898125 0.5638916453125 0.35131898125 0.5990917140625001 0.35896399843750004 0.62021175625
15 0.3365913046875 0.6026117203125 0.3471766890625 0.6002650859374999 0.35599784375 0.5908783828125 0.364818996875 0.5779716734375 0.368347459375 0.5509849890625 0.3695236484375 0.5239982515625 0.3671713234375 0.48762486562499996 0.3671713234375 0.45711812187499995 0.3654070921875 0.41487803906250004 0.3377674953125 0.4031447 0.33188670781249996 0.4359980796875 0.32953438125 0.468851459375 0.3242416890625 0.5146115484375 0.3177728609375 0.5486383 0.3148324953125 0.567411653125 0.32071322812499997 0.586185059375 0.3277701515625 0.597918396875 0.3365913046875 0.6026117203125
13 0.2719028609375 0.5462916109375 0.281312109375 0.567411653125 0.2930736296875 0.5850116859375001 0.31012784375 0.58853169375 0.323065553125 0.58853169375 0.33306284375 0.5732783484375 0.3365913046875 0.5521583078125001 0.33071057187499997 0.5110915421875 0.326594015625 0.4723714671875 0.3277701515625 0.44773141875 0.3243641953125 0.4017931671875 0.311892075 0.385544665625 0.297778228125 0.3890646734375 0.293661725 0.40666470625000006 0.2860167078125 0.45594480312499996 0.2795478796875 0.49701151406250005 0.2719028609375 0.522824934375 0.2719028609375 0.5462916109375
13 0.22485672499999998 0.5099182250000001 0.230737459375 0.5275182593750001 0.2395586125 0.54042496875 0.253672459375 0.54511829375 0.26778630468750003 0.54511829375 0.2777836484375 0.5333849546875 0.280724015625 0.5052249 0.28425247656249997 0.4676781421875 0.28425247656249997 0.4348247625 0.28425247656249997 0.40431801875 0.27847808125 0.354305071875 0.2630817078125 0.351517915625 0.254260553125 0.351517915625 0.24837976718750002 0.37733128125 0.24367516875 0.41370472031250005 0.24132284375 0.44421141249999996 0.23250168906250002 0.4676781421875 0.227208996875 0.4841048578125 0.22485672499999998 0.5099182250000001
13 0.2113309203125 0.4723714671875 0.21838784375000003 0.47941148125 0.230737459375 0.4758914734375 0.2424990328125 0.46298481718750006 0.24896786093749998 0.43834476875000006 0.24720362968749998 0.40783802500000005 0.247791725 0.3749846453125 0.24955595625 0.3538646046875 0.24955595625 0.33391788125 0.23965136875 0.3349580703125 0.22603286093750002 0.3397845765625 0.2189759375 0.3667712609375 0.2113309203125 0.3890646734375 0.20309786093749999 0.4031447 0.1989813046875 0.41605135625 0.1966290328125 0.4359980796875 0.20427399687499997 0.4547714328125 0.2113309203125 0.4723714671875
8 0.43981245468749997 0.6771126265625 0.4339317203125 0.6583392734375 0.422758240625 0.64660588125 0.41099672031249995 0.6407392390625 0.405704028125 0.664205915625 0.399823240625 0.6841526390625 0.399823240625 0.7017526734375 0.397470915625 0.753379459375 0.396882875 0.788579528125 0.39935269375 0.8186331093750001 0.40393979843750005 0.84137963125 0.4174655484375 0.8472462734375 0.43040325937499996 0.8378596234375 0.4345197625 0.8096995687499999 0.4345197625 0.7791928796875001 0.43628399218749997 0.731086046875 0.4380482234375 0.7040993640625001 0.43981245468749997 0.6771126265625
10 0.4686282421875 0.6747659359375 0.465687875 0.6595125921875 0.45569053125 0.6524725765625 0.445693240625 0.651299259375 0.43863631875 0.6559925843750001 0.4368720875 0.67359261875 0.4356959515625 0.695885978125 0.43628399218749997 0.7240460328125 0.4380482234375 0.7615928453125 0.4434739578125 0.7904920171875001 0.44745747187499996 0.8214329625 0.4574547625 0.8214329625 0.4650997796875 0.8108729406249999 0.4650997796875 0.7897529 0.466275915625 0.7615928453125 0.466275915625 0.735779425 0.4686282421875 0.7064459984375 0.4686282421875 0.6747659359375
10 0.4897990109375 0.8073529328125 0.497444028125 0.7991395484375 0.49862016562499994 0.7721528656250001 0.49509170312500006 0.7463394453125 0.49450360781249997 0.7252194046875 0.492739378125 0.691192653125 0.4921513359375 0.6700726125 0.48583037031250004 0.662098278125 0.476273259375 0.6606859093749999 0.46686401093749996 0.6665526046875 0.465687875 0.7076193703125 0.465687875 0.731086046875 0.4692163359375 0.7674594875 0.470392471875 0.7909261640625 0.47862553124999996 0.8143929468750001 0.4897990109375 0.8073529328125
2 0.5150863359375 0.6665526046875 0.50744131875 0.6571659015625 0.497444028125 0.6571659015625 0.4915632421875 0.664205915625 0.489210915625 0.67828594375 0.489210915625 0.699405984375 0.4921513359375 0.7287394109374999 0.49509170312500006 0.7522060875000001 0.503478875 0.7852155609375 0.5103816859375 0.8120462046875 0.5227313 0.8120462046875 0.5274359515625 0.7967929125000001 0.5274359515625 0.7698061218750001 0.5215551656249999 0.7463394453125 0.518026703125 0.7111393765625 0.518026703125 0.6864993296875 0.5150863359375 0.6665526046875
2 0.535080915625 0.6571659015625 0.5250836265625 0.6571659015625 0.518026703125 0.6630325984375001 0.516262471875 0.6747659359375 0.516262471875 0.699405984375 0.520379028125 0.7334327359375 0.523907490625 0.7580728375 0.5315524546875 0.7944461703125001 0.5415497984375001 0.801486184375 0.5503709515625 0.7967929125000001 0.55331131875 0.7838861500000001 0.5491947625 0.753379459375 0.546842490625 0.7193527078125 0.5456662999999999 0.6888459640625 0.5421378390625 0.66889929375 0.535080915625 0.6571659015625
0 0.5815390109374999 0.66889929375 0.5768344125 0.6571659015625 0.567425165625 0.6477792531250001 0.55507555 0.64660588125 0.5486067203125 0.6559925843750001 0.543314028125 0.6700726125 0.5415497984375001 0.68532595625 0.5456662999999999 0.7134860125 0.5515470875 0.7428194390625 0.5538994125000001 0.766286115625 0.557427875 0.78740615625 0.565660934375 0.820259590625 0.5756582234375001 0.8378596234375 0.584479378125 0.8319929828125 0.5897720703125 0.820259590625 0.590360165625 0.7897529 0.5862436078125 0.753379459375 0.5833032421875 0.714659384375 0.5815390109374999 0.6900193359375 0.5815390109374999 0.66889929375
14 0.40629207031250003 0.7123126937500001 0.4151132234375 0.6900193359375 0.4162894125 0.6665526046875 0.4115847625 0.651299259375 0.39864710625 0.6430858749999999 0.3874736265625 0.63956586875 0.380416703125 0.6360458609374999 0.3710074546875 0.6407392390625 0.3710074546875 0.664205915625 0.3686551828125 0.6935393421875 0.36512672031250004 0.726392721875 0.361598259375 0.7639394796875 0.3604220703125 0.78740615625 0.35876113125 0.8010449265625 0.36101016406249997 0.8331662468750001 0.3692432234375 0.8542862875000001 0.3727716859375 0.8448996390625 0.38159283906249997 0.8378596234375 0.38923785624999996 0.8132195765624999 0.396882875 0.7862328921875 0.401587471875 0.7404728031250001 0.40629207031250003 0.7123126937500001
14 0.353365146875 0.7909261640625 0.359834028125 0.7768461359375001 0.3657147625 0.74868608125 0.3710074546875 0.7228727140625 0.374535915625 0.6900193359375 0.3833570703125 0.6653792875 0.384533259375 0.644259246875 0.3715955484375 0.63017921875 0.3604220703125 0.6196191984375 0.3504247796875 0.6184458265624999 0.3416036265625 0.6266592125 0.336899028125 0.6489525703125001 0.3357228390625 0.6747659359375 0.3321943765625 0.702925990625 0.32631364375 0.731086046875 0.32396131875 0.7580728375 0.3186686265625 0.78740615625 0.313964028125 0.8038329265625 0.30690710625 0.8214329625 0.2980859515625 0.8272996031250001 0.2957336265625 0.8437262671875001 0.3022024546875 0.8531130234375001 0.31572825937500004 0.855459659375 0.32631364375 0.8437262671875001 0.33866325937499997 0.8214329625 0.3451320875 0.8061795625 0.353365146875 0.7909261640625
6 0.6150593953125 0.6900193359375 0.6144713 0.6595125921875 0.611530934375 0.6454325640625 0.5997694140625 0.63956586875 0.586831703125 0.63956586875 0.57624631875 0.6548192671875 0.5721297625 0.6677259234374999 0.5721297625 0.68532595625 0.5768344125 0.7111393765625 0.580362875 0.731086046875 0.585067471875 0.7627661078125 0.5897720703125 0.7920995343749999 0.6031929296875 0.8362212921875001 0.6127070703124999 0.8484196453124999 0.6227044140625 0.8472462734375 0.628585146875 0.8355129890624999 0.6291732421875 0.8132195765624999 0.6203520874999999 0.7956195421875 0.6185878578125 0.77097949375 0.61623553125 0.731086046875 0.6150593953125 0.6900193359375
6 0.653872471875 0.7040993640625001 0.649755915625 0.6794593140625 0.6462274546875 0.6524725765625 0.6438751828125 0.633699225 0.6379943953125 0.617272509375 0.6274090109375 0.617272509375 0.6203520874999999 0.6219658328125 0.611530934375 0.6231392046875001 0.6044740109375 0.63017921875 0.5997694140625 0.6430858749999999 0.6009455499999999 0.664205915625 0.608002471875 0.68532595625 0.6127070703124999 0.702925990625 0.6209401828125001 0.721699396875 0.6279971062499999 0.74868608125 0.636818259375 0.7686328578125 0.6438751828125 0.7944461703125001 0.6552560203125 0.8080801984375 0.663281721875 0.8190862187500001 0.6726909156249999 0.8237795968749999 0.6785717578125 0.8167395828125 0.6773955671875 0.7991395484375 0.6709266859375 0.7744995015625 0.6656339921875001 0.7580728375 0.657400934375 0.726392721875 0.653872471875 0.7040993640625001
4 0.7038590296875 0.6383925500000001 0.6997425265625 0.6160991921875001 0.6950378749999999 0.5914591421875001 0.6891571421875 0.57620574375 0.6809240296875 0.5785524328125 0.6715147796875 0.577379115625 0.659753259375 0.5844191296875 0.6385824906249999 0.5914591421875001 0.630937471875 0.6043657984374999 0.628585146875 0.620792515625 0.6297613375 0.6454325640625 0.6432870875 0.6665526046875 0.649755915625 0.6864993296875 0.6591651656249999 0.7205260265625 0.6638697625 0.7475128171875001 0.6691624546875 0.7674594875 0.6852584796875 0.781697925 0.697390146875 0.7850595218749999 0.7062113015625 0.7686328578125 0.71973710625 0.7580728375 0.72797021875 0.7416460671875 0.7267940296875001 0.7123126937500001 0.719149065625 0.6923659703125 0.7120921421874999 0.6653792875 0.7038590296875 0.6383925500000001
4 0.7579621421875 0.6231392046875001 0.755021721875 0.5914591421875001 0.7479647984375 0.5574323921875 0.7420840656250001 0.538659040625 0.7267940296875001 0.53748566875 0.717384834375 0.5421790468750001 0.7103279109375 0.551565696875 0.6979782953125 0.5574323921875 0.6920974546875 0.57151241875 0.6873929109375 0.5844191296875 0.6873929109375 0.6114058124999999 0.6932736453125 0.6243125218750001 0.7009186093750001 0.6360458609374999 0.7073874906250001 0.651299259375 0.7150324546875 0.66889929375 0.722089378125 0.68532595625 0.73202701875 0.7060687375 0.740907875 0.7205260265625 0.7503170703125 0.7252194046875 0.763842875 0.721699396875 0.7726640296875 0.702925990625 0.777956721875 0.6747659359375 0.7720759875 0.6571659015625 0.763842875 0.6489525703125001 0.7579621421875 0.6231392046875001
4 0.7944228390625 0.5527390671875 0.7791329109375 0.5480456890625 0.76560710625 0.5421790468750001 0.7556097625 0.54452568125 0.7520813015625001 0.5621257171875 0.7503170703125 0.582072440625 0.7491409875 0.6067124890625 0.7473767578125 0.6313525359375001 0.7561979109375 0.6618592796875 0.77526585625 0.6638570968749999 0.7873659171875 0.6712459296875 0.800891721875 0.6712459296875 0.8132413375 0.6712459296875 0.8202982593750001 0.6524725765625 0.8244147625 0.63017921875 0.8250029109374999 0.6020191640625 0.8132413375 0.5691657296875 0.7944228390625 0.5527390671875
12 0.353953240625 0.6571659015625 0.3563055671875 0.633699225 0.353953240625 0.6196191984375 0.33925130000000003 0.6055391703125 0.32631364375 0.6043657984374999 0.31455206874999997 0.593805778125 0.307495146875 0.590285771875 0.2957336265625 0.585592446875 0.28985283906250003 0.6055391703125 0.2857363359375 0.6325258546875 0.2786794125 0.6524725765625 0.2727986265625 0.66889929375 0.26632979843750004 0.68180595 0.259272875 0.702925990625 0.24927553125 0.727566040625 0.244570934375 0.753379459375 0.25162785625 0.7780195078125 0.2604490109375 0.7920995343749999 0.27044630000000003 0.8061795625 0.2798555484375 0.8085261984375001 0.29434408749999996 0.8010449265625 0.3092593765625 0.78740615625 0.3186686265625 0.7686328578125 0.3274897796875 0.7428194390625 0.3333705671875 0.71700601875 0.3421917203125 0.6888459640625 0.3480724546875 0.67359261875 0.353953240625 0.6571659015625
12 0.282795915625 0.5656457234375 0.2727986265625 0.5527390671875 0.25515631875 0.5351390328125001 0.243394796875 0.53631235 0.235161684375 0.551565696875 0.22986899218749998 0.5679924125 0.2245763 0.5961524671875 0.2186955390625 0.6196191984375 0.20458169375000002 0.6630325984375001 0.198700934375 0.68532595625 0.193408240625 0.7111393765625 0.206345925 0.735779425 0.223750065625 0.7517980140625 0.238690146875 0.734606053125 0.258096684375 0.69705935 0.263977471875 0.6700726125 0.27809131875 0.6477792531250001 0.285148240625 0.6278325296875 0.29338129999999996 0.6055391703125 0.2957336265625 0.580899121875 0.282795915625 0.5656457234375
12 0.2081101546875 0.5433523640625 0.198700934375 0.5433523640625 0.18047053125 0.5574323921875 0.1687090109375 0.5703391015625 0.15400706875 0.580899121875 0.1498905390625 0.6067124890625 0.147538240625 0.63956586875 0.1569474625 0.6724193015625 0.168157275 0.6796864625000001 0.190467846875 0.6771126265625 0.20752208749999998 0.6724193015625 0.22398823124999998 0.6606859093749999 0.23163322343749998 0.6383925500000001 0.235161684375 0.612579184375 0.2292809515625 0.5844191296875 0.22398823124999998 0.5527390671875 0.2081101546875 0.5433523640625