11 0.46438087031249997 0.587444815625 0.4819623625 0.5959204125 0.4983313046875 0.5947095796874999 0.506212609375 0.587444815625 0.50863765625 0.5620181390625001 0.50803138125 0.5353806859375 0.5074251609375 0.4978460875 0.5043938375 0.4542574984375 0.501362571875 0.4251984390625 0.49651253281249996 0.3852422328125 0.48270382031250003 0.36385110468750004 0.47044345937500004 0.365869490625 0.4625621 0.37918824375 0.464987146875 0.4118796859375 0.464987146875 0.4530466671875 0.464987146875 0.4990568625 0.4619558796875 0.5365914625 0.4619558796875 0.564439746875 0.46438087031249997 0.587444815625
11 0.43043049218749996 0.525694315625 0.43043049218749996 0.5511209921875 0.43709930156250004 0.5801800515625 0.44801192968750003 0.587444815625 0.46134960312500006 0.58139088125 0.4668059171875 0.5704937359375 0.4668059171875 0.5378022921875 0.4668059171875 0.5051108515625 0.4668059171875 0.4615222640625 0.46559342187499997 0.3961393796875 0.4571057859375 0.365869490625 0.4443743875 0.365869490625 0.43952434843750005 0.3719234796875 0.43588680625 0.40219331406250003 0.43528053125 0.426409215625 0.43528053125 0.45183589218750003 0.43285553906249996 0.47726256874999995 0.43285553906249996 0.5039000203125 0.43043049218749996 0.525694315625
3 0.5025750671875 0.565650521875 0.5025750671875 0.5947095796874999 0.5134876937499999 0.6068175578125 0.53167540625 0.6031851765625 0.5468318531249999 0.5922880296875 0.5480443484374999 0.5535425984375 0.5480443484374999 0.517218775 0.5504693953124999 0.4869489390625 0.5553194328125 0.43730636250000005 0.5583507562500001 0.4046149203125 0.5468318531249999 0.3767666375 0.5322816828125 0.3828206265625 0.524400321875 0.39735015625000003 0.5183377890624999 0.42761999062499995 0.5134876937499999 0.46999780312499995 0.5098501515625 0.49663525625 0.5050001140625 0.5244835390625 0.5025750671875 0.5450670578125 0.5025750671875 0.565650521875
3 0.5771446874999999 0.58139088125 0.5795697343749999 0.5450670578125 0.5777509640625 0.4845273328125 0.5795697343749999 0.4542574984375 0.5795697343749999 0.410668909375 0.5795697343749999 0.388874615625 0.565019565625 0.3852422328125 0.5535006625000001 0.39856093125 0.5510756703124999 0.44093874375000003 0.5492568999999999 0.4857381078125 0.547438128125 0.525694315625 0.54501308125 0.5608073640625 0.54986311875 0.5947095796874999 0.565625840625 0.5934988046874999 0.5771446874999999 0.58139088125
1 0.58078223125 0.5777585000000001 0.588057315625 0.5971311874999999 0.6007887140625 0.5910771984375 0.6123076171874999 0.5717045109375001 0.61837020625 0.5426454515625 0.6147326640624999 0.508743234375 0.6147326640624999 0.47847334375 0.6153388843750001 0.428830821875 0.6171576562500001 0.3925069984375 0.6171576562500001 0.3634479390625 0.6056388078125 0.3573939484375 0.5959386765625 0.36102633125 0.592301134375 0.3767666375 0.5892698671875001 0.40945807968750003 0.5862385453125001 0.45667905 0.5813885062499999 0.49663525625 0.5783572390625 0.51964038125 0.5759321921875 0.5511209921875 0.58078223125 0.5777585000000001
9 0.3892050296875 0.547488609375 0.3952675625 0.5692829046875 0.40193642812499997 0.583812434375 0.4098177328125 0.5922880296875 0.42012414062500003 0.5801800515625 0.426186675 0.5595965875 0.43588680625 0.5353806859375 0.43588680625 0.512375615625 0.43406803437499997 0.48331655781249994 0.43406803437499997 0.450625115625 0.43406803437499997 0.4118796859375 0.4346743109375 0.37071270312500004 0.4346743109375 0.3392320375 0.4213366359375 0.3343888796875 0.40860523750000005 0.3416536453125 0.40193642812499997 0.365869490625 0.4001176578125 0.39371777343750003 0.397086334375 0.42398760781249994 0.39466134375 0.45788988125 0.392236296875 0.489370490625 0.3885987546875 0.526905146875 0.3892050296875 0.547488609375
5 0.7578093734375 0.4942137046875 0.7711469921874999 0.488159715625 0.78630338125 0.47241941093750006 0.78630338125 0.44336035156250003 0.779634628125 0.4143012921875 0.7778158562499999 0.3731342546875 0.774784534375 0.328334890625 0.7675094484375 0.292011065625 0.7590218125 0.2944326734375 0.745077975 0.3016974390625 0.7408341 0.34407519531249997 0.7359841171875 0.386453009375 0.733559015625 0.4130904609375 0.729315253125 0.44578190156249997 0.7305278046875 0.47363018593749995 0.7390153296874999 0.491792096875 0.7578093734375 0.4942137046875
5 0.665658259375 0.5559642046875 0.6826334203125 0.5692829046875 0.69536481875 0.5753368921875001 0.7074899984374999 0.5777585000000001 0.7129463109375 0.565650521875 0.720221396875 0.541434675 0.7226463875 0.5135863921875 0.720221396875 0.490581321875 0.718402625 0.46636542031249995 0.72204016875 0.4360955875 0.7256777109375 0.40340414375 0.7232526640625 0.369501871875 0.7026399046875 0.3634479390625 0.692333553125 0.368291096875 0.6814209250000001 0.3828206265625 0.679602153125 0.4360955875 0.6765708859374999 0.4615222640625 0.6711145734375 0.49663525625 0.6662644796875 0.5220619328125 0.665658259375 0.5559642046875
13 0.27159111875 0.45183589218750003 0.274622440625 0.41672284375 0.27159111875 0.388874615625 0.2691661265625 0.348918409375 0.26734735625 0.3150161359375 0.26067849062500004 0.2823246953125 0.2352640375 0.291252375 0.2315781515625 0.34407519531249997 0.22672811249999997 0.3852422328125 0.22066552343749998 0.41914445 0.22005927500000003 0.449414284375 0.23097190312500002 0.47120857968749996 0.24309705468749998 0.47120857968749996 0.2624972625 0.47120857968749996 0.27159111875 0.45183589218750003
10 0.4461931578125 0.6092391109374999 0.442555615625 0.6310334046875 0.4455869375 0.667357228125 0.4461931578125 0.6964162875000001 0.4449806625 0.729107728125 0.4449806625 0.7617991703125 0.45225574843749994 0.78238274375 0.462690309375 0.770403990625 0.47226223125000005 0.74121570625 0.47468727812499995 0.6915731843749999 0.4758997734375 0.6637248453125 0.478931040625 0.6261902453125 0.47953731718750003 0.5959204125 0.46438087031249997 0.5850232640625 0.45468079375 0.5898664234375001 0.4461931578125 0.6092391109374999
10 0.49044994375 0.5898664234375001 0.4777185453125 0.6031851765625 0.47468727812499995 0.63829816875 0.4752934984375 0.6915731843749999 0.4765060484375 0.7145781984374999 0.47724559062500005 0.7685890234375 0.48984366875 0.7702747671875 0.4983313046875 0.7424265375 0.5025750671875 0.708524265625 0.5007562953125 0.672200440625 0.5037876171875 0.647984540625 0.5068188859375 0.6213470875 0.50863765625 0.59955279375 0.49044994375 0.5898664234375001
2 0.5165190171875 0.5862340406250001 0.5050001140625 0.5947095796874999 0.5043938375 0.6237686390625 0.5037876171875 0.649195315625 0.5037876171875 0.6879408031249999 0.5050001140625 0.709735096875 0.510904678125 0.7468094046875 0.5159127406249999 0.7739071484375 0.53167540625 0.7751179796875001 0.533494178125 0.7424265375 0.5328879578125 0.708524265625 0.5322816828125 0.675832825 0.5322816828125 0.639509 0.53167540625 0.5959204125 0.5165190171875 0.5862340406250001
2 0.5322816828125 0.5934988046874999 0.52682536875 0.6056067281249999 0.5286441390625 0.639509 0.53167540625 0.6843084203124999 0.53531295 0.726686178125 0.5391055359375 0.775848896875 0.5583507562500001 0.7739071484375 0.5619882984375 0.7448480890625 0.5619882984375 0.7012595015625 0.5619882984375 0.6625140703125 0.5619882984375 0.627401021875 0.560775746875 0.5983419624999999 0.5462255765624999 0.5862340406250001 0.5322816828125 0.5934988046874999
0 0.5953324 0.63587661875 0.5916948578125 0.6080283343749999 0.5826010015625 0.5959204125 0.57229465 0.588655646875 0.565625840625 0.587444815625 0.5595632515625 0.5947095796874999 0.5547132125 0.616503875 0.5541069375000001 0.63708739375 0.5583507562500001 0.6588816875 0.5619882984375 0.67946520625 0.5662320609375 0.7145781984374999 0.569869603125 0.7509020234375 0.5753259171875 0.7848042953125 0.5832072765625 0.8090201421875 0.5947261796875 0.8138633546875 0.6026074859375 0.79570144375 0.6026074859375 0.767853215625 0.6026074859375 0.737583325 0.601394990625 0.6988379484375 0.5965449515625 0.6625140703125 0.5953324 0.63587661875
8 0.44376816718749995 0.57654766875 0.4346743109375 0.5826016578125001 0.4213366359375 0.5862340406250001 0.4122427796875 0.6056067281249999 0.4098177328125 0.63829816875 0.4049676953125 0.668568059375 0.40193642812499997 0.6915731843749999 0.397086334375 0.7218429640624999 0.392236296875 0.743637259375 0.3867799828125 0.7908582296875 0.3867799828125 0.8162849062499999 0.40174006718750005 0.828482975 0.41830536875 0.7993338249999999 0.4255804546875 0.7533236859375 0.43406803437499997 0.7230537953125 0.44194939531250005 0.686729971875 0.45043697656250004 0.6528277 0.4583183375 0.6152930999999999 0.45225574843749994 0.587444815625 0.44376816718749995 0.57654766875
6 0.6298890546875 0.6540385296875 0.629282834375 0.6177147062499999 0.624432740625 0.5922880296875 0.6135201140625 0.5789692750000001 0.602001265625 0.5826016578125001 0.5965449515625 0.5922880296875 0.592907409375 0.6056067281249999 0.5904823625 0.62013625625 0.592301134375 0.650406146875 0.597757446875 0.6709896109375 0.6026074859375 0.709735096875 0.6038200375 0.7460589203125 0.6080638 0.7860151265625 0.612791646875 0.8012584515625001 0.6207951984375 0.8078094203124999 0.63110160625 0.8029662078124999 0.6371641390625 0.79570144375 0.6371641390625 0.7702747671875 0.634132871875 0.7351617734375 0.6304953296875 0.709735096875 0.6298890546875 0.6830975890625 0.6298890546875 0.6540385296875
6 0.6632332125 0.6588816875 0.6626269359375 0.6334550109375 0.6626269359375 0.6056067281249999 0.6577768984375 0.583812434375 0.6468642703125 0.5704937359375 0.6353453671875 0.564439746875 0.6256452921875 0.566861353125 0.6220077484375001 0.57654766875 0.6220077484375001 0.6019743453124999 0.6256452921875 0.6443521578125 0.629282834375 0.6734112718749999 0.6329203765625 0.729107728125 0.63655791875 0.7509020234375 0.644631325 0.78673870625 0.65474563125 0.7932798921875001 0.6662644796875 0.7969122750000001 0.6735395640624999 0.7932798921875001 0.6753583359374999 0.7751179796875001 0.670508296875 0.743637259375 0.6668707546875 0.7133674796875 0.6638394875 0.6830975890625 0.6632332125 0.6588816875
4 0.779634628125 0.5426454515625 0.76387190625 0.5244835390625 0.751746728125 0.5039000203125 0.7408341 0.490581321875 0.7305278046875 0.5014784703124999 0.7256777109375 0.530537528125 0.7171900734375 0.5583857562500001 0.7093087687499999 0.5862340406250001 0.715371303125 0.6080283343749999 0.7210465515625 0.6106867859375 0.7408341 0.6346657875 0.7602343640625 0.65646008125 0.7832721703125001 0.668568059375 0.8008535515625 0.6649356765625 0.8111599593750001 0.6249794703125 0.8111599593750001 0.588655646875 0.794184796875 0.5583857562500001 0.779634628125 0.5426454515625
14 0.4122427796875 0.6419305515625 0.41769909375000003 0.6140823234375 0.4164865984375 0.5850232640625 0.401330153125 0.5680721281250001 0.38738625781249997 0.5559642046875 0.3782924015625 0.5801800515625 0.3758673546875 0.6043959515624999 0.3734423078125 0.6346657875 0.37101731718750003 0.666146453125 0.36737977499999996 0.6855191406250001 0.36313595625 0.7218429640624999 0.35898392968750004 0.7649590875000001 0.3594984140625 0.7944906125 0.37101731718750003 0.8078094203124999 0.3825361640625 0.7908582296875 0.3892050296875 0.7617991703125 0.39829888593749996 0.729107728125 0.40193642812499997 0.6952055671874999 0.40678646562500004 0.669778834375 0.4122427796875 0.6419305515625
14 0.383748715625 0.5898664234375001 0.38132366875 0.565650521875 0.3685922703125 0.5547533734375001 0.360710909375 0.549910215625 0.3485857859375 0.5595965875 0.34009820625 0.566861353125 0.33767315937500003 0.5983419624999999 0.33464189218749996 0.6261902453125 0.3279730265625 0.67462199375 0.3231229890625 0.7194214125 0.3188791703125 0.75937761875 0.3153180859375 0.78673870625 0.33161056875 0.788436678125 0.343129471875 0.7642208328125 0.356467146875 0.72063224375 0.36313595625 0.6915731843749999 0.369804765625 0.6576709125 0.374654859375 0.6322442359375 0.3825361640625 0.6043959515624999 0.383748715625 0.5898664234375001
12 0.3031165046875 0.5026892453125 0.2891726109375 0.5014784703124999 0.2800787546875 0.5329590796875 0.26734735625 0.5620181390625001 0.25340340625 0.5922880296875 0.23885323593750002 0.6249794703125 0.22915313125 0.650406146875 0.2346094453125 0.690362353125 0.2509783875 0.708524265625 0.2661940109375 0.7123250078125001 0.28553506875 0.6843084203124999 0.29644769531250004 0.649195315625 0.3073603234375 0.6225578640625 0.32676053125000004 0.59955279375 0.33464189218749996 0.5741261171875001 0.3358543875 0.541434675 0.317666675 0.5220619328125 0.3031165046875 0.5026892453125
12 0.24309705468749998 0.46636542031249995 0.22733436093749998 0.488159715625 0.22369681875 0.5160079984375 0.2073278765625 0.5365914625 0.19641524999999999 0.5620181390625001 0.192171459375 0.5947095796874999 0.1939902296875 0.63587661875 0.206721628125 0.647984540625 0.22127179843749997 0.6576709125 0.23764074062499999 0.6310334046875 0.258253471875 0.5898664234375001 0.27219739375 0.5704937359375 0.2818975265625 0.5317483046875 0.2825037453125 0.4990568625 0.2685598515625 0.48089495156249995 0.2552221765625 0.47241941093750006 0.24309705468749998 0.46636542031249995