10 0.4663540515625 0.585217965625 0.451500784375 0.5873347890625 0.4424827546875 0.592626778125 0.4419522640625 0.6201453078125 0.44725701406249996 0.6529558265625 0.44937892343749997 0.6963504703125001 0.45309220312500004 0.7312778140625 0.453212771875 0.7430524328125 0.4594578828125 0.7852564359375 0.4705978203125 0.7894899890625 0.4801463390625 0.767263496875 0.4748416390625 0.7185769625 0.47431115 0.6847079578125 0.4769635 0.6381381984375001 0.4774939890625 0.60426924375 0.4663540515625 0.585217965625
10 0.48863392812499995 0.589451565625 0.4727197296875 0.592626778125 0.466884540625 0.6063860671875 0.469536890625 0.6402549750000001 0.4700673796875 0.6720071046875 0.4700673796875 0.705876109375 0.4700673796875 0.7418617921874999 0.47390849687500003 0.7700235703125 0.4785549203125 0.7894899890625 0.49393867656249996 0.775730796875 0.49446911718750003 0.7344530265625 0.4949996078125 0.69317525625 0.4949996078125 0.663539903125 0.49871293593750005 0.6254373453125 0.50030435625 0.6010940296875 0.48863392812499995 0.589451565625
2 0.5231146734375 0.6254373453125 0.5178099734375 0.61379488125 0.50295670625 0.60426924375 0.49553009687499994 0.6169700953125 0.49181676718749995 0.6476638375 0.49393867656249996 0.69000004375 0.4954002109375 0.7224274453125 0.49446911718750003 0.74821221875 0.500834796875 0.7736139234375 0.5103833156250001 0.7619715078125 0.517279484375 0.7397450171875 0.519931834375 0.7143433109374999 0.5231146734375 0.6698903296875 0.5231146734375 0.6455470125 0.5231146734375 0.6254373453125
2 0.5453945515624999 0.5820427515625 0.5294803531250001 0.57780915 0.51940139375 0.5767507125 0.5093223859375 0.5841595765625 0.505078615625 0.591568390625 0.505078615625 0.6180284828125 0.5119747359375 0.6413134109375 0.515157575 0.67518231875 0.515157575 0.7101096625000001 0.5160959359375 0.7605043453125 0.5215232546874999 0.7894899890625 0.5384984312500001 0.7820812234375001 0.54115078125 0.74503700625 0.54115078125 0.7111680984375 0.5400898515625 0.6794159671875 0.539028871875 0.6391965875000001 0.5422117109375 0.6032108546875 0.5453945515624999 0.5820427515625
8 0.4546836234375 0.6349629859375 0.44301324375 0.6169700953125 0.43187330468749996 0.60426924375 0.4202028765625 0.6148532703125 0.41489812812500004 0.6360213734375 0.41171528906250004 0.662481465625 0.40747151875 0.6952920328125 0.409433353125 0.7414658953125 0.40906293906249996 0.767263496875 0.4164895484375 0.7916068625 0.42762948749999996 0.77996435 0.438769425 0.7587962953125 0.4419522640625 0.7249273875 0.447787503125 0.6889416078124999 0.4546836234375 0.6656566796875001 0.4546836234375 0.6349629859375
14 0.4270990453125 0.6466054 0.428690465625 0.6222621328125 0.41383719843750005 0.6063860671875 0.3942096703125 0.594743603125 0.3825392921875 0.6000356421874999 0.3788259625 0.6222621328125 0.3788259625 0.6529558265625 0.3798868921875 0.67835753125 0.380947871875 0.7111680984375 0.380777734375 0.7541581953125001 0.380947871875 0.7820812234375001 0.3820088015625 0.807482928125 0.3973925109375 0.8159501296875 0.4058800984375 0.7873732125 0.41012386875000006 0.7566795187500001 0.41436768749999997 0.6984672468750001 0.4196723875 0.663539903125 0.4270990453125 0.6466054
14 0.3873135515625 0.6656566796875001 0.39792299999999997 0.6381381984375001 0.40057535 0.60744445625 0.3820088015625 0.588393178125 0.365564115625 0.5841595765625 0.35442417656249997 0.5905100015625 0.3459366359375 0.6021524171875 0.34487565781249996 0.6402549750000001 0.345406146875 0.6709487171874999 0.345406146875 0.699525684375 0.3449582109375 0.7414658953125 0.3401013984375 0.7736139234375 0.33904046875 0.8117164796875 0.3491194765625 0.8286509828125 0.36078985625 0.807482928125 0.370338375 0.7683219343750001 0.37829547343750003 0.7333945890625 0.3830697328125 0.6952920328125 0.3873135515625 0.6656566796875001
0 0.5724486875 0.5979188171875001 0.5613087484375 0.5873347890625 0.5475164609375 0.585217965625 0.5395593609375 0.60850284375 0.5331936828125 0.6296709468749999 0.5331936828125 0.659306253125 0.5395593609375 0.69317525625 0.54380313125 0.7228105140625 0.545925040625 0.747153878125 0.5463435343749999 0.7668504953124999 0.552821209375 0.790548425 0.56873540625 0.7884316499999999 0.5756315265625 0.7746723609374999 0.5777534359375001 0.7418617921874999 0.5777534359375001 0.7027008968749999 0.5761620171875 0.6466054 0.578283925 0.6169700953125 0.5724486875 0.5979188171875001
6 0.6074599234375 0.658247865625 0.611703740625 0.631787771875 0.611703740625 0.6095612796875 0.6053380625 0.588393178125 0.5894238640625 0.5831011390625 0.5761620171875 0.5831011390625 0.5660830078125 0.6000356421874999 0.56024781875 0.6148532703125 0.5650220781249999 0.6497806140625 0.5708572671875001 0.6720071046875 0.577222946875 0.7027008968749999 0.583058184375 0.764088284375 0.5885309734375 0.7938216328125 0.5973809625000001 0.817008565625 0.6074599234375 0.82335899375 0.61753893125 0.8095997046875001 0.6143560906250001 0.7810227859375 0.6122341812500001 0.7566795187500001 0.6090513421875 0.7270441640625 0.6074599234375 0.69317525625 0.6074599234375 0.658247865625
6 0.648306396875 0.6423718 0.65308065625 0.61591170625 0.6514892359375 0.591568390625 0.6398188078125 0.5788675375000001 0.6228436796875 0.5767507125 0.6090513421875 0.5862763531249999 0.6042770828124999 0.60850284375 0.6106427625 0.6466054 0.6122341812500001 0.68153274375 0.6159475109375 0.7164600875 0.6207217703125 0.7566795187500001 0.6291264328125 0.7858889453125 0.6355750375 0.8127749171875 0.6456539984375 0.8127749171875 0.652550165625 0.8011325015624999 0.655202515625 0.77996435 0.6493673265625 0.747153878125 0.648306396875 0.7037592359375 0.648306396875 0.6730655421875 0.648306396875 0.6423718
4 0.7591753406249999 0.5873347890625 0.750687703125 0.5651082984375 0.7480354015625 0.5407649812499999 0.7411391843749999 0.523830528125 0.7284078265625 0.522772090625 0.7135546078125 0.5397065921875 0.6987013890625 0.556641046875 0.6859700296875 0.5746339359375 0.68862233125 0.5979188171875001 0.69286615 0.626495734375 0.7077193687500001 0.6561310406249999 0.7174812578124999 0.6637255578125 0.7246945453125 0.6952920328125 0.74856584375 0.7164600875 0.769784740625 0.7228105140625 0.777741840625 0.7027008968749999 0.7841075187500001 0.67412393125 0.7803942390625 0.6423718 0.768723859375 0.621203696875 0.7591753406249999 0.5873347890625
11 0.44036084531249997 0.556641046875 0.45574460156249996 0.561933084375 0.4716588 0.557699434375 0.4796158984375 0.54288180625 0.48279873906250004 0.502662425 0.4769635 0.47302711875 0.4705978203125 0.4253989234375 0.46741498125 0.388354753125 0.46211028125000003 0.36295305 0.45892744218750003 0.3460185953125 0.4452528765625 0.34165844375 0.4350561453125 0.3640114375 0.43293423593749997 0.39258835625 0.43293423593749997 0.4264573109375 0.4355865859375 0.45080062656250003 0.43717800625000003 0.47514389531249995 0.43452565468750004 0.5068960265625 0.4350561453125 0.5312393421875 0.44036084531249997 0.556641046875
11 0.5130357140624999 0.5439401937499999 0.5114442953125 0.5111296765625 0.5114442953125 0.46561825625 0.509852875 0.420106884375 0.5072004765625 0.38094593906249996 0.5024262171875 0.352369021875 0.48823630625 0.3321392203125 0.479085409375 0.350252196875 0.4700673796875 0.4063476453125 0.4705978203125 0.47408550624999996 0.4679454703125 0.523830528125 0.46741498125 0.561933084375 0.4785549203125 0.5841595765625 0.5082614546875 0.5714587234375 0.5130357140624999 0.5439401937499999
9 0.41012386875000006 0.5651082984375 0.4255076265625 0.5608746484375 0.4355865859375 0.54288180625 0.4377084953125 0.518538490625 0.4350561453125 0.49313678593750004 0.43187330468749996 0.4772607203125 0.433464725 0.43809977499999997 0.42975139687499997 0.3777707265625 0.422855228125 0.347076984375 0.41436768749999997 0.3132080296875 0.4042886796875 0.2973319640625 0.3920878109375 0.305799215625 0.3927175765625 0.3242065328125 0.3968620703125 0.360836225 0.39792299999999997 0.39576356874999996 0.3973925109375 0.43386612500000005 0.39527065 0.4698519046875 0.3889049703125 0.4952536109375 0.3889049703125 0.5259473046875 0.3942096703125 0.5545242218750001 0.41012386875000006 0.5651082984375
3 0.5215232546874999 0.5767507125 0.5384984312500001 0.57780915 0.55229071875 0.5725171125 0.5570649796875 0.551349009375 0.5570649796875 0.519596878125 0.552821209375 0.48466953437500004 0.5464555296875 0.47091029375 0.5427422 0.41269807031249994 0.5369070109375 0.365069875 0.5310717734375 0.344960159375 0.5204623234375 0.3396681703125 0.5119747359375 0.3481353734375 0.5082614546875 0.360836225 0.5082614546875 0.39258835625 0.5093223859375 0.44021655156249995 0.5109138046874999 0.48678635937500003 0.5109138046874999 0.5291225171875 0.5125052250000001 0.559816259375 0.5215232546874999 0.5767507125
1 0.56024781875 0.5608746484375 0.5719182468749999 0.5608746484375 0.57669250625 0.5460570203125 0.5804057859375 0.524888915625 0.5851800453125 0.49948721249999994 0.5851800453125 0.46244304375 0.5851800453125 0.4158732828125 0.5851800453125 0.36295305 0.580936275 0.3269673171875 0.5660830078125 0.3216752796875 0.5512297890625 0.32802570625 0.5443336203125 0.36295305 0.5443336203125 0.4052892078125 0.5443336203125 0.4603262671875 0.5422117109375 0.4910199609375 0.5427422 0.521713703125 0.5491078796875 0.5534658343750001 0.56024781875 0.5608746484375
7 0.5851800453125 0.5407649812499999 0.592606703125 0.5502906203125 0.60109424375 0.5534658343750001 0.6148865812500001 0.5449985828125 0.61913035 0.5280641296875 0.6180694203125 0.4952536109375 0.6180694203125 0.4635014796875 0.617008440625 0.43915816249999995 0.6143560906250001 0.39893878125 0.6111732515625 0.353427409375 0.6090513421875 0.33014253125000004 0.598878834375 0.31468730625 0.58783244375 0.32908409375000003 0.5846496046875 0.3544857984375 0.583058184375 0.4063476453125 0.5825276953125 0.44021655156249995 0.5825276953125 0.47091029375 0.5788143671875 0.502662425 0.5788143671875 0.5280641296875 0.5851800453125 0.5407649812499999
7 0.65308065625 0.369303475 0.65308065625 0.3460185953125 0.6408797374999999 0.33649295625 0.6350445484375 0.35766101250000004 0.6228436796875 0.39258835625 0.6185998609375 0.411639634375 0.6138256015625 0.4433917640625 0.6122341812500001 0.48149432187499996 0.6122341812500001 0.519596878125 0.6187785703124999 0.54314870625 0.6313312203125 0.5492322328125 0.64512355625 0.53758976875 0.650958746875 0.5153632765625 0.65042825625 0.48678635937500003 0.6461844875 0.47091029375 0.6467149765625 0.44021655156249995 0.65042825625 0.4021139953125 0.65308065625 0.369303475
5 0.68862233125 0.5312393421875 0.7077193687500001 0.5365313796875 0.7294688046875 0.5259473046875 0.7321212046875 0.5005455999999999 0.7321212046875 0.46561825625 0.7284078265625 0.4349245625 0.7284078265625 0.3904715796875 0.72681640625 0.3481353734375 0.731060225 0.3206168921875 0.7294688046875 0.3047408265625 0.7146155875 0.3026240015625 0.7095213640625 0.30675461875 0.6944575703125 0.32485049374999997 0.6854394921875 0.3597778375 0.6854394921875 0.39576356874999996 0.682256653125 0.43069091249999997 0.67801293125 0.46244304375 0.6716472515625 0.48466953437500004 0.6721776937499999 0.5153632765625 0.68862233125 0.5312393421875
5 0.754931521875 0.3481353734375 0.7544010812499999 0.317441678125 0.74591344375 0.29627357499999996 0.731590665625 0.3036823890625 0.7257555250000001 0.32590888125 0.7257555250000001 0.35766101250000004 0.7257555250000001 0.3915299671875 0.7257555250000001 0.43069091249999997 0.7284078265625 0.47408550624999996 0.7331820859375 0.4973703875 0.7480354015625 0.5079544625 0.7586448031249999 0.5005455999999999 0.7708457203125 0.48466953437500004 0.7772113984375 0.47514389531249995 0.77880281875 0.446566978125 0.768193321875 0.416931671875 0.7612972015625 0.3915299671875 0.754931521875 0.3481353734375
15 0.3830697328125 0.5460570203125 0.39102683125 0.5365313796875 0.40057535 0.519596878125 0.40057535 0.49313678593750004 0.39792299999999997 0.46244304375 0.39792299999999997 0.43598295 0.3963315796875 0.38094593906249996 0.39155732187500003 0.33649295625 0.3777650328125 0.31003281562499996 0.3602594140625 0.305799215625 0.3561020625 0.3242065328125 0.362911765625 0.369303475 0.362911765625 0.39999721875 0.3586679953125 0.43069091249999997 0.3565460859375 0.46773508125 0.354954665625 0.5111296765625 0.36078985625 0.5386481562500001 0.3708688640625 0.5460570203125 0.3830697328125 0.5460570203125
15 0.3300224390625 0.54288180625 0.3443452171875 0.5460570203125 0.35601559531250004 0.5407649812499999 0.362911765625 0.5312393421875 0.3687469546875 0.5079544625 0.3687469546875 0.47514389531249995 0.365564115625 0.43915816249999995 0.3613203453125 0.4158732828125 0.3602594140625 0.376712290625 0.3565460859375 0.344960159375 0.3491194765625 0.3163832421875 0.331426390625 0.3131007703125 0.3257786203125 0.3195584546875 0.3241872 0.3481353734375 0.3300224390625 0.39893878125 0.32949195 0.43069091249999997 0.3279005296875 0.46561825625 0.323656759375 0.4910199609375 0.3231262703125 0.524888915625 0.3300224390625 0.54288180625
13 0.2981940421875 0.556641046875 0.31729108125 0.556641046875 0.3279005296875 0.5439401937499999 0.3257786203125 0.518538490625 0.324717690625 0.48572797031250003 0.328961459375 0.4603262671875 0.328961459375 0.420106884375 0.328961459375 0.38200432812499996 0.3257786203125 0.3555442359375 0.316760590625 0.33649295625 0.298724484375 0.33014253125000004 0.283667025 0.3480045953125 0.283340775 0.3915299671875 0.285462684375 0.429632525 0.279627446875 0.4613846546875 0.2732617671875 0.49948721249999994 0.2732617671875 0.522772090625 0.27909700625 0.5418233703124999 0.2875845453125 0.5502906203125 0.2981940421875 0.556641046875
13 0.2324153421875 0.42328209687499996 0.2255191734375 0.4349245625 0.222336334375 0.4603262671875 0.22021444843750002 0.48255275781250007 0.22498870937499998 0.502662425 0.23400676250000002 0.518538490625 0.2424943265625 0.527005740625 0.256817128125 0.5333561671875 0.270078928125 0.524888915625 0.27644460625 0.502662425 0.279627446875 0.46879346875000005 0.279627446875 0.44233337656250005 0.2822798453125 0.416931671875 0.279627446875 0.38200432812499996 0.27803602656250004 0.34390177187500004 0.26854322656249996 0.30834115781250004 0.2573475703125 0.2983904 0.24992095937499997 0.314266465625 0.245677165625 0.3396681703125 0.2430247921875 0.3671866515625 0.240372440625 0.3904715796875 0.238781021875 0.41269807031249994 0.2324153421875 0.42328209687499996
13 0.17247185625 0.4592678296875 0.178837534375 0.49207839687500005 0.18944700781249998 0.5121880640625001 0.1995259921875 0.518538490625 0.21597065468749999 0.519596878125 0.223927753125 0.49948721249999994 0.223927753125 0.47620233125 0.22711059374999998 0.429632525 0.231884853125 0.40740603281250004 0.236128646875 0.378829115625 0.23931148750000003 0.33649295625 0.23670365000000002 0.30358154531250003 0.22286682343750003 0.3132080296875 0.212787815625 0.3386097328125 0.203239296875 0.3640114375 0.1958126875 0.385179540625 0.1878555875 0.4095228578125 0.178837534375 0.429632525 0.17247185625 0.4592678296875