3 0.53165986875 0.65320681875 0.5426646359375 0.65101111875 0.5547699140625 0.643326246875 0.5547699140625 0.615880225 0.5509182234375001 0.5807492812499999 0.5476167890625 0.5379334625000001 0.5459660703125 0.4940198203125 0.5410139171874999 0.46876945000000003 0.53055940625 0.4709651484375 0.5294588953125 0.4896284203125 0.526707715625 0.5148787921875 0.526707715625 0.5456183375 0.526707715625 0.5719665328125 0.5250569984375 0.6081953015625 0.5250569984375 0.631249971875 0.53165986875 0.65320681875
9 0.4331670703125 0.65979386875 0.44142065781250006 0.6422284203124999 0.44637281093750003 0.615880225 0.44637281093750003 0.58294498125 0.44637281093750003 0.5335421140625 0.44912399062499997 0.4951176453125 0.44802352812499996 0.463280225 0.4381192234375 0.45449752656250003 0.43096609687500004 0.45998669999999997 0.421612046875 0.4698672734375 0.4183106109375 0.5049982171875 0.41500917656249997 0.5489118609375 0.4106072296875 0.5906298546875 0.4106072296875 0.6213694000000001 0.41500917656249997 0.65650034375 0.4254636875 0.6707722671874999 0.4331670703125 0.65979386875
11 0.46673162812499996 0.65979386875 0.47113357499999997 0.6411305453125 0.47003306250000004 0.61697805 0.466181421875 0.5873363296874999 0.466181421875 0.5379334625000001 0.466181421875 0.50060686875 0.4623297296875 0.481943546875 0.45199385156250005 0.482808140625 0.4469230171875 0.5093895671875 0.4458225546875 0.5489118609375 0.4458225546875 0.591727678125 0.44362158125000006 0.6268586234375 0.44142065781250006 0.6444240703124999 0.447473271875 0.65979386875 0.456277115625 0.6663809171875 0.46673162812499996 0.65979386875
1 0.5613727843749999 0.65101111875 0.5756789875 0.637837021875 0.5778799609374999 0.6191737500000001 0.574578525 0.57635793125 0.5723775515625 0.518172315625 0.5690761171875 0.4753564984375 0.5646742203125 0.44900830156250005 0.5527229953125 0.45483203281250006 0.5470665828125 0.4665737484375 0.545415865625 0.49731334531250004 0.545415865625 0.522563665625 0.5470665828125 0.5642816578125001 0.5476167890625 0.598314728125 0.5470665828125 0.622467275 0.5509182234375001 0.637837021875 0.5613727843749999 0.65101111875
7 0.5811813953125 0.6466197703125001 0.59383688125 0.6411305453125 0.6042914421875001 0.631249971875 0.6015402625 0.600510428125 0.5993392890625 0.554401084375 0.597138315625 0.5060960437500001 0.59273641875 0.4742586734375 0.587234009375 0.44132342812500003 0.57831810625 0.4466037671875 0.5679756546875 0.45010612656250004 0.5679756546875 0.47974784687499994 0.5690761171875 0.5390312875000001 0.5690761171875 0.5741622328125 0.56577468125 0.61697805 0.5663249375 0.6279564484375 0.5718273468749999 0.6411305453125 0.5811813953125 0.6466197703125001
5 0.684626346875 0.65540251875 0.6967316765625 0.6444240703124999 0.6967316765625 0.61478235 0.6934302406249999 0.5796514562499999 0.6912292171875001 0.5335421140625 0.6912292171875001 0.49731334531250004 0.6895785 0.4742586734375 0.675822553125 0.4665737484375 0.6699651156249999 0.4762255265625 0.6642675312499999 0.520368015625 0.6642675312499999 0.5445205109375 0.6604158390625 0.5939233796875001 0.65491343125 0.61697805 0.6554636859375 0.6422284203124999 0.6648177359375 0.65430464375 0.6741718359375 0.66089169375 0.684626346875 0.65540251875
5 0.71709049375 0.65650034375 0.72534408125 0.643326246875 0.7319469515625 0.6213694000000001 0.73249715625 0.599412603125 0.7280953109375 0.5719665328125 0.7280953109375 0.5269550640625 0.7280953109375 0.480845721875 0.7242435687500001 0.45120400156249996 0.7088369046875 0.45010612656250004 0.7046423625 0.4630603 0.6978320874999999 0.49950899375 0.6978320874999999 0.5313464140625 0.69838239375 0.5620859593749999 0.6956311640624999 0.599412603125 0.6923297296875 0.61478235 0.693980446875 0.6422284203124999 0.7038847515625 0.65430464375 0.71709049375 0.65650034375
15 0.37154026406249996 0.6499132953125 0.3792435953125 0.6630873921875 0.39685128281250004 0.65210899375 0.40840630625 0.637837021875 0.4067555890625 0.6081953015625 0.40565507656250005 0.5423248125 0.4018034359375 0.485237071875 0.3974014890625 0.4588888765625 0.3842906546875 0.4466037671875 0.37649241718750004 0.44900830156250005 0.37319098125 0.4731607984375 0.3748416984375 0.4962154703125 0.37539195468750003 0.522563665625 0.37539195468750003 0.5511075609375 0.37539195468750003 0.5741622328125 0.3665881109375 0.6268586234375 0.37154026406249996 0.6499132953125
13 0.334674221875 0.6663809171875 0.35558334375 0.678457190625 0.37539195468750003 0.6674787421875 0.3803441078125 0.6477175953125001 0.38089431406249996 0.6049017765625 0.37869339062499996 0.57745575625 0.378143134375 0.5467162125 0.378143134375 0.49841116875 0.3748416984375 0.45779105 0.36933929062500004 0.43802990468749997 0.35558334375 0.4358342046875 0.344028321875 0.444616953125 0.3396263734375 0.4665737484375 0.3396263734375 0.5049982171875 0.3363249390625 0.5434226875 0.334674221875 0.58294498125 0.3313727859375 0.6038039515625 0.32972206875 0.631249971875 0.334674221875 0.6663809171875
13 0.3308225796875 0.634543496875 0.3313727859375 0.602706128125 0.3291718625 0.58404280625 0.33027232500000003 0.5401291625 0.325320171875 0.5093895671875 0.3126646875 0.4676716234375 0.30386084375 0.447910478125 0.2923058203125 0.45230182656249995 0.2934692953125 0.4663516078125 0.290655103125 0.49182412031249995 0.290655103125 0.522563665625 0.2917555640625 0.5653794828125001 0.2939565375 0.6301521484375 0.30000915156249996 0.65101111875 0.315415865625 0.65101111875 0.32862160625 0.6466197703125001 0.3308225796875 0.634543496875
8 0.4639804484375 0.678457190625 0.45902829531249995 0.6477175953125001 0.4458225546875 0.634543496875 0.4370187109375 0.6411305453125 0.43096609687500004 0.65650034375 0.43206655781250003 0.6839463640625 0.4370187109375 0.720175134375 0.44373736406250003 0.75269529375 0.447473271875 0.7926326718750001 0.45187516875 0.81458956875 0.46012875624999994 0.8277636671874999 0.4727842921875 0.8277636671874999 0.47168377968749997 0.798121946875 0.46673162812499996 0.7684802265624999 0.4639804484375 0.7245665328124999 0.4639804484375 0.678457190625
10 0.48048762343750007 0.6488154703125 0.47168377968749997 0.6411305453125 0.46122926875000003 0.6411305453125 0.45792783437500006 0.6641852171875 0.461779475 0.6993162125 0.46343019218750003 0.7300557078125001 0.46343019218750003 0.756403903125 0.466855528125 0.7806714015625 0.47058331875 0.81239381875 0.4755354703125 0.8266657921875 0.48654023750000003 0.81349169375 0.4848895203125 0.7871434984375 0.483238803125 0.7454255546875 0.48048762343750007 0.7080989109375 0.4793871625 0.6696744421874999 0.48048762343750007 0.6488154703125
10 0.5019469515625 0.65430464375 0.490942184375 0.636739196875 0.4793871625 0.6411305453125 0.4760857265625 0.65101111875 0.4799373671875 0.682848540625 0.4799373671875 0.713588084375 0.4799373671875 0.7454255546875 0.482688596875 0.772871525 0.483368503125 0.7872540140625001 0.4848895203125 0.80910029375 0.4931431078125 0.81898086875 0.5008464906250001 0.8047089953125001 0.5030474140625001 0.7783608 0.5008464906250001 0.7509147281249999 0.4991957734375 0.7113924359375 0.4991957734375 0.6883377640624999 0.5019469515625 0.65430464375
14 0.430415840625 0.66089169375 0.4282149171875 0.637837021875 0.4194110734375 0.6301521484375 0.4117077421875 0.634543496875 0.40730579375 0.637837021875 0.394650309375 0.6444240703124999 0.38969815625000004 0.6696744421874999 0.391348875 0.6993162125 0.3902484125 0.7311535828125 0.386946978125 0.7684802265624999 0.377042671875 0.831057190625 0.386946978125 0.8398398890625 0.39299959218749997 0.837644240625 0.40070292500000004 0.8178830921875001 0.40785605 0.7849478484375 0.41445892031250003 0.7454255546875 0.41996132968750005 0.7048053859375 0.42601394375 0.6850442390625 0.430415840625 0.66089169375
2 0.5195545890625 0.6630873921875 0.51515269375 0.635641371875 0.499745978125 0.643326246875 0.49754505625 0.65430464375 0.499745978125 0.680652840625 0.499745978125 0.7070010359375 0.5019469515625 0.7421320296875 0.50469813125 0.7695780015625 0.507312315625 0.8053562015625 0.5124015140625 0.8167852171875 0.52230581875 0.8200787437500001 0.5283584328125001 0.8167852171875 0.5283584328125001 0.790437021875 0.52230581875 0.7487190796875 0.5206551015625001 0.721273009375 0.5184541281249999 0.682848540625 0.5195545890625 0.6630873921875
2 0.536061765625 0.6422284203124999 0.52230581875 0.636739196875 0.51515269375 0.6444240703124999 0.5168034109375 0.6696744421874999 0.5195545890625 0.7037075109375001 0.52120530625 0.7432298046875 0.5256072546875 0.7871434984375 0.52960483125 0.8218127359375 0.5371622765625 0.835448490625 0.5448656093750001 0.833252840625 0.5498177625 0.8222743921875001 0.5470665828125 0.790437021875 0.5432148921875 0.7520126031250001 0.53991345625 0.7048053859375 0.53991345625 0.6630873921875 0.536061765625 0.6422284203124999
0 0.5470665828125 0.640032721875 0.5371622765625 0.6455219453125001 0.534961303125 0.66089169375 0.536061765625 0.6817507140625 0.5404637125 0.7289579328125 0.545415865625 0.789339146875 0.5527229953125 0.8349779625 0.5646742203125 0.8442312890625001 0.5690761171875 0.8288614421875 0.570726834375 0.80690464375 0.56687519375 0.7673823515625 0.5652244765625001 0.7245665328124999 0.5646742203125 0.6718701421875 0.5597220671875001 0.643326246875 0.5470665828125 0.640032721875
6 0.5850330875 0.640032721875 0.5729278078125 0.631249971875 0.562473246875 0.635641371875 0.55862160625 0.6488154703125 0.5553201703124999 0.6674787421875 0.562473246875 0.6982183375 0.5652244765625001 0.7432298046875 0.570726834375 0.7772629249999999 0.57512878125 0.8101981687500001 0.5758411609375 0.8283953484375 0.5828321140625 0.8442312890625001 0.5905354453125 0.837644240625 0.5905354453125 0.81349169375 0.5866838046875 0.7662844765625 0.58448283125 0.7311535828125 0.5850330875 0.6905334125 0.5877842656250001 0.65650034375 0.5850330875 0.640032721875
6 0.6163967203125 0.634543496875 0.6048416984375 0.6290543234375 0.5850330875 0.634543496875 0.5817316515625001 0.65430464375 0.5839325750000001 0.6872398890625 0.588884728125 0.7190773593750001 0.5921861625 0.7596974265625 0.5954875984375 0.789339146875 0.60226191875 0.8152301218750001 0.6097938515625 0.8244701421875 0.6213488734375 0.8343507156250001 0.6224493359375 0.81129604375 0.6180474390625 0.779458575 0.6152962093750001 0.73883850625 0.6119947734375 0.6850442390625 0.6158464640625 0.66089169375 0.6163967203125 0.634543496875