3 0.5331078953125 0.5761551421875 0.5376172328125 0.60014731875 0.5496421328125 0.6111437468750001 0.560163921875 0.6111437468750001 0.563170146875 0.6041460437499999 0.5676794843749999 0.585152209375 0.5676794843749999 0.55616169375 0.5676794843749999 0.541166584375 0.564673259375 0.5231724546875001 0.562669140625 0.505178321875 0.562669140625 0.4711893765625 0.562669140625 0.4401995 0.561667034375 0.41920634687499997 0.5561556359375001 0.3932148078125 0.5486400734375 0.4022118734375 0.5446317890625 0.41320830312499995 0.5431286765625 0.43820013593749996 0.5401224499999999 0.46519133437500004 0.5401224499999999 0.489183509375 0.5391203453125 0.525171771875 0.5376172328125 0.551163309375 0.5331078953125 0.5761551421875
1 0.5636712 0.599147659375 0.5756961 0.6061453609375 0.5832116625 0.595148978125 0.5932323984375001 0.5701571000000001 0.5942345046875 0.547164628125 0.5917292859375001 0.5171744109375 0.5867189421875 0.4781871265625 0.583712715625 0.4421988625 0.583712715625 0.40721025937500005 0.5753342703125 0.37955631093750003 0.567178478125 0.389216128125 0.563170146875 0.4022118734375 0.5621680875 0.43520111562499997 0.5621680875 0.47418839999999995 0.560163921875 0.5071776390625 0.5576587484375 0.549163946875 0.5591618609375 0.581153528125 0.5636712 0.599147659375
7 0.5942345046875 0.56615841875 0.6052572984375 0.575155484375 0.61678119375 0.573156121875 0.6222925906250001 0.5621597390625 0.62329465 0.533169178125 0.616280140625 0.4901832125 0.6092656296875 0.4401995 0.6037541875 0.39821319375 0.5972407296875 0.38021906250000004 0.5918743171874999 0.363072796875 0.5852158281250001 0.3722216546875 0.5832116625 0.395214171875 0.5802054375 0.425204390625 0.5827106109375 0.481186146875 0.5802054375 0.512176025 0.5797043859375 0.5361682 0.582209603125 0.55616169375 0.5942345046875 0.56615841875
7 0.6438372203125 0.55616169375 0.6498496703125001 0.539167221875 0.6508517296874999 0.512176025 0.6438372203125 0.49318223593750005 0.63782476875 0.464191675 0.63181231875 0.42220536875 0.6207894781250001 0.375220678125 0.609166184375 0.35558029062499996 0.6027521265625 0.363224590625 0.6027521265625 0.38421774375 0.6027521265625 0.4282034125 0.608263525 0.49618125625 0.6117708015625001 0.53017015625 0.6187853125 0.549163946875 0.63181231875 0.5541623312499999 0.6438372203125 0.55616169375
5 0.7415395390625 0.4561942671875 0.7405374328125001 0.4282034125 0.7330218703125 0.405210896875 0.7265084125 0.37622038125 0.72400319375 0.3372330984375 0.71197829375 0.3222379890625 0.6979492734375 0.3212382828125 0.690362778125 0.3346012734375 0.6864253796875001 0.3932148078125 0.6854233203125 0.43820013593749996 0.68392020625 0.4681903546875 0.6869264328125 0.491182871875 0.7014565046875 0.5011795953125 0.7164876312499999 0.49618125625 0.7345249828125 0.47618776250000006 0.7415395390625 0.4561942671875
5 0.71047518125 0.219271540625 0.6954440546875 0.2012774078125 0.681415034375 0.20627579375 0.673899471875 0.2312676265625 0.66738596875 0.26325720937499997 0.6723190906250001 0.2926432390625 0.6894316046875 0.307242878125 0.7009554984374999 0.334234075 0.71899285 0.3432311421875 0.7325208625 0.325237009375 0.7385333140625 0.29624645 0.7385333140625 0.26025818749999996 0.7285125328125 0.2362660125 0.71047518125 0.219271540625
9 0.4499356953125 0.5921499578125 0.45945537812500004 0.595148978125 0.46646993437499995 0.573156121875 0.469977165625 0.541166584375 0.46797304687499997 0.5081773453125 0.4619605953125 0.45819363125 0.45745125781249996 0.41920634687499997 0.45394397968750005 0.3942145125 0.44752481875 0.393042821875 0.4404159671875 0.4122086453125 0.4384118015625 0.43520111562499997 0.43791079374999997 0.475188103125 0.43540557656249995 0.515175046875 0.4308962390625 0.549163946875 0.432900403125 0.571156803125 0.4384118015625 0.58415255 0.4499356953125 0.5921499578125
15 0.41586511249999997 0.573156121875 0.42438278125 0.573156121875 0.43239935 0.5621597390625 0.44392324531250005 0.5521629671875 0.4484325828125 0.5291704968750001 0.4514388078125 0.5001799375 0.4479315296875 0.47918678437500006 0.44392324531250005 0.4421988625 0.44242013281250003 0.405210896875 0.432900403125 0.375220678125 0.42438278125 0.375220678125 0.420875503125 0.3932148078125 0.417368225 0.45419495000000004 0.4138609921875 0.4771874203125 0.40734748906249996 0.52017343125 0.4053433234375 0.54216624375 0.4118568265625 0.5621597390625 0.41586511249999997 0.573156121875
15 0.4028381515625 0.55016365 0.41586511249999997 0.5341688375 0.42338067500000004 0.5101766624999999 0.42338067500000004 0.483185465625 0.420875503125 0.43820013593749996 0.4188713375 0.397213534375 0.419372390625 0.368222975 0.4103537140625 0.3562268875 0.39865649687500004 0.363072796875 0.3963246484375 0.39221515 0.3908132515625 0.41620732499999996 0.3832976875 0.44619754375 0.379289403125 0.483185465625 0.377786290625 0.512176025 0.379790409375 0.5361682 0.3903121984375 0.55016365 0.4028381515625 0.55016365
13 0.28759951250000004 0.4561942671875 0.2971192171875 0.47018971875000004 0.3076410046875 0.47618776250000006 0.323173184375 0.47918678437500006 0.3377032578125 0.47618776250000006 0.3447178125 0.4481969078125 0.3427136484375 0.42220536875 0.3392063703125 0.4022118734375 0.3362001453125 0.379219403125 0.33469703281249996 0.355227228125 0.3332481296875 0.3196162609375 0.31515656875000003 0.3132409234375 0.2986223296875 0.3272363265625 0.2971192171875 0.3582262515625 0.2971192171875 0.37722004062500003 0.29010470625 0.40121221562500003 0.28559536875 0.43320179843749995 0.28759951250000004 0.4561942671875
13 0.3467219328125 0.251261121875 0.3367011984375 0.2292682875 0.335198084375 0.2052761125 0.3236742375 0.1982783859375 0.3111482828125 0.1982783859375 0.2941129921875 0.20627579375 0.2800839484375 0.219271540625 0.271566303125 0.23526633125 0.277578753125 0.285250021875 0.283627990625 0.32411176406250003 0.295115075 0.334234075 0.31014620000000004 0.334234075 0.3221711234375 0.32423730625 0.3356991375 0.30224449375 0.3452188203125 0.28025168125 0.3542374953125 0.2742536375 0.3577447734375 0.26125784531249996 0.3467219328125 0.251261121875
12 0.2585393421875 0.4781871265625 0.254531034375 0.47018971875000004 0.2379967953125 0.46719069687500003 0.2274750078125 0.503178959375 0.2194584140625 0.5311698140625001 0.2154501078125 0.5671580765625001 0.21795530312500003 0.5881512296875 0.22296567031249998 0.608144725 0.2334874578125 0.6281382203125 0.245285153125 0.6328030171875 0.25803828906250004 0.6201408125000001 0.265553853125 0.6071450656249999 0.27507358125 0.5861519125 0.28359120312499997 0.5601603749999999 0.28359120312499997 0.5321695203125001 0.274572528125 0.5021793 0.265553853125 0.49618125625 0.2585393421875 0.4781871265625
12 0.32167007187499996 0.48418516875 0.312651396875 0.47618776250000006 0.30413375 0.47618776250000006 0.29160781875 0.483185465625 0.2881005421875 0.5071776390625 0.2830901734375 0.533169178125 0.28108603125 0.555161990625 0.27056424375 0.5881512296875 0.2635497109375 0.60214668125 0.2570362296875 0.62413949375 0.2610445140625 0.64613235 0.26705696562500003 0.6641264812500001 0.2800839484375 0.6721238421875 0.289642553125 0.6657700453125 0.307139975 0.6331365578125 0.3176617859375 0.608144725 0.3311898 0.5911502515625 0.34171158749999997 0.56615841875 0.3502292109375 0.53017015625 0.34171158749999997 0.505178321875 0.332191859375 0.49418189375 0.32167007187499996 0.48418516875
14 0.42839106562499996 0.574155825 0.41586511249999997 0.5621597390625 0.40634542968750004 0.5621597390625 0.3953225890625 0.5571613531249999 0.386804965625 0.5761551421875 0.388308078125 0.599147659375 0.3888090859375 0.6271385140625 0.3827966359375 0.66012775625 0.3772852375 0.7021140609375001 0.372274846875 0.7401017328124999 0.38512373125 0.7436921078125 0.3958236421875 0.7251066234375 0.4018360921875 0.7021140609375001 0.40885060156249997 0.6821206125 0.4153641046875 0.6591281421875 0.42037445 0.6321369 0.4308962390625 0.61614213125 0.43690868906249997 0.5921499578125 0.42839106562499996 0.574155825
14 0.45745125781249996 0.5961486375 0.4484325828125 0.574155825 0.435906628125 0.58015386875 0.42588589375 0.5821531859375 0.42137655625 0.6071450656249999 0.420875503125 0.6301375375 0.41636616562500006 0.655129415625 0.4138609921875 0.6861193390625 0.4084301609375 0.728707096875 0.4098526609375 0.753097434375 0.42137655625 0.7500984125 0.42989417812499997 0.7341036890625 0.43791079374999997 0.7021140609375001 0.44542635781250006 0.6621271640625 0.4529419203125 0.64013430625 0.46145954375000003 0.61614213125 0.45745125781249996 0.5961486375
8 0.48100000625000006 0.629137878125 0.478494834375 0.594149275 0.469977165625 0.5831528921875 0.46095849062500005 0.5881512296875 0.4509377546875 0.599147659375 0.4479315296875 0.61614213125 0.44392324531250005 0.639134603125 0.44091701875 0.669124821875 0.43740974218749995 0.70811210625 0.43775115312499996 0.745190609375 0.4399149140625 0.7770896078125 0.4489335890625 0.789085696875 0.45895437031249997 0.7850870609375 0.468474053125 0.77209126875 0.47148027812500004 0.7371027109375 0.475488609375 0.6971157234375001 0.479997946875 0.6641264812500001 0.48100000625000006 0.629137878125
10 0.49202284843750005 0.5971482953125 0.48100000625000006 0.60014731875 0.4694761578125 0.623139834375 0.4634637078125 0.6321369 0.46396471562499997 0.663126778125 0.468474053125 0.6781218859375 0.47198133125 0.71411015 0.475989615625 0.7500984125 0.4821085515625 0.7646711265625 0.48500829218749997 0.789085696875 0.49502907343749997 0.7900853999999999 0.49853630468750004 0.77209126875 0.49853630468750004 0.7431007546874999 0.4975342453125 0.7031137671875001 0.4960311328125 0.6641264812500001 0.4960311328125 0.6341362625 0.49202284843750005 0.5971482953125
10 0.5100601984375001 0.5881512296875 0.49502907343749997 0.593149615625 0.4895176296875 0.60214668125 0.4940269671875 0.635135921875 0.4965321859375 0.6721238421875 0.4965321859375 0.70811210625 0.4980352984375 0.7470993890625001 0.5016558796874999 0.77066513125 0.5100601984375001 0.7790890171875 0.5145695375 0.766093225 0.5145695375 0.739102028125 0.51607265 0.716109559375 0.5165736562500001 0.67612256875 0.518577821875 0.6431333296874999 0.52108299375 0.6111437468750001 0.5100601984375001 0.5881512296875
2 0.5356131125 0.6221401765625 0.5235882125 0.6171417906250001 0.5130664234375 0.6221401765625 0.5080560328125 0.6361355796875 0.5095591453125 0.675122865625 0.51607265 0.7101115140625 0.5204513875 0.7616741234375 0.52859855625 0.7920847171875 0.5361141203125 0.7920847171875 0.5376172328125 0.77209126875 0.5356131125 0.7331039859375 0.5351120593750001 0.6951164046875 0.5366151734375 0.669124821875 0.5391203453125 0.64613235 0.5356131125 0.6221401765625
2 0.5446317890625 0.605145703125 0.530602721875 0.6121434046875 0.52408921875 0.631137240625 0.5296006625 0.656129121875 0.5361141203125 0.6891183609375 0.5396213984375 0.7261062359375 0.5441307359375 0.7670929296875 0.5521473515624999 0.7820880390625 0.561667034375 0.795083740625 0.5681805375 0.7810883343749999 0.566677425 0.7411013453125 0.562669140625 0.699115040625 0.561667034375 0.679121590625 0.561667034375 0.631137240625 0.5576587484375 0.6121434046875 0.5446317890625 0.605145703125
0 0.5812074968750001 0.6121434046875 0.569182596875 0.6101440874999999 0.558660809375 0.61814145 0.5551535765625 0.6331365578125 0.5546525234375 0.6591281421875 0.560163921875 0.6831203171875 0.564673259375 0.7331039859375 0.570184703125 0.78008863125 0.5738306296875 0.7991366546875 0.579203378125 0.8160768921875 0.5932323984375001 0.806080215625 0.5942345046875 0.769092246875 0.5922303390625 0.7281056453125 0.588222053125 0.6901179749999999 0.5892241140625 0.6571287328125 0.5892241140625 0.629137878125 0.5812074968750001 0.6121434046875
6 0.6032531796875 0.595148978125 0.5912282796875 0.58415255 0.5797043859375 0.60014731875 0.576698159375 0.619141153125 0.5756961 0.6301375375 0.578702325 0.6511306890624999 0.5842137234375 0.6721238421875 0.5917292859375001 0.7111111265625001 0.6008961609375 0.75717861875 0.610267690625 0.7790890171875 0.626801928125 0.7820880390625 0.62730298125 0.76809254375 0.62129053125 0.7480990953125 0.61678119375 0.7121108328125 0.6127728625 0.6701245250000001 0.6112697500000001 0.6271385140625 0.6032531796875 0.595148978125
6 0.6328143796875 0.575155484375 0.620288425 0.5681577828125 0.608764578125 0.5771548484375 0.6017500671875 0.57815450625 0.5977417359375 0.60014731875 0.5987438421875 0.62413949375 0.6047562921875 0.64613235 0.6127728625 0.655129415625 0.62279364375 0.7021140609375001 0.6369835359375 0.7347011015625 0.6423341078125 0.7500984125 0.6553610671875 0.751098115625 0.6583672921875 0.7331039859375 0.6538579546875 0.7011144500000001 0.6493486171875 0.6671255046875 0.6423341078125 0.6321369 0.635820603125 0.5971482953125 0.6328143796875 0.575155484375
4 0.73201985625 0.5321695203125001 0.7285125328125 0.5071776390625 0.7124793921875 0.49618125625 0.6919368234375 0.509177003125 0.67790775625 0.5171744109375 0.675903590625 0.549163946875 0.67941086875 0.59015059375 0.6909347171875 0.6061453609375 0.7031437234375 0.6238120109375 0.7114772874999999 0.6451326468749999 0.7300156453125 0.6661257984375 0.7445457640625001 0.67112423125 0.754065446875 0.649131371875 0.7525623343750001 0.6201408125000001 0.7380323062499999 0.601147021875 0.73201985625 0.569157440625 0.73201985625 0.5321695203125001
4 0.7831256843750001 0.512176025 0.773104903125 0.49618125625 0.7590758828124999 0.498180575 0.7500572062499999 0.512176025 0.7405374328125001 0.5311698140625001 0.73502608125 0.5461649234375 0.73101775 0.56615841875 0.73101775 0.5971482953125 0.7405374328125001 0.6131431109375 0.7480529953125 0.625139196875 0.754065446875 0.6441330328125 0.7610338875 0.6447910265625 0.770599684375 0.6501310765625 0.785129803125 0.6501310765625 0.7916432609374999 0.6341362625 0.8021650499999999 0.6141427687500001 0.8036681625 0.5881512296875 0.7961525984375 0.5641590562500001 0.7866329171875 0.5371678578125 0.7831256843750001 0.512176025