3 0.5002329234375 0.6017005484375 0.501320690625 0.6277447953124999 0.5100229749999999 0.6418520796875 0.5241641421875001 0.64402245 0.5448320609375 0.63425585625 0.5529904375 0.6266596343749999 0.5529904375 0.5875932640625 0.54537591875 0.53007886875 0.5432003859375001 0.506204990625 0.5393931265624999 0.4627978796875 0.53395419375 0.4183056578125 0.526741865625 0.3975137171875 0.519813025 0.372728225 0.5078473906250001 0.37598375625 0.501320690625 0.390091040625 0.49751348125000006 0.429157409375 0.5002329234375 0.472564471875 0.5002329234375 0.5213974359375 0.5002329234375 0.5615490171874999 0.5002329234375 0.6017005484375
3 0.528515309375 0.625574425 0.5410248015625 0.6331706968749999 0.5567976453125 0.6310003265625 0.57365830625 0.6244892640625 0.5790972390625 0.593019115625 0.57528998125 0.5582934859375001 0.5725705390625 0.522482646875 0.574746071875 0.47147931249999997 0.576377746875 0.426987040625 0.5709388640624999 0.40202800312500003 0.56020295625 0.40076705625000003 0.550814853125 0.40962422500000006 0.547551503125 0.42264634843750004 0.54537591875 0.45628681875000004 0.5399370359375 0.49535318906250003 0.531778659375 0.544186153125 0.5263397265624999 0.5767414609375 0.5263397265624999 0.60387091875 0.528515309375 0.625574425
1 0.612818509375 0.6017005484375 0.6171696265625 0.5615490171874999 0.6188013015625 0.48775696718750006 0.6155379515625 0.40311316250000007 0.612818509375 0.365131953125 0.6018252890625 0.3666069984375 0.5926944984375 0.386835509375 0.58344835625 0.4530312875 0.5725705390625 0.531164028125 0.5709388640624999 0.5539527453125 0.5790972390625 0.6147226703124999 0.58671170625 0.6331706968749999 0.6068357171875001 0.6201485718749999 0.612818509375 0.6017005484375
7 0.6182574437499999 0.599530178125 0.630223028125 0.6114671406250001 0.6432764296875 0.6006153875 0.6498031296875 0.57891183125 0.649259271875 0.5561231156249999 0.6405569875 0.5365899296875 0.638381403125 0.491012496875 0.6372936359375 0.4508609671875 0.63131084375 0.4009427921875 0.6279412625 0.38287369375 0.617713534375 0.377068915625 0.6139062765625 0.4074538546875 0.6133624171875 0.46496824999999997 0.6084673921875 0.5072901515625 0.6019406921875 0.531164028125 0.6030284578125 0.56697486875 0.6084673921875 0.5908487953125 0.6182574437499999 0.599530178125
7 0.659049321875 0.5810822015625 0.6704710484375 0.57891183125 0.682980540625 0.5637193375 0.6818927734375 0.544186153125 0.6753660734375 0.5083753125 0.669927140625 0.479075534375 0.6655760234375 0.43024257187500003 0.6634004390625 0.398772471875 0.6508909468749999 0.3890058796875 0.6352863796875 0.3812470234375 0.635118053125 0.395516940625 0.6372936359375 0.446520225 0.6405569875 0.49426802812500004 0.6378375453125 0.53550476875 0.6378375453125 0.5582934859375001 0.6481714546874999 0.57240076875 0.659049321875 0.5810822015625
5 0.6704710484375 0.4519461265625 0.67427825625 0.46605341093749997 0.67427825625 0.497523559375 0.6775416078125 0.531164028125 0.6835244484375 0.56046380625 0.6965778499999999 0.5626341765625 0.7134384609375 0.5463565218750001 0.725948003125 0.537675090625 0.7346502375 0.5138012140625 0.7341063796875 0.47690521406249997 0.7237724703125 0.44869059531250005 0.7103698046875 0.4040203953125 0.70745566875 0.3814096078125 0.6998412 0.37598375625 0.6889633328125 0.3705578546875 0.6786294234375 0.3716430140625 0.6704710484375 0.372728225 0.6666637890625 0.3846651390625 0.66611988125 0.4139649171875 0.6704710484375 0.4519461265625
5 0.7678276984375 0.47096849374999994 0.7738104406249999 0.447094615625 0.770547090625 0.416709678125 0.75694983125 0.38740990000000003 0.7493353140625 0.35159906093750004 0.744984246875 0.32555481406250003 0.7362819125 0.3331510359375 0.7286674953125 0.3440027875 0.7194213031250001 0.321214071875 0.71071901875 0.3298955046875 0.7071053078125 0.342206959375 0.7118067859375 0.3895802203125 0.7199651609375 0.41453930781250004 0.721052978125 0.44492424531249997 0.7232285125 0.47639439375 0.7313868875 0.493757209375 0.7422647546875 0.500268271875 0.75858150625 0.49050167812499995 0.7678276984375 0.47096849374999994
5 0.775442115625 0.309277159375 0.7770737921875 0.2821477015625 0.7748982578125 0.24959239218749998 0.76184485625 0.24416654062499998 0.7525986640625 0.24850723281249998 0.7379135875 0.253933134375 0.7297552125 0.25176276406250003 0.7152665484375 0.24786013437499999 0.7031045515625001 0.28974397343749997 0.7063679015625 0.33749172656250004 0.7324747031250001 0.34508799843750004 0.7525986640625 0.358110121875 0.767283740625 0.358110121875 0.7787054671875 0.34183246718750004 0.775442115625 0.309277159375
11 0.45019490156249997 0.6152970625 0.46487997812500004 0.6326598765625 0.4801089125 0.6456820515625 0.49751348125000006 0.6315747171874999 0.5018645984375001 0.6055304703125 0.5018645984375001 0.5545271359374999 0.5018645984375001 0.524142196875 0.5018645984375001 0.46879817343749997 0.5018645984375001 0.4112837765625 0.49899364375 0.38287369375 0.48174058750000004 0.38415436875000003 0.4746700296875 0.395006121875 0.469775003125 0.43081696249999996 0.46487997812500004 0.47096849374999994 0.45998495312500004 0.5067793328125 0.45454601875 0.5458457046875 0.44856322656250003 0.5816565437500001 0.45019490156249997 0.6152970625
11 0.45237043593750004 0.6326598765625 0.46868718749999994 0.63048950625 0.4866356140625 0.6120415312499999 0.48391617187499997 0.574060321875 0.4752138875 0.5458457046875 0.466511653125 0.5198014578125 0.458353278125 0.4774795546875 0.44910708593750004 0.441668715625 0.439416578125 0.408900403125 0.42898312499999997 0.410198615625 0.4230002828125 0.448179778125 0.42571977499999997 0.487246146875 0.43007089218749994 0.52631251875 0.434422009375 0.5599530374999999 0.434422009375 0.59359350625 0.43714149999999996 0.6185525937499999 0.45237043593750004 0.6326598765625
9 0.3903667796875 0.5784010125 0.391454596875 0.6011897281249999 0.3968934796875 0.6196377531249999 0.40722743906250003 0.6348302484375 0.4191930734375 0.6326598765625 0.4278953078125 0.6152970625 0.43496591718750005 0.590337975 0.4365975921875 0.55669750625 0.4317025671875 0.5176311359375 0.42735145 0.46988333281249994 0.42082474843749995 0.42539106093749995 0.41375414062500004 0.379813628125 0.4051393640625 0.35034030625 0.3974373890625 0.3385769359375 0.3860156625 0.35159906093750004 0.388191246875 0.386324690625 0.3925423640625 0.4373280234375 0.394717946875 0.4677129625 0.394717946875 0.5056941734375 0.3925423640625 0.5425901734374999 0.3903667796875 0.5784010125
15 0.377856659375 0.6131266921875 0.39091006093749997 0.6011897281249999 0.3996123453125 0.5838269140625 0.40450737031250006 0.5469309140624999 0.4028756953125 0.5100348640625 0.3974367609375 0.472053703125 0.393629503125 0.40911340625000003 0.39051441875 0.3714870078125 0.379488334375 0.379813628125 0.372961634375 0.41453930781250004 0.36969828437499996 0.46337227187499996 0.366434934375 0.5176311359375 0.3599082328125 0.5556122953125 0.3533815328125 0.5870824453125 0.36425935 0.6055304703125 0.377856659375 0.6131266921875
15 0.3202041203125 0.5588678265625 0.32836249687499997 0.5784010125 0.34032813125 0.590337975 0.352293765625 0.5827417546875 0.3615399078125 0.567549259375 0.36534716718750004 0.5436753828125 0.36534716718750004 0.5176311359375 0.36969828437499996 0.4774795546875 0.3767688921875 0.42973180156249996 0.3805761015625 0.3939209625 0.37664030625 0.36823366874999997 0.36534716718750004 0.3743877765625 0.353925440625 0.39066543125000003 0.34957427343749997 0.4026023453125 0.3430475734375 0.44600945625 0.33543310625 0.4818202953125 0.3272747296875 0.5111200734375 0.3218357953125 0.5393346421875 0.3202041203125 0.5588678265625
13 0.31476523749999996 0.5577826671875 0.3245552875 0.5491012343749999 0.33053807968750004 0.530653259375 0.3289064046875 0.49809795 0.3327136640625 0.460116740625 0.34141589843750003 0.41345414687500004 0.34794259843750003 0.395006121875 0.3392403640625 0.3754729375 0.3245552875 0.3765580984375 0.3163969125 0.383069159375 0.306062953125 0.3657063453125 0.2933956421875 0.36172699062499997 0.2913778765625 0.3939209625 0.28920229218750004 0.43081696249999996 0.2772367078125 0.46228711093749997 0.26907833281250004 0.48073508593750003 0.2739733578125 0.5176311359375 0.2908339671875 0.5360791109374999 0.3033435109375 0.55018644375 0.31476523749999996 0.5577826671875
13 0.2745172171875 0.4883313578125 0.2843072671875 0.4774795546875 0.285395084375 0.43624286406249996 0.2913778765625 0.3884950609375 0.3000801609375 0.3646211828125 0.293553459375 0.32229928281250003 0.2739733578125 0.31904375156250003 0.25993455 0.3308202734375 0.25276158125000003 0.3776433078125 0.24242762187500003 0.3928357515625 0.234269246875 0.4026023453125 0.231549803125 0.44275392656249996 0.23807650468750002 0.4666278015625 0.25112990625 0.48616098750000003 0.2658149828125 0.49701274062499995 0.2745172171875 0.4883313578125
13 0.2212158453125 0.324469603125 0.2255669625 0.354854590625 0.23626695 0.36986033749999997 0.24949823124999998 0.3667915046875 0.26255163125 0.34725831875 0.27560503281250004 0.3233844421875 0.2739733578125 0.28974397343749997 0.256568790625 0.27672185 0.2418837140625 0.290829134375 0.22774254531250002 0.3016808875 0.2212158453125 0.324469603125
12 0.28947000156249997 0.530576534375 0.28185550937500004 0.5175544109375 0.273697134375 0.498021225 0.26227540781249997 0.493680484375 0.253029265625 0.5034470765625 0.242151421875 0.527321003125 0.2280102296875 0.545768978125 0.2127812703125 0.5577059421875 0.1953767265625 0.5804946578125 0.19265728437500002 0.607624065625 0.1986400765625 0.634753521875 0.2182469265625 0.6659141640625 0.2399758640625 0.6683939921875 0.261187640625 0.647775646875 0.2742410421875 0.622816559375 0.2900138859375 0.6097944359375 0.3014356109375 0.5967723125 0.3014356109375 0.5728984359375 0.29817226093750004 0.5468541890624999 0.28947000156249997 0.530576534375
14 0.3683342921875 0.638009053125 0.3699659671875 0.6217314 0.3618075921875 0.6054537453125 0.350929775 0.59351678125 0.33950804843750004 0.59351678125 0.33026190624999996 0.5880908796875 0.3259107390625 0.6065389046874999 0.3253668796875 0.6304127828125 0.3193840390625 0.66188293125 0.3079623125 0.6976937703125 0.2959967265625 0.7324194484375 0.2867505359375 0.7628044375 0.2791360671875 0.785593153125 0.2868013578125 0.8025543921875 0.304155103125 0.7931893265625 0.3123134796875 0.77474135 0.3259107390625 0.7345897703125 0.3346130234375 0.7128862640625 0.34331530625 0.6900975484375 0.3547370328125 0.6705643625000001 0.36507094218749997 0.6575422390625 0.3683342921875 0.638009053125
14 0.38737053593750004 0.7063752015625 0.39824835468750003 0.6835864859375 0.4053189625 0.6586274000000001 0.39988002968749997 0.6325831515625 0.38737053593750004 0.6163054984375 0.3721415515625 0.6152203375 0.363983175 0.6239017203125 0.36017591718749997 0.6304127828125 0.3563687078125 0.662968090625 0.3558248 0.6890123375 0.350929775 0.7313342390625001 0.34603474843750004 0.7638895484375 0.34393005 0.7927943749999999 0.3362446984375 0.8094669812499999 0.33678860625 0.82791505625 0.3482103328125 0.8376816484375 0.35908815 0.8214039937500001 0.3683342921875 0.7953597453125 0.37322931875 0.7628044375 0.38084383593750004 0.7389305109375 0.38737053593750004 0.7063752015625
8 0.428162415625 0.65537186875 0.41619678125000004 0.634753521875 0.4020556125 0.6423497453125 0.3944410953125 0.6499459671875 0.3890022109375 0.678160584375 0.38737053593750004 0.7052899921875 0.3841071859375 0.7389305109375 0.37649266875 0.7834227328125001 0.37105378437500003 0.8192335734375 0.3700460234375 0.8334611093750001 0.37486099375 0.8680665375000001 0.3906338859375 0.869151746875 0.4047750546875 0.840937178125 0.41456510625 0.7986152765625001 0.4216357140625 0.755208165625 0.42925018125000003 0.7237380171875001 0.429794090625 0.6900975484375 0.428162415625 0.65537186875
10 0.46514703593749995 0.66188293125 0.4510058671875 0.644520115625 0.435232975 0.6542867078125 0.42870627343749995 0.6694791515625 0.42435515625000003 0.7052899921875 0.42381124843749995 0.7345897703125 0.41946013125 0.780167203125 0.41819734999999997 0.8041810609375 0.4189162234375 0.829000165625 0.4319696234375 0.829000165625 0.441759675 0.81489293125 0.44991804999999996 0.7714858203125 0.45263754218749996 0.7356749812500001 0.460252009375 0.7128862640625 0.46732261875000003 0.684671646875 0.46514703593749995 0.66188293125
10 0.48635881249999996 0.6542867078125 0.4684103859375 0.64886080625 0.46188368593750007 0.6607977703125 0.45753256875000003 0.681416115625 0.455356984375 0.7204824859375 0.4542692171875 0.7606340171875 0.45737131093750005 0.7797810203125 0.45753256875000003 0.8192335734375 0.4716737359375 0.8214039937500001 0.482551553125 0.8083818703125001 0.4847271375 0.76605996875 0.49016607187499994 0.7313342390625001 0.498324446875 0.696608609375 0.498324446875 0.6640533015625001 0.48635881249999996 0.6542867078125
2 0.5146411984375 0.64886080625 0.49506109687500005 0.6532014984375001 0.4907099296875 0.674905053125 0.491797746875 0.740015671875 0.49491302187499997 0.7814076890625 0.49614886406250003 0.8062114499999999 0.5059389140625 0.8214039937500001 0.5200800828125 0.8192335734375 0.5282384578125 0.787763475 0.5276946 0.7389305109375 0.5304140421875 0.7020344609375 0.5293262750000001 0.6651384609375001 0.5146411984375 0.64886080625
2 0.5576086109375 0.6532014984375001 0.5423796765625 0.6466904359375001 0.5304140421875 0.64886080625 0.5255190171875 0.66730883125 0.526062925 0.703119671875 0.5304140421875 0.7562933765625 0.538167603125 0.7976743843749999 0.5478185609375 0.82791505625 0.5625036359375 0.8333409078124999 0.5695742453125 0.8192335734375 0.5679425703125001 0.7823376234375 0.5641353125 0.75954890625 0.5641353125 0.7280787078125 0.5641353125 0.6803309546875 0.5576086109375 0.6532014984375001
0 0.6054710984375 0.678160584375 0.6005760734375001 0.63692384375 0.5886104390625 0.6304127828125 0.571749828125 0.6325831515625 0.5630475453125 0.6542867078125 0.5592402859375001 0.681416115625 0.5625036359375 0.7118010531250001 0.5739253625 0.7693154984375 0.58550280625 0.80906106875 0.59622495625 0.8452778203125 0.6076466828125 0.8496185609375001 0.6158050578125 0.8452778203125 0.6245072921875 0.8127225109375 0.616892825 0.788848684375 0.6125417078125001 0.7530378453125001 0.608190540625 0.713971425 0.6054710984375 0.678160584375
6 0.6381046015625 0.6249869296874999 0.6261389671875001 0.610879596875 0.6092783578125001 0.6141351265625 0.6005760734375001 0.626072090625 0.59459328125 0.6499459671875 0.595137140625 0.6770754250000001 0.606558865625 0.6933530796875 0.614717240625 0.7345897703125 0.623419525 0.776911671875 0.6336541312499999 0.800927721875 0.6391923687500001 0.8192335734375 0.6484385609375 0.8224891046874999 0.6538774453125 0.8083818703125001 0.651158003125 0.77799688125 0.64571906875 0.751952634375 0.6413679515624999 0.71071589375 0.6397362765625 0.6651384609375001 0.6381046015625 0.6249869296874999
6 0.652789678125 0.595687153125 0.6413679515624999 0.5989426828125 0.6315779015625 0.6097944359375 0.6310339921875 0.6304127828125 0.6397362765625 0.6716495234375001 0.64245571875 0.7020344609375 0.64735074375 0.7638895484375 0.65977010625 0.80580773125 0.668562521875 0.8083818703125001 0.6799842484374999 0.792104215625 0.6761770390625 0.7530378453125001 0.6740014546875 0.7063752015625 0.671825871875 0.662968090625 0.671825871875 0.6239017203125 0.6680186625 0.6032833734375 0.652789678125 0.595687153125
4 0.7621119640625 0.53817275625 0.7588486125 0.5142988796875 0.7468829296874999 0.50127675625 0.7360051609375 0.50778781875 0.72349561875 0.527321003125 0.7115300343750001 0.5414282874999999 0.7050032828125 0.55662078125 0.7017399328125 0.592431621875 0.716425059375 0.622816559375 0.747911515625 0.6675408328125 0.7708141984375 0.6911827078125 0.7876748078125 0.6933530796875 0.7985526765625 0.6759902140625 0.8067110515625 0.647775646875 0.8018160265625 0.6141351265625 0.7876748078125 0.5967723125 0.7724458734375 0.5620466328125 0.7621119640625 0.53817275625