8 0.4436850703125 0.5781652171875 0.4425096625 0.5500225796875 0.43075536249999996 0.5453321578125 0.414299428125 0.5511951703125 0.4107731484375 0.57230215 0.4107731484375 0.596926959375 0.4101854171875 0.6426587453125 0.40724686875 0.7059796828125 0.3999866140625 0.7636361875000001 0.402545128125 0.7810267546875 0.42076425625 0.792752890625 0.430167684375 0.7810267546875 0.43428164062499997 0.7470210484375001 0.43957105937499996 0.6825275203125 0.4413342 0.6403135625 0.4436850703125 0.6121709234375 0.4436850703125 0.5781652171875
10 0.468369025 0.5418143265625 0.451325359375 0.5371238515625001 0.4436850703125 0.5476773406250001 0.44015879062499996 0.5781652171875 0.4425096625 0.6356230875 0.4413342 0.6813548734375 0.4396711921875 0.723208384375 0.44074652187499996 0.7517114703125001 0.4577901875 0.756401946875 0.47013216562500004 0.7470210484375001 0.46778129375 0.7012892609375 0.4660181546875 0.6356230875 0.4660181546875 0.60865309375 0.47013216562500004 0.5664391359375001 0.468369025 0.5418143265625
10 0.4883512921875 0.5511951703125 0.47718472343749996 0.539469090625 0.4654304765625 0.5465047484375 0.46484274531249997 0.5758199796875 0.4654304765625 0.6250695984375 0.4654304765625 0.6602478953124999 0.4660181546875 0.718878409375 0.4654304765625 0.7341223218749999 0.47424617500000005 0.7587471296875 0.49364071093749995 0.7364675593750001 0.49246524843749995 0.702461853125 0.49305297968749995 0.6719740296875 0.49187757187500003 0.6297600734375 0.49187757187500003 0.5805104546875001 0.4883512921875 0.5511951703125
2 0.511859784375 0.551830053125 0.49716699062499997 0.5506574625 0.4830618734375 0.5483122234375 0.4871758296875 0.574109625 0.49128984062500003 0.6233592421874999 0.49128984062500003 0.672608859375 0.49128984062500003 0.7218584765625 0.4961114796875 0.7355124984375 0.49893012968750006 0.7558642359375 0.5106843765625 0.754691590625 0.5189123437500001 0.7441381015624999 0.5189123437500001 0.7089598031250001 0.517149203125 0.6597101859375 0.5142106546874999 0.615150990625 0.513035246875 0.5682466109375001 0.511859784375 0.551830053125
2 0.539482340625 0.6139783984375 0.54124548125 0.574109625 0.5435962984375 0.5506574625 0.5359560625 0.537758734375 0.5265526328125001 0.537758734375 0.513035246875 0.540103971875 0.5095089671874999 0.5447943937499999 0.5095089671874999 0.571764440625 0.511859784375 0.6245318875 0.517149203125 0.6808171656249999 0.5242017625 0.7230311234375 0.5278591421875001 0.7443011515625 0.533605190625 0.757036775 0.5453594374999999 0.7687629109375 0.5529997265625 0.7558642359375 0.5512365875 0.7359297953125 0.547122578125 0.6960610765624999 0.54124548125 0.6655732000000001 0.539482340625 0.6350853765625 0.539482340625 0.6139783984375
0 0.5712188546875 0.5436218015625001 0.5547628671875 0.540103971875 0.5388946109375 0.54713963125 0.5365437390625 0.5916987734375 0.5383068796875 0.6444662203125 0.5430086203125 0.6890254171875 0.5482980390625001 0.7359297953125 0.556961165625 0.7847289546875 0.5706311234375 0.7922150734375 0.579446821875 0.7828342296875 0.5823853703124999 0.7523464078125001 0.5806222296875 0.7124776328125 0.5776836828125 0.6573649484375 0.5753328109375 0.617496228125 0.574157403125 0.571764440625 0.5712188546875 0.5436218015625001
6 0.5829731015624999 0.535951259375 0.57298199375 0.5511951703125 0.5700433921875 0.5828556390624999 0.573569671875 0.6203791765625 0.5806222296875 0.6672835546875 0.5882625203125 0.7200510015625 0.5957638640625 0.7513320734375 0.6053061843750001 0.7669554359374999 0.6199990328125 0.756401946875 0.6194113015625 0.7294319 0.6147096140625 0.70011666875 0.6094201953125 0.6285874265625 0.607069325 0.5769926265625 0.6000167656250001 0.5511951703125 0.5829731015624999 0.535951259375
4 0.76869049375 0.4597315953125 0.7539976453125 0.47145773125 0.73871711875 0.478493390625 0.7234365406250001 0.4867016421875 0.7199102609375 0.535951259375 0.7316645609375 0.58871870625 0.7456833781250001 0.631806396875 0.768102815625 0.6754918609375 0.7863218890625 0.661420540625 0.7933744484374999 0.6344504953125 0.7921989859375 0.5898912984375 0.7851464265625 0.5429869187499999 0.7833832875 0.510153859375 0.7798570078125 0.48201122031250004 0.76869049375 0.4597315953125
14 0.40724686875 0.5547130015625 0.3890277421875 0.5429869187499999 0.37903663593750003 0.5594034765625 0.37551035625 0.6051352640625 0.37433489375 0.6426587453125 0.37022093749999996 0.6989440234375001 0.3655933140625 0.7478166125000001 0.3713963453125 0.7751636875 0.38608919375 0.777508925 0.39549257031249996 0.7493662875 0.402545128125 0.722396240625 0.40665913906249995 0.6684562015625 0.40842227812500004 0.6250695984375 0.414299428125 0.58871870625 0.40724686875 0.5547130015625
14 0.38608919375 0.5488499874999999 0.373747215625 0.5312608375 0.3561158203125 0.53477866875 0.3443615203125 0.552367815625 0.346124659375 0.59106394375 0.3396598328125 0.663765725 0.33913692968750003 0.6986001578125001 0.3384844234375 0.74115798125 0.3431861109375 0.76109236875 0.35787895937499997 0.7681280265625 0.36493151875 0.7423306265625 0.3713963453125 0.6965988390625 0.3766857640625 0.6121709234375 0.38491373125 0.5711295578125 0.38608919375 0.5488499874999999
12 0.2432748578125 0.504290790625 0.2350468625 0.48201122031250004 0.2232926171875 0.4726303234375 0.21153834374999997 0.46911249374999997 0.20507348906249998 0.4913920640625 0.19684552187499998 0.5183621109375001 0.18215267500000001 0.5488499874999999 0.170398428125 0.5805104546875001 0.164521278125 0.6109982781250001 0.1786263953125 0.645003984375 0.19979996718749998 0.6599300859375 0.21447691875000002 0.6461765765624999 0.226231165625 0.6227244125 0.23798543749999998 0.5980996046875 0.2591431140625 0.56057606875 0.263257096875 0.54064168125 0.2620816890625 0.524225178125 0.2538536953125 0.5136716890625 0.2432748578125 0.504290790625
3 0.5153860640625 0.5488499874999999 0.5242017625 0.5371238515625001 0.528315771875 0.5066360296875 0.5265526328125001 0.460904240625 0.5271403640625001 0.40813679374999995 0.5271403640625001 0.3659228359375 0.52478949375 0.34129802656249997 0.5155128296875 0.34705405312500004 0.506570365625 0.3506788703125 0.5006932703125 0.3741310875 0.4954038515625 0.40579155624999996 0.49011443125 0.456213765625 0.4848250125 0.501945553125 0.48600042187500003 0.535951259375 0.4995178078125 0.552367815625 0.5153860640625 0.5488499874999999
3 0.5430086203125 0.5312608375 0.5488857171875 0.524225178125 0.5553505984375 0.5031182000000001 0.555938275 0.4749755609375 0.557701415625 0.4433150921875 0.55652600625 0.404618965625 0.5494734484375 0.3635775984375 0.5377192015625 0.353024109375 0.528315771875 0.3846845765625 0.5265526328125001 0.4139998078125 0.52478949375 0.458559003125 0.52478949375 0.4913920640625 0.525377225 0.51484428125 0.5300789124999999 0.5289156 0.5430086203125 0.5312608375
1 0.55064885625 0.5676117281249999 0.552411996875 0.5898912984375 0.5588768765625 0.599272196875 0.573569671875 0.6074804484375 0.5835608328124999 0.587546115625 0.5876747890625 0.5429869187499999 0.590613390625 0.4761481515625 0.5923765296875 0.43627943281250003 0.5941396703125 0.3764763265625 0.591354465625 0.34705405312500004 0.5888502515625 0.3225362328125 0.578859090625 0.3131553625 0.5653417046875 0.31901840312499996 0.557701415625 0.3565419390625 0.5541751359375 0.4139998078125 0.5535874578125 0.4773207453125 0.55064885625 0.54064168125 0.55064885625 0.5676117281249999
7 0.6100079265625 0.5816830484375 0.6147096140625 0.5500225796875 0.6170604859375 0.5066360296875 0.6147096140625 0.4386246171875 0.6141218828125 0.3835119859375 0.61163769375 0.34705405312500004 0.6023676359375 0.34598845 0.5941396703125 0.36240500625 0.5864993796875 0.4151724546875 0.5782714125 0.46676725625 0.5782714125 0.5113264515625 0.5829731015624999 0.5476773406250001 0.590613390625 0.5758199796875 0.6100079265625 0.5816830484375
7 0.6446829875 0.5500225796875 0.646446128125 0.5230525328125 0.6435075796875 0.47145773125 0.6493846765625 0.42689853437499997 0.651147815625 0.3952380671875 0.6482092671874999 0.3565419390625 0.6317532796875 0.34598845 0.6217621734375001 0.3541967015625 0.6082447875 0.3858571703125 0.60295536875 0.442142446875 0.60295536875 0.4831838125 0.6058939156250001 0.5312608375 0.6105956031249999 0.5617486609375 0.6199990328125 0.5711295578125 0.63410415 0.5664391359375001 0.6446829875 0.5500225796875
5 0.6370426984375 0.5195347031249999 0.6417444390625 0.5441595125 0.6482092671874999 0.5676117281249999 0.6634897921875 0.5687843203125 0.6805335125 0.5640938984375 0.6899368875 0.5453321578125 0.688173746875 0.51484428125 0.6864106078125001 0.4679399015625 0.6865974515625 0.41560554375000003 0.688173746875 0.3764763265625 0.67935805 0.3612323609375 0.662902115625 0.355369346875 0.6499724062500001 0.3706132578125 0.647033859375 0.40696414843750006 0.640568978125 0.462076834375 0.6370426984375 0.49490989374999994 0.6370426984375 0.5195347031249999
5 0.7087437453125001 0.5488499874999999 0.7199102609375 0.5418143265625 0.728725959375 0.5289156 0.728725959375 0.4937373015625 0.72755055 0.45386858124999996 0.7193225828124999 0.398755896875 0.71755944375 0.355369346875 0.7199102609375 0.32019102187500004 0.7140331640625 0.2943935953125 0.7024712828124999 0.3083839796875 0.6928754890625 0.3260540625 0.6864106078125001 0.37178585000000003 0.682884328125 0.43158895625 0.684059790625 0.46911249374999997 0.6852351999999999 0.5195347031249999 0.6875860703125001 0.5371238515625001 0.694638628125 0.5511951703125 0.7087437453125001 0.5488499874999999
11 0.49070210937500003 0.5277430078124999 0.49070210937500003 0.48552904999999996 0.4877635609375 0.4222081125 0.47953559375 0.36709542812499996 0.47189530468749996 0.34129802656249997 0.4608363 0.3505695140625 0.45426390781250003 0.3659228359375 0.45191303749999995 0.396410659375 0.451325359375 0.4409698546875 0.451325359375 0.5136716890625 0.45602704843749997 0.5453321578125 0.468369025 0.552367815625 0.48423728125 0.54064168125 0.49070210937500003 0.5277430078124999
9 0.3896154734375 0.5547130015625 0.392554021875 0.5922365375 0.40665913906249995 0.6121709234375 0.4178257078125 0.6051352640625 0.4260536734375 0.58871870625 0.428992221875 0.5664391359375001 0.42722908281249994 0.51718951875 0.4266414046875 0.460904240625 0.423702803125 0.4116546234375 0.4231151265625 0.372958496875 0.418506084375 0.345296321875 0.41253628906250006 0.3307445375 0.40195745 0.3295718921875 0.3960803 0.3377801984375 0.391966290625 0.3635775984375 0.391966290625 0.3917202375 0.39079088125 0.44917810625000004 0.39020315 0.49490989374999994 0.3896154734375 0.5547130015625
15 0.335545821875 0.5769926265625 0.34377384375000003 0.5687843203125 0.35317721875 0.535951259375 0.35200180937500003 0.504290790625 0.346124659375 0.460904240625 0.34142297187500004 0.3975833046875 0.336133553125 0.355369346875 0.31708994218750003 0.354084975 0.3114495984375 0.387029815625 0.30498474375 0.4280711265625 0.3008707609375 0.4749755609375 0.2949936109375 0.5230525328125 0.2932304703125 0.5582308312500001 0.303809309375 0.5816830484375 0.32261616718749997 0.5816830484375 0.335545821875 0.5769926265625
13 0.2850025046875 0.553540409375 0.2961690453125 0.5488499874999999 0.2991076203125 0.507808621875 0.304397040625 0.45504117343750006 0.304397040625 0.4151724546875 0.304397040625 0.3588871765625 0.2991076203125 0.3307445375 0.2897516765625 0.322445825 0.273835934375 0.32019102187500004 0.2673711078125 0.3377801984375 0.26502023750000003 0.3975833046875 0.2603185484375 0.45152334375000003 0.2538536953125 0.49490989374999994 0.2538536953125 0.5300881921875 0.2679588125 0.5500225796875 0.2850025046875 0.553540409375
13 0.263257096875 0.487874234375 0.263257096875 0.4409698546875 0.2656079671875 0.404618965625 0.2697219515625 0.3541967015625 0.2673711078125 0.3166731921875 0.253265990625 0.2955662125 0.239748578125 0.2955662125 0.226256353125 0.3101417109375 0.2350468625 0.3471610421875 0.23034517499999999 0.3893749984375 0.2168277625 0.446832921875 0.21388918750000002 0.4831838125 0.226818896875 0.504290790625 0.24680113593750003 0.51718951875 0.257379975 0.5113264515625 0.263257096875 0.487874234375