3 0.5119570062500001 0.6151501515625 0.5259710328125 0.6196238890625 0.5366217359375 0.61403173125 0.5444695937499999 0.6039657843749999 0.5450301734375 0.5804785765625 0.5444695937499999 0.5469254218749999 0.5399851109375 0.5077800578125 0.53606115625 0.4384368546875 0.53606115625 0.395936225 0.5303177234375 0.3728620984375 0.51532038125 0.3735674390625 0.499624615625 0.41494964687499997 0.4979429296875 0.47199000937499996 0.4990640359375 0.5077800578125 0.4979429296875 0.5480438421875 0.49682182187499996 0.5760047875 0.49738235 0.6062026281249999 0.5119570062500001 0.6151501515625
3 0.5399851109375 0.59613668125 0.5523175015625 0.5994919953125 0.5696949015625 0.598373575 0.5797850265625 0.5715310515625001 0.5775428109375 0.5335041609375 0.5713765890625 0.5021878484375 0.5674526875 0.4339631171875 0.562968153125 0.3869887015625 0.5496639203125 0.35609681875 0.5383034234374999 0.36797522968749996 0.537182315625 0.399291540625 0.5366217359375 0.42501559218749996 0.5383034234374999 0.465279378125 0.5399851109375 0.49883253281249995 0.5399851109375 0.54357010625 0.5383034234374999 0.5782416828125 0.5399851109375 0.59613668125
1 0.5635287328125 0.5726494718749999 0.57361885625 0.595018259375 0.586511775 0.60061046875 0.6016469609375 0.5849523140625 0.6072526015624999 0.5637019984375 0.605570915625 0.535741003125 0.6016469609375 0.4977141109375 0.5994047453125 0.43955532656249996 0.5994047453125 0.3892255953125 0.595085428125 0.34268459375 0.5848300875 0.3288299171875 0.5775428109375 0.337777390625 0.57361885625 0.36797522968749996 0.57361885625 0.40040996250000005 0.5713765890625 0.4429106421875 0.5713765890625 0.48093753437500003 0.564649840625 0.529030371875 0.5635287328125 0.5726494718749999
7 0.61117655625 0.5883076296875 0.6235088953125001 0.5916629437500001 0.633038490625 0.58271541875 0.638083553125 0.5581097890625 0.6375229734375 0.5267935296874999 0.6324779109375 0.5066616359375 0.631356803125 0.4641609578125 0.6285539578125 0.41942343437499996 0.6285539578125 0.36573838593749997 0.6152727640625 0.3527437625 0.6044498078125 0.3690937015625 0.6033286484375 0.395936225 0.5999652734375001 0.4317262234375 0.5966018984375 0.49212190156249996 0.5932385250000001 0.52567505625 0.5921174171875 0.5637019984375 0.598844165625 0.58271541875 0.61117655625 0.5883076296875
7 0.660506015625 0.5782416828125 0.6750806734375 0.5648204203125 0.6705961390625 0.5267935296874999 0.66611165625 0.47422690312500004 0.663869390625 0.4306078015625 0.6582638000000001 0.4093574875 0.6504158921875 0.3858702796875 0.6354601 0.36950904375000004 0.6302356453125 0.392580909375 0.6307962234375 0.42501559218749996 0.638083553125 0.4529765890625 0.6397652390624999 0.47534532343749997 0.636401865625 0.5178460046875 0.6341595984375 0.5581097890625 0.6459314093749999 0.5704126296875 0.660506015625 0.5782416828125
5 0.7098355781250001 0.5637019984375 0.7204862296875 0.553636053125 0.7204862296875 0.522319740625 0.710956634375 0.47646379687499996 0.70535104375 0.41271280312499997 0.704229884375 0.3690937015625 0.6902158578125 0.355672440625 0.6733113562499999 0.36950904375000004 0.6705961390625 0.4317262234375 0.6689144515625001 0.47199000937499996 0.6655510765625 0.5088984796875 0.6649905484375 0.53909631875 0.6700356109375 0.5581097890625 0.683489109375 0.5726494718749999 0.6941397609375 0.5726494718749999 0.7098355781250001 0.5637019984375
5 0.7188045421875 0.553636053125 0.7316975125 0.5592282109375 0.746832696875 0.5413332125 0.753559446875 0.5335041609375 0.7608467234375 0.5100169515624999 0.7591650375000001 0.48093753437500003 0.751317128125 0.458568746875 0.7451510109374999 0.4183049625 0.7384242609375 0.35902775625 0.7263031140625 0.3343019546875 0.7154411671875 0.324356128125 0.70871441875 0.33665896875 0.7025481984375 0.3702121234375 0.704229884375 0.41718654062500005 0.70871441875 0.4641609578125 0.7137594796875 0.49212190156249996 0.7137594796875 0.529030371875 0.7188045421875 0.553636053125
5 0.7658917859375001 0.5413332125 0.7815875 0.5346225812500001 0.7894354078125 0.5200828984375 0.7978438437500001 0.4954772171875 0.8040100656250001 0.47310848125 0.80288890625 0.4451474859375 0.7944804703125 0.42725248593750004 0.78046644375 0.3892255953125 0.7698156890625001 0.3545539671875 0.75658411875 0.33597848125 0.7412270046875 0.326593021875 0.733939728125 0.3433696 0.7333792 0.3746858609375 0.7406664765625 0.4115943296875 0.7445903796875 0.4485028 0.7524382875 0.48205595468749995 0.758043878125 0.5189644265625 0.7658917859375001 0.5413332125
11 0.4928978671875 0.6151501515625 0.49850350781249997 0.60061046875 0.4979429296875 0.5558728953125 0.49738235 0.5133722671875 0.49738235 0.463042534375 0.49738235 0.397054646875 0.494018975 0.3758043328125 0.4856105390625 0.3646199140625 0.47271762031250003 0.38251496406249996 0.46486976249999995 0.4183049625 0.46094580937499996 0.465279378125 0.4587035421875 0.5021878484375 0.452537371875 0.5558728953125 0.4514162640625 0.5994919953125 0.46823313750000006 0.6151501515625 0.4928978671875 0.6151501515625
11 0.4334782328125 0.598373575 0.44861341875000005 0.5994919953125 0.457582434375 0.590544521875 0.4564613265625 0.55699136875 0.457582434375 0.5088984796875 0.459264121875 0.48429285 0.46150638906249997 0.4238971703125 0.46094580937499996 0.3858702796875 0.453774071875 0.364479459375 0.44132614062500003 0.3713305453125 0.4362810796875 0.401528384375 0.4306754375 0.451858115625 0.4278726421875 0.4954772171875 0.421706421875 0.522319740625 0.41666135937500004 0.5592282109375 0.420024734375 0.5916629437500001 0.4334782328125 0.598373575
13 0.263592371875 0.5525175796874999 0.2736824953125 0.540214790625 0.2759247625 0.5200828984375 0.2826515125 0.44179217031249995 0.29049936875000004 0.403765278125 0.29218105625 0.3724490171875 0.29218105625 0.344488021875 0.2729291828125 0.34100806562499997 0.26415295156249996 0.36573838593749997 0.255744515625 0.3903440171875 0.243412125 0.43508153906249997 0.2310797859375 0.4641609578125 0.22323187656250001 0.4954772171875 0.22883751874999997 0.536859475 0.2467754984375 0.5458069484375 0.263592371875 0.5525175796874999
9 0.3891583890625 0.5234382140625 0.3835527484375 0.5614651046875 0.3891583890625 0.5838338921874999 0.406535790625 0.598373575 0.42279213593750004 0.5883076296875 0.431200571875 0.5782416828125 0.434563946875 0.54357010625 0.434563946875 0.5133722671875 0.434563946875 0.46975316562499997 0.434563946875 0.413831225 0.432882259375 0.3769227546875 0.43007941250000004 0.352317125 0.4289583046875 0.342251178125 0.42503435156249997 0.32771144375 0.41606538593750003 0.3210008140625 0.408217478125 0.3288299171875 0.40429357499999996 0.35119865156249996 0.40149072812500003 0.403765278125 0.3981273546875 0.43731843281250005 0.3930822921875 0.4854112703125 0.3891583890625 0.5234382140625
15 0.3650541890625 0.48988505781249997 0.36225139375 0.5122537953124999 0.3566457515625 0.5346225812500001 0.35328237812499996 0.5525175796874999 0.3549640640625 0.5715310515625001 0.35776685937499997 0.579360103125 0.36561476875 0.5883076296875 0.377386578125 0.590544521875 0.38635554375000003 0.5804785765625 0.393642871875 0.5681757359375 0.3998090421875 0.55699136875 0.40149072812500003 0.5234382140625 0.398687934375 0.49659568906249996 0.398687934375 0.47758221875 0.398687934375 0.454095009375 0.3992485125 0.426134065625 0.3998090421875 0.399291540625 0.3998090421875 0.3802780703125 0.398258896875 0.34939070625 0.3925217640625 0.3355405484375 0.384113328125 0.3355405484375 0.376826 0.3601461765625 0.3729020453125 0.3869887015625 0.3729020453125 0.40712059375000004 0.3723415171875 0.43508153906249997 0.3684175625 0.46192406249999995 0.3650541890625 0.48988505781249997
15 0.3174063640625 0.53909631875 0.3207697390625 0.5637019984375 0.32917817656250004 0.5782416828125 0.3426316734375 0.5849523140625 0.3527217984375 0.58271541875 0.36113023437499997 0.5681757359375 0.366175296875 0.5502807375 0.366175296875 0.5234382140625 0.3650541890625 0.5066616359375 0.3650541890625 0.47758221875 0.36561476875 0.4429106421875 0.3678569828125 0.406002171875 0.3706598296875 0.3858702796875 0.36881903125000004 0.361126403125 0.36113023437499997 0.3433696 0.348237315625 0.344488021875 0.3415105671875 0.3758043328125 0.3347838171875 0.413831225 0.3297387546875 0.44179217031249995 0.3202092109375 0.4977141109375 0.3185275234375 0.5189644265625 0.3174063640625 0.53909631875
13 0.274243075 0.5156091109375 0.2731219671875 0.5323856874999999 0.2731219671875 0.5491622640625 0.27984871718750004 0.5614651046875 0.28881768124999996 0.5670573140624999 0.3005894921875 0.5670573140624999 0.30731624062499996 0.5670573140624999 0.3207697390625 0.5704126296875 0.32917817656250004 0.5502807375 0.328617646875 0.5167275828125 0.3258148015625 0.4641609578125 0.3258148015625 0.4093574875 0.322556384375 0.3896273796875 0.3202092109375 0.36573838593749997 0.3095585078125 0.35008022968749997 0.294423321875 0.3601461765625 0.294423321875 0.38810712187499996 0.29049936875000004 0.4317262234375 0.284893778125 0.46192406249999995 0.27816702968749996 0.49100348125000004 0.274243075 0.5156091109375
10 0.47075123750000003 0.6241157515625 0.46402448906249993 0.6095760171875 0.4500104109375 0.6095760171875 0.4337541171875 0.6252341734375 0.4337541171875 0.6420107515625 0.43935970781250006 0.6800376421875 0.44272308281250006 0.71023548125 0.4512506546875 0.76684619375 0.455055471875 0.7974736828125 0.46402448906249993 0.8008289984375001 0.47187234531250005 0.7963553140624999 0.476356828125 0.7851708953125 0.4757963 0.7572098984375 0.472432925 0.7214199 0.47075123750000003 0.6778008 0.47075123750000003 0.6241157515625
10 0.490931484375 0.615168228125 0.47523572031250005 0.6118129125 0.46682728281249997 0.6162866484375 0.46178222187499995 0.6285894890625 0.4662667046875 0.6565504343749999 0.47019065781249997 0.7001695359375 0.474802546875 0.7484043859375 0.476356828125 0.7728681046875 0.48140188906250003 0.7963553140624999 0.4948553875 0.79859215625 0.499339921875 0.7818155796874999 0.4954159671875 0.718064584375 0.4937342796875 0.6789192203125001 0.4937342796875 0.6353001203125 0.490931484375 0.615168228125
2 0.51952016875 0.6408923296875 0.518399009375 0.6207604359375 0.515596215625 0.617405121875 0.5094300453125 0.6196419640624999 0.5010216093750001 0.6162866484375 0.4937342796875 0.6185235437500001 0.4898103265625 0.6263525953125 0.490931484375 0.645366065625 0.492613171875 0.6766823265624999 0.4958310234375 0.706491184375 0.4954159671875 0.7337226890624999 0.4954159671875 0.7639205296875 0.5004610296875 0.788526209375 0.513914528125 0.78069710625 0.5189595890625001 0.7650390015624999 0.51952016875 0.6889851671875 0.51952016875 0.661024221875 0.51952016875 0.6408923296875
2 0.543063790625 0.6118129125 0.5329736671874999 0.5995100718749999 0.515596215625 0.6084575953125 0.5144751078125 0.6196419640624999 0.515596215625 0.649839803125 0.51952016875 0.71023548125 0.5240046515625 0.7471439515625 0.5286354453125 0.7769053625 0.534094775 0.8041843140625 0.54362431875 0.8086581031250001 0.552593334375 0.790763053125 0.552593334375 0.7527362125 0.5497905390625 0.7158277421875 0.54698769375 0.6878667453125 0.5441848984375001 0.647602959375 0.543063790625 0.6118129125
0 0.5727735828125 0.6017469656250001 0.561001771875 0.59168101875 0.546427165625 0.5849703875000001 0.5391398359374999 0.5939179125 0.539700415625 0.6196419640624999 0.54026094375 0.649839803125 0.5475482734375 0.706880165625 0.5514722265625001 0.7594468437499999 0.55891645 0.8137889812499999 0.565486253125 0.8366190984375 0.5817425984375 0.8399744140625 0.590151034375 0.8075396296875 0.5851059734375 0.7516177390625 0.5817425984375 0.70352485 0.5772580640625 0.661024221875 0.5755763765624999 0.6319448046875 0.5727735828125 0.6017469656250001
8 0.453373784375 0.6017469656250001 0.44440476875 0.5816150718750001 0.43319353749999995 0.586088809375 0.4281484765625 0.59168101875 0.4203006203125 0.6062207015625 0.4169372453125 0.6185235437500001 0.416376665625 0.6420107515625 0.4118921828125 0.668853275 0.40740765 0.7057617953124999 0.40404427500000006 0.7404333203125 0.40292316718750004 0.784052421875 0.40292316718750004 0.8041843140625 0.4125582609375 0.8339073171875 0.42702736874999997 0.813131890625 0.43487522500000003 0.7896446828125 0.43935970781250006 0.7650390015624999 0.443844240625 0.7091171109375 0.447207615625 0.68451143125 0.453373784375 0.650958275 0.453373784375 0.6218788578125001 0.453373784375 0.6017469656250001
6 0.5907115625 0.59168101875 0.5733341625 0.6017469656250001 0.5716524749999999 0.6252341734375 0.573894690625 0.64872138125 0.5772580640625 0.681156115625 0.5834242859375001 0.7292490046875 0.5912721421875 0.7829340515625 0.6009734 0.8204950921874999 0.6142551843749999 0.8355006265625 0.620981934375 0.8153687328125001 0.6181791390625 0.78069710625 0.61201296875 0.7482624234374999 0.6103312812499999 0.6979326921875 0.6103312812499999 0.6319448046875 0.6058467484375 0.59168101875 0.5907115625 0.59168101875
6 0.645086134375 0.6051022796875001 0.6293903703125 0.5838519671875 0.6181791390625 0.579378178125 0.6036045328124999 0.595036334375 0.599680578125 0.6062207015625 0.599680578125 0.6397738562499999 0.612573496875 0.6800376421875 0.6254664671875 0.7437886359375 0.6413480734375 0.8188185640625001 0.6506917765625 0.8321453109375 0.664705803125 0.8299084671875001 0.6658269625 0.8075396296875 0.6591002125000001 0.773986475 0.655176259375 0.724775215625 0.6495706171875 0.6778008 0.645086134375 0.629707909375 0.645086134375 0.6051022796875001
4 0.706747984375 0.674445484375 0.7005818671874999 0.6408923296875 0.7033846109375 0.607339175 0.7005818671874999 0.5737860203125 0.686007209375 0.5648384953125001 0.67535650625 0.5648384953125001 0.6624635875 0.5648384953125001 0.650131196875 0.5715491265625 0.6400410734374999 0.579378178125 0.63779880625 0.59839165 0.64116218125 0.629707909375 0.6473284015625 0.663261065625 0.6495706171875 0.6789192203125001 0.6557368390625 0.7258936890625 0.6635846953125 0.7706311609375 0.6733113562499999 0.7970237 0.688249425 0.8265531515625 0.7056269281249999 0.8254346796875 0.7123536781250001 0.8120134171875 0.7202014828125 0.79859215625 0.7235648578125 0.7762234203125 0.7258071765625 0.7437886359375 0.71459589375 0.7124724265625 0.706747984375 0.674445484375
4 0.7510324859375 0.5536541265625 0.732533925 0.5502988109375 0.7185197953125 0.5502988109375 0.705066296875 0.5570094421875 0.6949761734375001 0.5681938109375 0.6949761734375001 0.6062207015625 0.7033846109375 0.6397738562499999 0.71291420625 0.6867482734375 0.7185197953125 0.72365674375 0.7305088093750001 0.7366686890625 0.7499113265624999 0.7426702656249999 0.7616831375 0.7337226890624999 0.7661676703125 0.7124724265625 0.763925353125 0.6833929578125 0.757759234375 0.6565504343749999 0.7532747015625 0.610694490625 0.7538352296874999 0.57825975625 0.7510324859375 0.5536541265625
4 0.7734549484375 0.5514172328125 0.759440921875 0.5502988109375 0.7549563874999999 0.5681938109375 0.7532747015625 0.6051022796875001 0.7459874234375 0.6386554359375001 0.7482296390625 0.667734853125 0.758880290625 0.6934589046874999 0.781863384375 0.6945773765625 0.802604159375 0.6889851671875 0.8261477812500001 0.6856298515625 0.832314003125 0.64424764375 0.8345562187500001 0.59168101875 0.8171788171875001 0.5726675484375 0.799801415625 0.5715491265625 0.787468975 0.5603647578125 0.7734549484375 0.5514172328125
14 0.4208611484375 0.6643795375 0.42366399374999997 0.6207604359375 0.41861893281249996 0.6017469656250001 0.40740765 0.59168101875 0.395075309375 0.589444125 0.3872274015625 0.59615475625 0.38610629375 0.6196419640624999 0.378818965625 0.6733270109375 0.3748950625 0.7046433234375 0.3670471546875 0.7572098984375 0.363772196875 0.7903175874999999 0.36648662656250003 0.8310268375 0.3810612328125 0.8343821531250001 0.3917119359375 0.8187240484375 0.3956358390625 0.7997106296875 0.40068089999999995 0.7717496328125 0.4085288078125 0.738196478125 0.4118921828125 0.7079986390624999 0.4208611484375 0.6643795375
14 0.3917119359375 0.5872072828125 0.3810612328125 0.5760228625 0.3648049390625 0.5737860203125 0.353033128125 0.5849703875000001 0.3491091734375 0.6229972796875 0.34742748749999997 0.64424764375 0.3401401578125 0.6800376421875 0.335095096875 0.72365674375 0.3289289265625 0.7572098984375 0.320520490625 0.7896446828125 0.3182782234375 0.8176055765625 0.328368346875 0.8231978375000001 0.3419025828125 0.8020532843750001 0.351351440625 0.7762234203125 0.3614415640625 0.749380896875 0.3687288421875 0.718064584375 0.375455590625 0.68451143125 0.3866668734375 0.6587873281250001 0.39283304375 0.6353001203125 0.397317525 0.610694490625 0.3917119359375 0.5872072828125
12 0.360880984375 0.5872072828125 0.35191196874999997 0.5704307046875 0.33453456875 0.5704307046875 0.31547542812499996 0.5626016015624999 0.29529518125 0.5681938109375 0.29529518125 0.59615475625 0.29081069843749996 0.643129171875 0.2857656375 0.669971696875 0.2790388875 0.7057617953124999 0.2756755125 0.731485846875 0.27287266718750003 0.7594468437499999 0.2745543546875 0.78069710625 0.2891290109375 0.7997106296875 0.310990946875 0.8053027875 0.322202178125 0.7851708953125 0.32948950625 0.7706311609375 0.33453456875 0.73931495 0.33901905 0.7091171109375 0.33901905 0.6856298515625 0.3468669078125 0.649839803125 0.358078190625 0.6140498062499999 0.360880984375 0.5872072828125
12 0.29865855625000004 0.5681938109375 0.28296279062499996 0.5558909703125 0.2711909796875 0.5525356546875 0.2633431234375 0.5447066031250001 0.2526924203125 0.540232865625 0.2414811890625 0.540232865625 0.2330727515625 0.5525356546875 0.22858824375000003 0.5726675484375 0.22858824375000003 0.59615475625 0.22522486874999997 0.629707909375 0.2201798078125 0.6565504343749999 0.2156953 0.6800376421875 0.21233192500000003 0.7135907968749999 0.21905867343750002 0.7527362125 0.242648178125 0.7634931390624999 0.2549346859375 0.7504992671874999 0.2622219890625 0.7258936890625 0.268388184375 0.7012880078125 0.27399382656250004 0.6710901687499999 0.2801599953125 0.645366065625 0.2891290109375 0.617405121875 0.2980979765625 0.5972732281249999 0.29865855625000004 0.5681938109375