3 0.53613615625 0.5633625515625 0.5380193859375 0.5417574546874999 0.5351945625 0.5079408015625 0.5337821500000001 0.47412415 0.5337821500000001 0.426217225 0.5328405578125001 0.3783103 0.5267200921875 0.3435543109375 0.5154208015624999 0.336039484375 0.5060047390625 0.346372365625 0.5044939203125 0.3621910875 0.5012966859375 0.4027334515625 0.5003550921875 0.477881540625 0.4956470390625 0.52015235625 0.495176221875 0.553029671875 0.5008258671875 0.5652412265625 0.5102419734375 0.5689986609375 0.5257785 0.5718167140625 0.53613615625 0.5633625515625
1 0.58839538125 0.553969009375 0.601577903125 0.5502116171875 0.60628595625 0.5257884640625 0.6034611328125 0.506062084375 0.6011070843749999 0.46848804062499994 0.6011070843749999 0.4280959421875 0.600636309375 0.3764315828125 0.596399075 0.336978821875 0.584628965625 0.3153737671875 0.5772586671875 0.319948734375 0.5686216203125001 0.336978821875 0.5625011984375 0.364220028125 0.5625011984375 0.4008547359375 0.56203038125 0.45439776875 0.56203038125 0.500425975 0.5610887875 0.5276671828125 0.5723880796875 0.544575509375 0.58839538125 0.553969009375
9 0.43491334375 0.5408181171875001 0.4339717515625 0.5107588562500001 0.4339717515625 0.46848804062499994 0.4335009328125 0.3952186265625 0.42879287968749996 0.3416755921875 0.422201640625 0.3144343859375 0.41184394218750003 0.2994047765625 0.3986614625 0.3022228328125 0.394993575 0.336845675 0.3972490515625 0.39615796406250003 0.3972490515625 0.45439776875 0.395836640625 0.5229704109375 0.39960305625000003 0.5586657796875001 0.40901911875 0.572756053125 0.42078922968750004 0.5774528250000001 0.43020529218750003 0.5689986609375 0.43491334375 0.5408181171875001
13 0.29460882499999996 0.5295269234375 0.29602123593749996 0.5501926421875 0.3012001078125 0.5821305765625 0.315794996875 0.5877666859375 0.3318023421875 0.594342175 0.34263081562500003 0.5736764140624999 0.3478096859375 0.5407991421875 0.34875127968749997 0.5116792171875 0.3454556390625 0.4750445109375 0.3459264578125 0.4412278578125 0.344043228125 0.390502878125 0.3377708140625 0.35655877343750003 0.3115577625 0.3501107796875 0.30261251875 0.363261715625 0.30261251875 0.39707836875 0.30261251875 0.43277369375 0.30261251875 0.47316583593750006 0.298375284375 0.5069824890625 0.29460882499999996 0.5295269234375
13 0.2964920546875 0.54643525 0.3035541109375 0.5098005437500001 0.3021417 0.46189361875 0.30308329375 0.41116863906249995 0.3040249296875 0.354807553125 0.29743364687499996 0.324748290625 0.27530588125 0.316294128125 0.2635931609375 0.3396618328125 0.2602401734375 0.3848667703125 0.2588277609375 0.458136184375 0.25459052656250003 0.4891347828125 0.2560029390625 0.51825470625 0.2649481828125 0.5389204234375 0.2738934703125 0.551131978125 0.2875467671875 0.553010696875 0.2964920546875 0.54643525
4 0.7433226203125 0.584887909375 0.7372021984375 0.5632828546875001 0.7306109171874999 0.5313448765625 0.7188408500000001 0.5106791578125 0.7037750984375 0.5191333218749999 0.6872969343750001 0.5228907125 0.682588925 0.53416293125 0.6759976421875 0.5576467453125 0.6759976421875 0.5820698546874999 0.6844721109374999 0.6074323453125 0.6924758062499999 0.623401334375 0.6985962265625 0.6487638234374999 0.7051268109375 0.6663360234375 0.7197823999999999 0.7060642484375 0.7329649640625 0.7257906281250001 0.749443040625 0.7239119546875 0.7598007828125 0.7070036281250001 0.768275253125 0.682580475 0.769216803125 0.650642540625 0.7555635484375001 0.6093110609375 0.7433226203125 0.584887909375
6 0.6533990578125 0.613068453125 0.6524574656250001 0.5858272890625 0.646337 0.5707976375 0.633154521875 0.5632828546875001 0.6213844125 0.567040246875 0.6162055843750001 0.5811305171875001 0.61903040625 0.6205832796874999 0.6274168890625 0.7128026109375 0.633625296875 0.75960728125 0.6406873546875 0.7849697703125 0.6529282828125 0.789666584375 0.6637567578125 0.7755763140624999 0.6623443453125 0.738002225 0.6571655171875 0.697610084375 0.6533990578125 0.65627865 0.6533990578125 0.613068453125
6 0.6218552296875 0.6299767796875 0.6232676406250001 0.59803884375 0.6143223546875001 0.5764337453125 0.60208146875 0.575494409375 0.5903113578125 0.575494409375 0.5860741234375 0.5820698546874999 0.5907821765625 0.6299767796875 0.59138774375 0.7113945328125 0.5969025968749999 0.762425334375 0.6011398328124999 0.79530269375 0.6129099421875 0.7934239328125 0.6180887703125 0.7718188796875001 0.62044281875 0.743638334375 0.62044281875 0.707942965625 0.62044281875 0.667550865625 0.6218552296875 0.6299767796875
0 0.5846617125 0.574555071875 0.5738332390625 0.5736156921875 0.5620631281249999 0.5773731265625 0.5597091234375 0.584887909375 0.557355075 0.6327948343750001 0.552647065625 0.697610084375 0.5517054296875 0.762425334375 0.5531178406249999 0.828179965625 0.561592309375 0.8507244015625 0.5751393046875 0.8409377453125 0.5813660703125 0.8075142046874999 0.5832493000000001 0.7699402046875 0.5851325296875001 0.743638334375 0.5870157171875 0.6994888015625 0.589840540625 0.6515818765625 0.5907821765625 0.6140078328125 0.5907821765625 0.5811305171875001 0.5846617125 0.574555071875
10 0.48579290625000004 0.59709950625 0.48390967656250006 0.5726763546875 0.46931478593750003 0.5707976375 0.45566144687500004 0.575494409375 0.4523658484375 0.5830092359375 0.45801549374999995 0.6299767796875 0.4649325046875 0.7099864546875 0.4669607375 0.7586679875 0.4730812015625 0.7887272046875 0.4848513125 0.789666584375 0.489088546875 0.76712215 0.489088546875 0.726730009375 0.48814691093749996 0.6816411390625 0.48814691093749996 0.6337342140625 0.48579290625000004 0.59709950625
10 0.508391490625 0.6487638234374999 0.507920671875 0.59709950625 0.4961506046875 0.5726763546875 0.4848513125 0.5773731265625 0.48108485312499993 0.584887909375 0.4853220875 0.6262193875000001 0.48824548281249996 0.688865278125 0.48861772812500004 0.7342447921875 0.489088546875 0.7567892265625 0.4923841453125 0.773697553125 0.502271025 0.7793336625 0.5088623078125 0.7699402046875 0.5088623078125 0.738002225 0.508391490625 0.696670746875 0.508391490625 0.6487638234374999
2 0.5328733046874999 0.6478244859375 0.533814896875 0.608371725 0.5314608921875 0.5858272890625 0.5182783703125 0.5773731265625 0.506979078125 0.584887909375 0.5050958484375 0.6121291156249999 0.507920671875 0.6581573234375 0.5093330828125 0.7088823015625 0.508391490625 0.7577286062499999 0.5088623078125 0.7812124218750001 0.5196907828125 0.7934239328125 0.5276944328125001 0.7793336625 0.5281652515624999 0.74927444375 0.530990075 0.7210939 0.5328733046874999 0.6816411390625 0.5328733046874999 0.6478244859375
2 0.55641348125 0.667550865625 0.5601798984374999 0.6262193875000001 0.5630047203124999 0.5867666265625 0.55641348125 0.575494409375 0.5469974203125 0.575494409375 0.5371105390625 0.575494409375 0.530990075 0.5830092359375 0.5291068453125 0.6017962359375 0.5291068453125 0.6515818765625 0.5300484812499999 0.6947920296875 0.5306327125 0.732515709375 0.5272236578125 0.76712215 0.5295776625 0.789666584375 0.5399353625 0.8056355312499999 0.5455850078125 0.79530269375 0.54888060625 0.7783943671875 0.5493514234375 0.7473957687499999 0.553588659375 0.715457790625 0.55641348125 0.667550865625
8 0.4598986796875 0.608371725 0.45377825937500005 0.58019118125 0.43965414375 0.5773731265625 0.4278840328125 0.5839485718749999 0.42270520625 0.59897818125 0.4331420828125 0.7226591609375 0.43353367968749995 0.76712215 0.44106655625 0.800938803125 0.45895708749999997 0.8103322593750001 0.46837315 0.7943633140624999 0.4664899625 0.7577286062499999 0.46507755156249997 0.7060642484375 0.464135915625 0.6468851046874999 0.4598986796875 0.608371725
14 0.42411761718749996 0.7126397359375 0.42270520625 0.667550865625 0.4250592109375 0.6337342140625 0.4278840328125 0.604614290625 0.42364680000000005 0.5811305171875001 0.40905186562500007 0.5689189625 0.3968109796875 0.58019118125 0.3935153390625 0.60649300625 0.39428712187500004 0.6733764156250001 0.394456975 0.7351841718750001 0.394456975 0.7652433890625 0.3977525734375 0.782151715625 0.40198980781250004 0.8084535859375 0.4156431484375 0.809392965625 0.42270520625 0.7915452593750001 0.42411761718749996 0.7577286062499999 0.42411761718749996 0.7126397359375