3 0.5006448765625 0.5438983875 0.5121967453125 0.5613079484375 0.5224650328125 0.560147328125 0.539792834375 0.5589867078124999 0.5519864937500001 0.5392558562499999 0.546210559375 0.51372185 0.5449270375 0.4812239671875 0.5449270375 0.44292293281250006 0.5449270375 0.38953363125 0.5423599359375 0.3558751296875 0.5320915890625 0.33846556875 0.5173308890625 0.3303411234375 0.50770433125 0.3442687734375 0.5057790203125 0.376766603125 0.5025701875 0.42203146093750005 0.5025701875 0.459171875 0.5019283984375 0.4847058796875 0.5012866078125 0.516043090625 0.5006448765625 0.5438983875
3 0.5808661625 0.5462196796875001 0.58600030625 0.52881011875 0.5840749953125 0.5032761140625001 0.5840749953125 0.45685058125 0.5840749953125 0.4034612796875 0.5802243734375 0.3523932171875 0.567887840625 0.3382752671875 0.5558371156249999 0.346590065625 0.5526282828125 0.3837304265625 0.546210559375 0.44524422656249996 0.5468523484375 0.487027171875 0.546210559375 0.5264888265625001 0.5577624265625001 0.5508622109375 0.569956084375 0.548540971875 0.5808661625 0.5462196796875001
1 0.597552175 0.548540971875 0.612312934375 0.5462196796875001 0.6206559109375 0.52532820625 0.6206559109375 0.49283037656250006 0.6206559109375 0.4626537875 0.6206559109375 0.4371197828125 0.6206559109375 0.3988187484375 0.624506534375 0.359357040625 0.6257901140625 0.32801983125 0.6054446 0.32261721250000003 0.59691044375 0.33846556875 0.591776240625 0.369802778125 0.585358575 0.41506763593749996 0.5834332640625 0.44640484531249996 0.5795826421875 0.4812239671875 0.5776573296875 0.512561178125 0.5834332640625 0.5392558562499999 0.597552175 0.548540971875
7 0.6187306 0.5322920296875 0.63028246875 0.5322920296875 0.643117915625 0.5380952359375 0.654669784375 0.5241675875 0.6591621390625 0.490509084375 0.654669784375 0.44756551875 0.65146089375 0.41971022187499996 0.65402799375 0.3709634515625 0.65402799375 0.3245379203125 0.6521026828125 0.31177094375 0.638186390625 0.31043872499999997 0.628998946875 0.32221668124999997 0.621939490625 0.33382303593749996 0.61808886875 0.36748153906250003 0.61808886875 0.40810381093750003 0.6097458328124999 0.47077823125 0.606537 0.48818779218749997 0.6084623125 0.5172037625 0.6187306 0.5322920296875
7 0.6771317296875 0.52881011875 0.686116496875 0.5148824703125 0.6893253890625 0.487027171875 0.6893253890625 0.4556899625 0.6874000765625 0.427834665625 0.6874000765625 0.38953363125 0.6874000765625 0.350071978125 0.6886835984374999 0.3210560078125 0.6771317296875 0.3094496515625 0.6641872249999999 0.3156580765625 0.654669784375 0.3477506859375 0.6476102703125 0.3906942515625 0.643759646875 0.424352753125 0.6373419828125 0.46613569843749997 0.6373419828125 0.502115440625 0.6444014375 0.5264888265625001 0.6630127609375001 0.5299707375 0.6771317296875 0.52881011875
5 0.685474765625 0.5102399375 0.70087725625 0.5114005578125 0.7207721015625 0.5114005578125 0.73296581875 0.5079186453125 0.742592375 0.490509084375 0.742592375 0.4626537875 0.7348911296875 0.43015595781249993 0.7316822375 0.405782571875 0.728473346875 0.3709634515625 0.728473346875 0.343108153125 0.7210038609375 0.3173978609375 0.7028025687499999 0.31525285625 0.69189243125 0.3245379203125 0.688041809375 0.339626240625 0.68162414375 0.3953368359375 0.6790570421875 0.42551337343749995 0.67520641875 0.4556899625 0.675848209375 0.48354525937500004 0.685474765625 0.5102399375
5 0.7721137765625 0.47774205625 0.7926504703125 0.459171875 0.7965010921875 0.43479848906249996 0.7913668890625 0.402300659375 0.7823820640625 0.3790878953125 0.7733973562500001 0.3454293921875 0.7663378421875 0.2978432953125 0.7498936765625001 0.3000000234375 0.7413087953125 0.3106102703125 0.737458171875 0.33382303593749996 0.7355328609375 0.36516024687500004 0.7348911296875 0.4011399875 0.73424928125 0.43131657656250005 0.7355328609375 0.46381440781250005 0.749651771875 0.48354525937500004 0.7721137765625 0.47774205625
5 0.7830239125 0.3918549234375 0.7907251578125 0.4266740453125 0.799068134375 0.44292293281250006 0.8106200031249999 0.44524422656249996 0.8240971828125 0.43131657656250005 0.8362907828124999 0.4011399875 0.8459173390625001 0.38256980625 0.842708565625 0.359357040625 0.831798428125 0.33498365625000004 0.8151123578125 0.316413475 0.801635178125 0.2862368859375 0.79996935625 0.2634645640625 0.7862326875 0.2479358515625 0.7740390875000001 0.25722096875 0.7663378421875 0.28391564687500004 0.7663378421875 0.3024858265625 0.7695467328125 0.33382303593749996 0.7753226671875 0.3686421578125 0.7830239125 0.3918549234375
11 0.4955106734375 0.5555047953125001 0.5064208109375 0.5369345625 0.50321191875 0.49283037656250006 0.49807777499999994 0.44756551875 0.49807777499999994 0.4011399875 0.49101832031250003 0.358196421875 0.4807499734375 0.33498365625000004 0.46727279375 0.3326624171875 0.45636271562499997 0.3407868609375 0.4561805546875 0.36437202343749997 0.45892975781249995 0.38953363125 0.4602133390625 0.41854954843750003 0.4602133390625 0.46033249375 0.4595715484375 0.502115440625 0.45700444687499997 0.5322920296875 0.46278038125 0.5473802984375 0.4807499734375 0.5578260359375 0.4955106734375 0.5555047953125001
11 0.4390349140625 0.5543441234375 0.45251209374999996 0.5555047953125001 0.45892975781249995 0.545059059375 0.46149685937499996 0.51836438125 0.4595715484375 0.485866553125 0.45636271562499997 0.45801125468750004 0.45507913593750005 0.42203146093750005 0.45507913593750005 0.3744453640625 0.45058678125 0.3326624171875 0.44077265312499997 0.3278365640625 0.42684125625 0.33498365625000004 0.4229906328125 0.362838953125 0.4223488421875 0.397658075 0.4197818 0.44292293281250006 0.4197818 0.47658143593749996 0.4197818 0.5195250015624999 0.425557734375 0.5508622109375 0.4390349140625 0.5543441234375
15 0.34854528125 0.545059059375 0.35560473593749997 0.5543441234375 0.3710072265625 0.5555047953125001 0.3812755734375 0.5369345625 0.390260340625 0.5299707375 0.3921856515625 0.500954821875 0.390260340625 0.46381440781250005 0.3864097171875 0.435959109375 0.37806668125 0.3953368359375 0.3710072265625 0.3454293921875 0.3658730828125 0.3198953875 0.3550662 0.3191376453125 0.3472617 0.3256985921875 0.347903490625 0.3721240703125 0.34661996875 0.423192134375 0.34469465781249997 0.45801125468750004 0.343411078125 0.487027171875 0.3459781796875 0.51836438125 0.34854528125 0.545059059375
9 0.3825590953125 0.5276494984375 0.3941109625 0.552022884375 0.40758814218749995 0.552022884375 0.421065321875 0.552022884375 0.4236324234375 0.516043090625 0.4217071109375 0.47658143593749996 0.4217071109375 0.432477196875 0.4178564890625 0.405782571875 0.411438765625 0.36516024687500004 0.40514188124999995 0.3243569953125 0.37999199375 0.316413475 0.3710072265625 0.3361443296875 0.37164901562499997 0.3686421578125 0.3761413703125 0.41971022187499996 0.3793502609375 0.459171875 0.3793502609375 0.49631228906249997 0.3825590953125 0.5276494984375
15 0.3402022453125 0.5392558562499999 0.3511123234375 0.51836438125 0.357530046875 0.500954821875 0.35881356875 0.47542081718749996 0.353679425 0.44408360625 0.3517541125 0.4046219 0.34918701093750004 0.35703580156250003 0.340844034375 0.30828903125 0.321361415625 0.3243569953125 0.3203073421875 0.3558751296875 0.3203073421875 0.4011399875 0.317098509375 0.435959109375 0.317098509375 0.47309952343750006 0.3093972625 0.49515161562500004 0.312606096875 0.5346133234375 0.32736685625 0.5473802984375 0.3402022453125 0.5392558562499999
13 0.2837264265625 0.5195250015624999 0.2984871859375 0.520685675 0.310680784375 0.5241675875 0.315173196875 0.506758025 0.3158149875 0.4696176109375 0.3145314078125 0.4266740453125 0.311322575 0.38140918749999997 0.310039053125 0.3361443296875 0.29977070625 0.3129315640625 0.272816346875 0.3140921828125 0.2683967546875 0.3278365640625 0.2644733125 0.3802485140625 0.26062268906249997 0.417388928125 0.2554885453125 0.45685058125 0.2503544015625 0.4812239671875 0.2554885453125 0.502115440625 0.2625480015625 0.512561178125 0.2708910375 0.5241675875 0.2837264265625 0.5195250015624999
13 0.2355936421875 0.500954821875 0.2561303359375 0.502115440625 0.2612644796875 0.44872613906250003 0.265115103125 0.4011399875 0.265115103125 0.35355388906249996 0.263189790625 0.316413475 0.24842909062500002 0.30364644687500003 0.23180298906250002 0.2982602390625 0.22853418749999999 0.33150174374999997 0.2234000140625 0.366320865625 0.21184814531249999 0.405782571875 0.19580389375 0.4371197828125 0.19259503125 0.45801125468750004 0.20478866093749998 0.47774205625 0.22404177343749998 0.4847058796875 0.2355936421875 0.500954821875
13 0.20594349687500002 0.43772069843750006 0.21048430156250003 0.41965417031249996 0.21457104999999999 0.3900907421875 0.22501499218749998 0.3588848890625 0.229101740625 0.318645790625 0.226831296875 0.2915459796875 0.2204741453125 0.2537704640625 0.20458124687499998 0.25294926875 0.202392475 0.2708944203125 0.193229153125 0.3112549328125 0.1696168109375 0.3588848890625 0.155540259375 0.37941503593750003 0.155540259375 0.40897846250000003 0.1668923125 0.44675398125 0.18414750156249998 0.46071446250000003 0.19822405468749998 0.4525024125 0.20594349687500002 0.43772069843750006
12 0.2218694140625 0.524184625 0.2232316640625 0.49379996562499995 0.20552241875 0.4740910125 0.194170325 0.4708062 0.1828182515625 0.4584881046875 0.1651090046875 0.4584881046875 0.1569355078125 0.4814818703125 0.153302834375 0.5176149624999999 0.15197153125 0.5626366968750001 0.14830793281250002 0.5915235328125 0.14830793281250002 0.6194445359375 0.157389584375 0.6383322953125 0.17509882968749998 0.6407959140624999 0.190083575 0.6292990125 0.2009815734375 0.5857751 0.207338765625 0.5545692468750001 0.2218694140625 0.524184625
12 0.27363490156250003 0.5882387203125 0.281354303125 0.5701721546875 0.282716553125 0.5438935765624999 0.2745430546875 0.524184625 0.257742003125 0.5151513421875 0.24502765937499998 0.5061180609375 0.23185925937500002 0.496263584375 0.2232316640625 0.5028332468750001 0.217782665625 0.5176149624999999 0.2132418203125 0.550463203125 0.20915507031249997 0.5898811078125 0.203755203125 0.6266476609375 0.19644076875 0.6629684859375 0.19507851874999999 0.6949955328125 0.20416016875 0.7204529171875 0.22868066250000002 0.7237377671874999 0.2445735625 0.6892471 0.25592565624999997 0.6498291968750001 0.26364505781249997 0.6136961046875 0.27363490156250003 0.5882387203125
12 0.3254003890625 0.6449019578125 0.3294871390625 0.6235505796874999 0.3408392328125 0.602199203125 0.3440177875 0.57674181875 0.3385687890625 0.5545692468750001 0.3244922375 0.5471783890624999 0.3113237953125 0.5471783890624999 0.2995176453125 0.5381451078125 0.28317065 0.5340391015625 0.27272675 0.553748053125 0.26864 0.584132675 0.27045630468750004 0.610411290625 0.26364505781249997 0.6662532984375 0.2603084234375 0.693120584375 0.255017503125 0.7253801546875 0.25865015625 0.7500163453125 0.281354303125 0.7549435828125 0.29679314687499997 0.7533011953125001 0.305874796875 0.73687705625 0.3126860453125 0.7147044859375 0.31813504375 0.6900682953125 0.3254003890625 0.6449019578125
14 0.3776199734375 0.6210869609375 0.3848852765625 0.5857751 0.3789822234375 0.5677085359375 0.3658137828125 0.5578540609375 0.3499208828125 0.5512844343750001 0.3376606359375 0.5644237234375 0.33448204062500003 0.5792054375 0.3308493875 0.6219081546874999 0.3244922375 0.6958167265624999 0.321313640625 0.73359224375 0.3258544859375 0.7713677609375 0.33539023437500004 0.7804010046875 0.34492598124999996 0.7713677609375 0.3499208828125 0.7508375765624999 0.3544617296875 0.711419671875 0.3603647828125 0.6728229609375 0.3680842265625 0.6383322953125 0.3776199734375 0.6210869609375
14 0.4107680203125 0.58495386875 0.40441087031249995 0.560317678125 0.3903342765625 0.553748053125 0.3771658765625 0.561138909375 0.371716878125 0.5874174875 0.367630128125 0.6219081546874999 0.3639974765625 0.6670745296875 0.35910621875 0.71650920625 0.35991072812499997 0.767261678125 0.3744413765625 0.7828646234375001 0.385339375 0.761513284375 0.38988022031249997 0.7270225796875 0.393512871875 0.6908894875 0.40214046718749996 0.6498291968750001 0.40985986875 0.6145172984375 0.4107680203125 0.58495386875
8 0.44391610937500003 0.6112324859375 0.44391610937500003 0.5808478625 0.44119161093750003 0.5652449171875 0.4284772671875 0.561138909375 0.413038465625 0.5652449171875 0.40622721562499997 0.5742782 0.40622721562499997 0.604662821875 0.4030486203125 0.653935203125 0.3986253359375 0.7054303859375 0.39805371875 0.7516587703125001 0.3989618703125 0.7721889171874999 0.408043521875 0.7877918625 0.42030376875000003 0.7795797734375001 0.42529871249999995 0.7467315328125 0.4330181125 0.7015651968750001 0.4380130140625 0.655577628125 0.44391610937500003 0.6112324859375
10 0.4678007015625 0.5652449171875 0.450545553125 0.5636025296875 0.4387393609375 0.5718145796874999 0.43964755625 0.635868675 0.43646895937499997 0.687604675 0.433744459375 0.716346909375 0.43473763437499996 0.7251260671875001 0.43556080625 0.7450891078125 0.44645880312499997 0.7574072015625 0.460989453125 0.7508375765624999 0.4659843546875 0.706492434375 0.473703796875 0.6424383390624999 0.47824460156250004 0.602199203125 0.47960685156249994 0.57345700625 0.4678007015625 0.5652449171875
10 0.5014028453125 0.5693509625 0.4786986984375 0.5660661484375 0.47234154687499996 0.5792054375 0.471433353125 0.6309414375 0.474938115625 0.700506465625 0.47461195 0.7270225796875 0.4823313515625 0.7434467203125 0.4932293484375 0.73523463125 0.4968620421875 0.712240865625 0.49867834687499996 0.679392625 0.50185694375 0.62847781875 0.5063977890625 0.5907023390624999 0.5014028453125 0.5693509625
2 0.5286478390625 0.57345700625 0.5172957859375 0.57345700625 0.50321919375 0.575920625 0.50049469375 0.602199203125 0.5009487906250001 0.6432595328125 0.49742313125 0.720202146875 0.50049469375 0.7434467203125 0.5095763437499999 0.7549435828125 0.519112090625 0.7409831 0.5213825359375 0.710598440625 0.525469284375 0.679392625 0.5291019359375 0.6399747203125 0.5336427828125 0.597271965625 0.5286478390625 0.57345700625
2 0.5627040812499999 0.5775630125 0.55226018125 0.5644237234375 0.534550934375 0.5578540609375 0.5263774375 0.5677085359375 0.524107034375 0.58495386875 0.5268315343750001 0.635868675 0.5287658796875 0.72266410625 0.5295560328125 0.7557648140625 0.5399999328125 0.763155671875 0.5527142781250001 0.7541223890625 0.554076528125 0.7220953421874999 0.5563469296875 0.6752865796874999 0.5595255265625 0.6440807265624999 0.5627040812499999 0.6013780093750001 0.5627040812499999 0.5775630125
0 0.5972144187499999 0.605484053125 0.5917654203125 0.5824902515625 0.584500075 0.5677085359375 0.5699694265625 0.5627812984375 0.55997958125 0.5668873421875 0.5554387765625 0.604662821875 0.5572550828125 0.6498291968750001 0.5682849984375 0.732511946875 0.5763265765625001 0.7754737671874999 0.589040921875 0.78861309375 0.59993891875 0.7762949984375 0.600393015625 0.7459103390624999 0.5967603218749999 0.710598440625 0.5949440171875 0.6678957234375 0.5967603218749999 0.6325838625 0.5972144187499999 0.605484053125
6 0.6176481640625 0.5594964859375 0.6058420140624999 0.550463203125 0.5931276703125 0.5496420093750001 0.584954171875 0.5660661484375 0.5799592703124999 0.58495386875 0.5808674234375 0.6178021484375 0.5867705187500001 0.6457231515624999 0.5949440171875 0.6744653875 0.60266341875 0.712240865625 0.6098482093750001 0.7251260671875001 0.6167400125 0.7541223890625 0.6335410625 0.7574072015625 0.6448931578125 0.7434467203125 0.6453472546875 0.7048500093750001 0.6376278125 0.6720017671875 0.6290002593749999 0.6292990125 0.626275759375 0.5907023390624999 0.6176481640625 0.5594964859375
6 0.6067501671875 0.5668873421875 0.6112910125 0.5948083453125 0.6190104140625 0.6235505796874999 0.6326329109375 0.6547564343750001 0.640806409375 0.707313628125 0.64897990625 0.7303073921875 0.66078605625 0.7327710125 0.6603320015625 0.708134821875 0.6603320015625 0.6662532984375 0.655499603125 0.621723740625 0.6562452515625 0.58495386875 0.6512503093750001 0.5652449171875 0.6430768109375 0.5447147718750001 0.6335410625 0.5365027203125 0.6226430656249999 0.5414299578125 0.61038281875 0.550463203125 0.6067501671875 0.5668873421875
4 0.7202709859375 0.6153385296875 0.71663829375 0.5882387203125 0.71663829375 0.5545692468750001 0.71527604375 0.5348602953125 0.7007454359375 0.520899775 0.679403496875 0.520899775 0.6571534046874999 0.52336339375 0.6444390609374999 0.532396675 0.63989825625 0.5627812984375 0.649888059375 0.5989143890624999 0.65942380625 0.624371775 0.6664014296875 0.6488053015624999 0.6707759421875 0.6900682953125 0.6807657453125 0.7179892984375 0.698929046875 0.73359224375 0.7134597375 0.7270225796875 0.7338934828125 0.712240865625 0.7352557328125 0.6843198625 0.728444484375 0.6514715843750001 0.7202709859375 0.6153385296875
4 0.7834244171875 0.5365027203125 0.78115405625 0.5085816796875 0.769347865625 0.492978771875 0.7548171734375 0.4905151515625 0.7411946765625 0.5011908218750001 0.7234854312500001 0.505296865625 0.7121333796875 0.5118665296875 0.711225184375 0.5422511515624999 0.716674184375 0.5775630125 0.725301778125 0.5989143890624999 0.7420328453125 0.6635770640625 0.7611743671875 0.7048500093750001 0.7829703609374999 0.7032075843750001 0.8011336625000001 0.6843198625 0.7979551078125 0.6449019578125 0.791143859375 0.6145172984375 0.7879653046875 0.58331148125 0.7834244171875 0.558264675 0.7834244171875 0.5365027203125
4 0.819751103125 0.453560865625 0.8102153546875 0.4650577671875 0.7970469140625001 0.4650577671875 0.7806999171875 0.46998500625000006 0.7725264203125 0.49133634531250003 0.7775213625 0.5274694375 0.7847866671875 0.555390440625 0.7915979156249999 0.609590059375 0.8006301578125001 0.6364955015625 0.8124857984375 0.649007965625 0.8360980984375 0.6383322953125 0.8442715968750001 0.6235505796874999 0.846542040625 0.5718145796874999 0.846542040625 0.5291118625 0.8456338453125 0.4839454890625 0.8383685421875 0.4552032921875 0.819751103125 0.453560865625