3 0.48972834218749994 0.5364554625 0.503026740625 0.5470686984375 0.516857140625 0.54176205625 0.5221764796875 0.5343327953125 0.5259000578124999 0.5056770140625 0.5237722921875 0.45897868593749996 0.5237722921875 0.42926159531249997 0.5232403875 0.3804406515625 0.5221764796875 0.3326810140625 0.5159281499999999 0.307605484375 0.509941940625 0.3061478515625 0.5024948359375 0.3146384703125 0.4998351171875 0.32525170625 0.49611158906249997 0.3592141296875 0.4923880125 0.42077097812500003 0.4891963890625 0.46746930468750003 0.4891963890625 0.5088609890625 0.48972834218749994 0.5364554625
3 0.54451784375 0.5290261515625 0.555688525 0.515228940625 0.5594121015625 0.49930906249999996 0.5604759593749999 0.47383725625000006 0.555688525 0.45154942499999995 0.55143304375 0.4282002875 0.5471775625 0.3719500328125 0.5423901265625 0.333742325 0.5354749265625001 0.29341195 0.5264320109375 0.29765728281250003 0.5195168109375 0.3273743734375 0.5200487640625 0.378317984375 0.5221764796875 0.4419974984375 0.5227084343749999 0.4844504921875 0.5232403875 0.5120449640625 0.5264320109375 0.532210128125 0.53175135 0.532210128125 0.54451784375 0.5290261515625
1 0.555688525 0.4685306140625 0.5636675828125 0.49930906249999996 0.5700508296875 0.513106275 0.584413134375 0.515228940625 0.591328334375 0.49930906249999996 0.595583815625 0.45367209218750004 0.5939880046875 0.4282002875 0.5918602875000001 0.3963605296875 0.5918602875000001 0.35284617812499997 0.5902644765625 0.30084125781250004 0.586168528125 0.28851449375 0.5849450875 0.2743080953125 0.5759021718749999 0.265817525 0.568986971875 0.2806760453125 0.563135678125 0.296595925 0.5599440546875 0.33480363281250003 0.5546246671875 0.3804406515625 0.5493052781250001 0.4388135234375 0.555688525 0.4685306140625
7 0.57377440625 0.48551184999999997 0.5769660296875 0.503554346875 0.5918602875000001 0.5099222984375 0.60462678125 0.5088609890625 0.6173932734375 0.5056770140625 0.6211168015624999 0.48551184999999997 0.62164875625 0.45367209218750004 0.620584896875 0.42183233593749997 0.619520990625 0.3719500328125 0.622180709375 0.32843568125 0.6244814609375 0.307605484375 0.6253723328125 0.2827987125 0.6184571328125 0.2636948578125 0.6099461203125001 0.26687883437500004 0.60037125 0.27324678593749996 0.5939880046875 0.31569977968749996 0.58068960625 0.406973765625 0.574306359375 0.466407996875 0.57377440625 0.48551184999999997
7 0.6253723328125 0.5077996796875001 0.638138825 0.5088609890625 0.6498414125 0.49718639531250003 0.6562246578125001 0.49400242031249997 0.657288565625 0.47171458906249997 0.6551608 0.42926159531249997 0.65090531875 0.38362462656249996 0.65090531875 0.3443555609375 0.6493095062500001 0.296595925 0.6468306734375 0.2773780828125 0.6344152484375 0.27324678593749996 0.6259042375 0.295534615625 0.62164875625 0.3539074875 0.6211168015624999 0.3889312203125 0.62164875625 0.4260776203125 0.6179251781249999 0.461101353125 0.6179251781249999 0.4876344671875 0.6253723328125 0.5077996796875001
5 0.6604801890625 0.49612508593750004 0.679097975 0.49824775312499997 0.695056140625 0.49612508593750004 0.70569481875 0.4812665171875 0.7088864421875 0.46004004375 0.7035671031249999 0.408035075 0.699311571875 0.364520771875 0.69558804375 0.3178224453125 0.6915290953125 0.2932872421875 0.6854812703125 0.265817525 0.67484249375 0.26687883437500004 0.665799528125 0.2997799 0.659948234375 0.3592141296875 0.6551608 0.41121905 0.6514372234375 0.45154942499999995 0.6519691765625 0.4812665171875 0.6604801890625 0.49612508593750004
5 0.7200571234375001 0.513106275 0.736015240625 0.51098365625 0.7455901093749999 0.49400242031249997 0.75729279375 0.4823278734375 0.7626121328125001 0.449426759375 0.7578246984375 0.42183233593749997 0.7477179234375 0.39848314687499997 0.7381430546875001 0.3740726984375 0.7328236171875 0.35284617812499997 0.7275042765624999 0.3294970390625 0.7243126531249999 0.29128933125 0.7184613125 0.2605108828125 0.7126100671875 0.24352969375 0.7043000734375 0.24874159687500003 0.6998435749999999 0.27112411875000003 0.6998435749999999 0.31569977968749996 0.6998435749999999 0.3507235125 0.6998435749999999 0.39211519687499996 0.700907384375 0.423954953125 0.706226821875 0.472775946875 0.7115461609375 0.501431728125 0.7200571234375001 0.513106275
5 0.7253765609375 0.3677047484375 0.7338875234375 0.393176553125 0.7445263 0.3974218390625 0.7541011703125 0.3942378625 0.768463475 0.38362462656249996 0.77963415625 0.3602754390625 0.7838895890625001 0.333742325 0.7775063421875 0.3146384703125 0.7689953796875 0.29765728281250003 0.7599524140625 0.27112411875000003 0.749845640625 0.24459100312499998 0.737823890625 0.21692327968749997 0.7243126531249999 0.1978926765625 0.7152696890625 0.20744460468749998 0.7115461609375 0.2223031734375 0.714737784375 0.249897646875 0.7173975031250001 0.2849213796875 0.7227168421875 0.3390489671875 0.7253765609375 0.3677047484375
11 0.49079220156250003 0.5215968921874999 0.491856059375 0.48551184999999997 0.491856059375 0.44730414218750003 0.491856059375 0.410157740625 0.491856059375 0.3549688453125 0.48653671875000004 0.3199451125 0.4716424609375 0.31145449375 0.46165149375 0.32987830625000003 0.459407921875 0.3761953171875 0.457812109375 0.44730414218750003 0.456748203125 0.49400242031249997 0.456748203125 0.5258421765625 0.4599398265625 0.54813000625 0.47696185 0.5502526734375001 0.49026024843749993 0.5428234125 0.49079220156250003 0.5215968921874999
11 0.45036495624999995 0.5343327953125 0.4583440140625 0.530087509375 0.46047177968749997 0.5056770140625 0.459407921875 0.4303229046875 0.459407921875 0.386808603125 0.459407921875 0.3454169171875 0.45728015624999996 0.3135771609375 0.4448895859375 0.30601456875 0.43706655781250003 0.33480363281250003 0.43068331249999997 0.38256326875 0.428555546875 0.42077097812500003 0.428555546875 0.446242784375 0.42430006562499994 0.49400242031249997 0.42589587656249994 0.5215968921874999 0.4360026515625 0.5353941046874999 0.45036495624999995 0.5343327953125
9 0.389192209375 0.5205355828125 0.4024906078125 0.5385780796875 0.4147251953125 0.530087509375 0.4232361578125 0.5088609890625 0.42802359375 0.4929411109375 0.43227912343749997 0.472775946875 0.4301513578125 0.42501631093750003 0.42802359375 0.3708887234375 0.4237681125 0.3231290875 0.417384865625 0.290227971875 0.4078099953125 0.26900150156249997 0.40258572031249995 0.2614689234375 0.393447690625 0.2615721921875 0.3902560671875 0.29765728281250003 0.3902560671875 0.33480363281250003 0.3923838328125 0.366643390625 0.3945115484375 0.4144030265625 0.38706444375000004 0.4706532796875 0.38600058593750003 0.49400242031249997 0.389192209375 0.5205355828125
15 0.3907880203125 0.5077996796875001 0.3971712671875 0.489757134375 0.3971712671875 0.4504881171875 0.3929157375 0.42501631093750003 0.3929157375 0.3730113421875 0.3907880203125 0.3263130640625 0.38440477500000003 0.29235063906250003 0.365869159375 0.29805998906250003 0.358339834375 0.3294970390625 0.358339834375 0.3719500328125 0.35940369375 0.4144030265625 0.35568016562500004 0.4706532796875 0.35621206875 0.51098365625 0.36685084687499997 0.519474225 0.3828089625 0.5226582015625 0.3907880203125 0.5077996796875001
15 0.3482330109375 0.5205355828125 0.35940369375 0.5056770140625 0.3615314578125 0.47702123125 0.35940369375 0.4409361890625 0.35940369375 0.406973765625 0.362595315625 0.375134009375 0.362595315625 0.34329425156250004 0.3636592234375 0.3167611375 0.37163828125 0.2881053546875 0.376425715625 0.26900150156249997 0.3562909265625 0.27578716718749996 0.3466372 0.2997799 0.3381262375 0.33480363281250003 0.3280194125 0.3889312203125 0.32323197812500004 0.43350688125000003 0.316316778125 0.4653466375 0.3173806859375 0.49400242031249997 0.330147178125 0.515228940625 0.3482330109375 0.5205355828125
13 0.243441396875 0.39954450625 0.23759007968749998 0.4356295484375 0.23759007968749998 0.46004004375 0.23759007968749998 0.4759599234375 0.24290944374999998 0.4918798015625 0.251952384375 0.5046157046874999 0.2689743828125 0.5088609890625 0.2865283109375 0.501431728125 0.29131574531250004 0.47383725625000006 0.2870602640625 0.43350688125000003 0.2844005453125 0.39848314687499997 0.2801450640625 0.36558208125 0.2748256765625 0.30933182656249997 0.2676922671875 0.2614689234375 0.26205918281249996 0.2424683375 0.25088850156250003 0.24140702812499998 0.24929268906250002 0.2721854765625 0.24716494843749998 0.30084125781250004 0.24716494843749998 0.3294970390625 0.24556913749999998 0.3549688453125 0.243441396875 0.39954450625
13 0.23227071562499998 0.4802052078125 0.23971782031250002 0.46322401874999997 0.24290944374999998 0.418648359375 0.24290944374999998 0.35815282187499997 0.24397332500000002 0.3146384703125 0.24024977343749998 0.2849213796875 0.2359942671875 0.2636948578125 0.23280264375 0.2509589546875 0.2216319625 0.2520202640625 0.2174065421875 0.26305983906249997 0.212589021875 0.31888375468749997 0.2056738453125 0.35178486875 0.19503509375 0.3878699109375 0.18652410625 0.41652569375 0.188651846875 0.45261073593749995 0.2030141515625 0.4812665171875 0.21790841093750002 0.48657315937499995 0.23227071562499998 0.4802052078125
12 0.2163125984375 0.47489856562500005 0.20833354062499998 0.4886958265625 0.1891838015625 0.49081844375 0.1758853546875 0.49930906249999996 0.16258693125 0.5046157046874999 0.15833142656250002 0.5290261515625 0.15833142656250002 0.5449460312500001 0.1609911203125 0.5736018125 0.1695021078125 0.589521690625 0.178295421875 0.5907885125 0.20035448281249998 0.6001349765625 0.236526196875 0.6054415703125 0.2450372078125 0.58209243125 0.240781703125 0.5428234125 0.24024977343749998 0.515228940625 0.2381220078125 0.4823278734375 0.23014294999999999 0.47489856562500005 0.2163125984375 0.47489856562500005
12 0.29131574531250004 0.577847146875 0.3003586625 0.5460073890625 0.3024864265625 0.52478086875 0.29876285 0.49930906249999996 0.28759216875 0.4918798015625 0.2758895578125 0.49400242031249997 0.2689743828125 0.49718639531250003 0.2578037015625 0.49081844375 0.24769687812500002 0.5024930375000001 0.24237751406250002 0.5205355828125 0.24024977343749998 0.557681934375 0.23971782031250002 0.5958896421875 0.241352125 0.668743390625 0.23971782031250002 0.7136967453125 0.24769687812500002 0.7476592171875 0.260995325 0.7370459328125001 0.2668466171875 0.7020221984374999 0.2737618171875 0.6669984671875 0.281208921875 0.638342684375 0.2865283109375 0.6043802609375 0.29131574531250004 0.577847146875
12 0.353020446875 0.5162902500000001 0.34131785937500003 0.518412915625 0.3333388015625 0.51098365625 0.324827790625 0.5024930375000001 0.3147209671875 0.501431728125 0.306741909375 0.5046157046874999 0.299294803125 0.5173516078125 0.299294803125 0.54813000625 0.2955712265625 0.589521690625 0.2849324984375 0.6468332546875 0.278549253125 0.6914089156250001 0.276953440625 0.7136967453125 0.281208921875 0.743413884375 0.2998267578125 0.7561497875 0.3131888765625 0.745107353125 0.324827790625 0.7328006 0.33653042499999997 0.6988382234375 0.340253953125 0.665937109375 0.34770110625 0.6213614484375001 0.358339834375 0.581031121875 0.36472308125 0.5544979578125 0.36472308125 0.5290261515625 0.353020446875 0.5162902500000001
14 0.4035545140625 0.5364554625 0.38866025625 0.5290261515625 0.3758937625 0.5290261515625 0.36844665781249997 0.5258421765625 0.358339834375 0.532210128125 0.3567440234375 0.5608659109375 0.35195658750000003 0.5958896421875 0.342913671875 0.687163678125 0.3370623296875 0.723248671875 0.3328068484375 0.748720478125 0.3397220484375 0.777376259375 0.354694553125 0.7641983437500001 0.36472308125 0.744475240625 0.369510515625 0.7062675328125 0.3748299046875 0.6701824421875 0.3828089625 0.6340973515624999 0.3918518796875 0.59907361875 0.39876707968749997 0.5842150984375001 0.4035545140625 0.566172553125 0.4035545140625 0.5364554625
14 0.4147251953125 0.5428234125 0.4014267484375 0.5375167703125 0.38866025625 0.5428234125 0.38440477500000003 0.5608659109375 0.37908538593749996 0.58527640625 0.3796173390625 0.6415266609375 0.3748299046875 0.689286296875 0.3742979515625 0.735984575 0.3742979515625 0.7678243328125001 0.3833408671875 0.7816215921875 0.39141111562500003 0.7753347546875 0.3998309375 0.7529658109375 0.4078099953125 0.7274940046875 0.4120654765625 0.686102321875 0.4168529125 0.638342684375 0.4232361578125 0.6086255453125 0.42695973593750003 0.5757244796875 0.42589587656249994 0.55343665 0.4147251953125 0.5428234125
8 0.4493010984375 0.5513139828125 0.4407900859375 0.5332714859375 0.43227912343749997 0.5385780796875 0.4237681125 0.5640498859374999 0.415789053125 0.586337715625 0.4120654765625 0.6298520671875 0.40887385312499996 0.6977768656250001 0.40727804218749997 0.735984575 0.4083419484375 0.76145638125 0.415789053125 0.78268295 0.42573311875000003 0.7928348296875 0.43706655781250003 0.7816215921875 0.44185399375 0.75084319375 0.44717333281249994 0.7221874109375 0.45196076874999996 0.6829183453125001 0.45408853281250006 0.6521399453125001 0.4562162984375 0.6203001390625 0.45196076874999996 0.581031121875 0.4493010984375 0.5513139828125
10 0.4764298953125 0.6033189515624999 0.4774937546875 0.56829521875 0.4753660375 0.5470686984375 0.46791888437500007 0.54176205625 0.45728015624999996 0.5364554625 0.4498330515625 0.5470686984375 0.4493010984375 0.5629885765625 0.44876914531249995 0.5969510015624999 0.452492721875 0.6171161640625 0.44876914531249995 0.680795728125 0.4493010984375 0.714758103125 0.4514288640625 0.7412912656249999 0.4536696328125 0.768971090625 0.46313145 0.794357496875 0.47270631874999997 0.7890509015625 0.4774937546875 0.7646403562499999 0.4737702265625 0.7370459328125001 0.4737702265625 0.715819459375 0.4721744140625 0.687163678125 0.4721744140625 0.6542625640625 0.4764298953125 0.6033189515624999
10 0.49823930625 0.5619272671875 0.49132415468749996 0.5438847234375 0.47962152031249994 0.5460073890625 0.47430213125 0.5608659109375 0.4732382734375 0.6171161640625 0.46951469531249995 0.6468332546875 0.46791888437500007 0.6850409625 0.4728260984375 0.7387436890625 0.47962152031249994 0.75721114375 0.48972834218749994 0.76145638125 0.49079220156250003 0.7338619578125 0.49079220156250003 0.7062675328125 0.49451577812499997 0.663814490625 0.49611158906249997 0.6287907578125 0.4993032125 0.5916443578125 0.49823930625 0.5619272671875
2 0.4950476828125 0.586337715625 0.49132415468749996 0.683979703125 0.4923880125 0.7168807203124999 0.49557963593750004 0.7391685515625 0.504622553125 0.751904453125 0.51332285 0.7406722953125 0.514197421875 0.7083901515625 0.5163251875 0.67655039375 0.5163251875 0.6510785875 0.5179209984375001 0.6256067828125 0.5195168109375 0.5969510015624999 0.5195168109375 0.5725405046875001 0.514729375 0.5491913640625 0.501430928125 0.5460073890625 0.4934518703125 0.55343665 0.4950476828125 0.586337715625
2 0.5227084343749999 0.54176205625 0.5131335640625 0.552375340625 0.515793234375 0.5842150984375001 0.5152613296874999 0.6181774718749999 0.5152613296874999 0.658507896875 0.5152613296874999 0.694592890625 0.516857140625 0.7296166234375 0.52058066875 0.7550884296875 0.53348824375 0.7610165109375 0.538134596875 0.7423525265625 0.538134596875 0.7030835578125 0.538134596875 0.6701824421875 0.540794315625 0.6256067828125 0.5434539843749999 0.589521690625 0.5439859390625 0.5555593171875 0.5360068796874999 0.5396394375 0.5227084343749999 0.54176205625
0 0.55834824375 0.5226582015625 0.545049796875 0.530087509375 0.538134596875 0.5438847234375 0.5360068796874999 0.5672338609375001 0.538134596875 0.6043802609375 0.5418581734375 0.6468332546875 0.54451784375 0.6977768656250001 0.5493052781250001 0.738107290625 0.55143304375 0.766763071875 0.562603725 0.792234878125 0.5741957359375001 0.786471165625 0.5780298875 0.7561497875 0.5780298875 0.717942078125 0.5780298875 0.683979703125 0.5780298875 0.6510785875 0.5764340765625 0.5905830484375 0.57377440625 0.5619272671875 0.568986971875 0.5269035343749999 0.55834824375 0.5226582015625
6 0.6040948265625 0.5120449640625 0.5822854171875 0.5088609890625 0.5705827828125 0.52478086875 0.5663273015625 0.556620625 0.574306359375 0.6107482125 0.5748382640624999 0.65638518125 0.58068960625 0.7062675328125 0.5877649 0.748289184375 0.5945199578125 0.7837442109375 0.6142016515625001 0.7646403562499999 0.619520990625 0.7349233140625 0.6184571328125 0.692470271875 0.613669696875 0.63940399375 0.6126058390625 0.5916443578125 0.6126058390625 0.5364554625 0.6040948265625 0.5120449640625
6 0.6455859296875001 0.5619272671875 0.6482456 0.523719559375 0.6360110609375 0.503554346875 0.622180709375 0.506738321875 0.606754496875 0.513106275 0.5987754390625 0.53114881875 0.6019670625 0.5746631703125 0.608350309375 0.6033189515624999 0.613669696875 0.6468332546875 0.6163293671875001 0.6967156046875 0.6268760203125 0.745107353125 0.631223625 0.7582724046875 0.6413304484375 0.7529658109375 0.646117884375 0.7328006 0.644522071875 0.7062675328125 0.64239430625 0.6669984671875 0.64239430625 0.6372813265625 0.64239430625 0.6065029281250001 0.6455859296875001 0.5619272671875
4 0.69611995 0.557681934375 0.69611995 0.5258421765625 0.688140890625 0.503554346875 0.67324668125 0.49824775312499997 0.6535649890624999 0.49718639531250003 0.644522071875 0.5269035343749999 0.637606871875 0.5608659109375 0.64239430625 0.6054415703125 0.65090531875 0.65638518125 0.6567566109375 0.7009608421875 0.661996209375 0.7196526984375 0.6775021625 0.7370459328125001 0.6939922328125 0.7296166234375 0.70729063125 0.7136967453125 0.714737784375 0.687163678125 0.706226821875 0.6553239203125 0.700907384375 0.6298520671875 0.6966519515625 0.5969510015624999 0.69611995 0.557681934375
4 0.7365472421875 0.4950637765625 0.7221849375 0.5046157046874999 0.7094184453125 0.4929411109375 0.6987796671875001 0.49081844375 0.68707708125 0.5003703703125 0.68335345625 0.5226582015625 0.6939922328125 0.5640498859374999 0.7035671031249999 0.6128708796875 0.7115461609375 0.6489559703125 0.7242547265625 0.667152475 0.7312278046875 0.687163678125 0.7503775453125 0.6776117515625 0.7556969828125 0.6478946125 0.750909546875 0.614993496875 0.7466540171875 0.581031121875 0.74505820625 0.5375167703125 0.748249828125 0.49824775312499997 0.7365472421875 0.4950637765625
4 0.7578246984375 0.4812665171875 0.7376110515625001 0.503554346875 0.7381430546875001 0.54813000625 0.741334678125 0.6011962859375 0.752505359375 0.6171161640625 0.7727189078125 0.6107482125 0.7825223125 0.5987430921875 0.8003797078125 0.5884603828125 0.809954578125 0.5619272671875 0.81208229375 0.5269035343749999 0.808358765625 0.49081844375 0.795060271875 0.4886958265625 0.7828257796875 0.4918798015625 0.772187003125 0.4918798015625 0.7578246984375 0.4812665171875