13 0.2469852109375 0.4986493875 0.24293635156249999 0.43503240156249995 0.23686303749999998 0.40170921875000004 0.219655303125 0.38353293593750004 0.2059903484375 0.382523159375 0.2075341 0.41520135937499997 0.21054533281249999 0.450179303125 0.20902700468750002 0.5127865093749999 0.2049781453125 0.5440900906249999 0.20953312968749999 0.5663055765625 0.228765271875 0.5693349578125 0.24850353906249997 0.563276196875 0.24850353906249997 0.533992171875 0.2469852109375 0.4986493875
9 0.4180502234375 0.63194211875 0.422605209375 0.5976091578125 0.4180502234375 0.55418805625 0.41248299062499993 0.5006689890625 0.40843412968750004 0.45926744375000006 0.40286694218749997 0.40978758125 0.392744721875 0.38050355625 0.375030909375 0.37444479531249997 0.370811725 0.3940099765625 0.375030909375 0.440081384375 0.3770553625 0.4855220875 0.3770553625 0.55317823125 0.3770553625 0.5895307953125 0.37958589374999996 0.6127560578125 0.38565920625 0.6339617203125 0.4013486140625 0.6400204796875 0.4180502234375 0.63194211875
11 0.494472715625 0.6289127375 0.4889055265625 0.5400509328124999 0.4813138859375 0.458257665625 0.4701794625 0.40170921875000004 0.45702063437499996 0.3936309015625 0.4514534453125 0.4138267390625 0.4468984609375 0.4784535484375 0.44639233593750005 0.5582272140625 0.44133122656249996 0.6077070765625 0.4433556796875 0.6400204796875 0.4509473203125 0.65516738125 0.46562447812499996 0.6632457453125 0.4833383390625 0.6470890203125 0.494472715625 0.6289127375
3 0.5293942640625 0.649108621875 0.535973703125 0.62689318125 0.532937046875 0.5935699984375 0.533443171875 0.542070534375 0.533443171875 0.4421009859375 0.5278759359375 0.4027190421875 0.5147171078125 0.3966602828125 0.5059904093750001 0.4076330078125 0.50003995 0.437052003125 0.4939666359375 0.5077375281250001 0.48839940156250006 0.5885210171875 0.48738719843749995 0.6258833578125 0.48839940156250006 0.6440596390625 0.50307660625 0.6521380015625 0.5197782171875 0.6501184 0.5293942640625 0.649108621875
1 0.6042984734375 0.52187465 0.6058168015625001 0.450179303125 0.611383990625 0.39867983749999997 0.6017679421875 0.3673762578125 0.58506633125 0.3673762578125 0.5766174734375 0.39552364687499997 0.5648219390625 0.46835558437499997 0.5597608296875001 0.5410607093750001 0.5572302984374999 0.5854916359375 0.5653280640625 0.622853978125 0.580005221875 0.6339617203125 0.5982251609375 0.62689318125 0.6017679421875 0.5703447359375 0.6042984734375 0.52187465
7 0.6751537765625 0.5986189359375 0.672623290625 0.5703447359375 0.6670560562500001 0.5390411546875 0.6645254796875 0.4734045671875 0.65997049375 0.40372882031249996 0.6508605249999999 0.382523159375 0.6274993390625 0.397037315625 0.62909785 0.4602772671875 0.627579521875 0.5370215515625001 0.6225184125000001 0.5713545124999999 0.6265672734375001 0.6026581390625 0.6356772421875 0.6157854390625 0.6508605249999999 0.6218442 0.665537728125 0.6167952171875 0.6751537765625 0.5986189359375
2 0.49700329375 0.6400204796875 0.4858688703125 0.6511282234375 0.495358378125 0.7376131109374999 0.50206435625 0.7975483 0.5137049031250001 0.8076461734375 0.5263576078125001 0.7975483 0.5268637328125 0.7561467093750001 0.5218026234375001 0.7187844140624999 0.5192720921875 0.6511282234375 0.510668246875 0.6440596390625 0.49700329375 0.6400204796875
2 0.5607730796875 0.66930450625 0.5541936421875 0.6400204796875 0.5400225625 0.6369911 0.5258515296875 0.6450694625 0.5167415609375 0.65516738125 0.5202842953125 0.7157550328125 0.5234573171875 0.7694001859374999 0.5268637328125 0.792499271875 0.5304065140625001 0.8056266171875001 0.541540890625 0.8187539625 0.5506508593749999 0.8147147578125 0.5577364234375 0.792499271875 0.5567241734375 0.7581663578125 0.5567241734375 0.7187844140624999 0.5607730796875 0.66930450625
0 0.5972129578125001 0.703637465625 0.5972129578125001 0.6794024234375 0.5951885046875 0.6501184 0.5870907375 0.6289127375 0.5744380328124999 0.6258833578125 0.5607730796875 0.6258833578125 0.551663109375 0.6380008796875 0.54963865625 0.6652653 0.5587486265625 0.72585290625 0.5652260124999999 0.77091385625 0.5759563625 0.827842103125 0.582029675 0.85611625625 0.6012618171875 0.868233778125 0.6093595828125 0.8419791796875 0.6098656609375 0.8137049328125 0.6048045984375 0.7803817515625 0.5992373640624999 0.7480683921875 0.5972129578125001 0.703637465625
6 0.6351711640625 0.6470890203125 0.6311222578125 0.6299225625 0.61948175625 0.6167952171875 0.6032862703124999 0.6127560578125 0.5951885046875 0.622853978125 0.5881029875 0.6369911 0.5881029875 0.6622359203125 0.5962007078125 0.68344158125 0.6032862703124999 0.7248431734375 0.6153484453125 0.7936189078125 0.6225184125000001 0.8167343140625001 0.6356772421875 0.8298616593749999 0.6452933359374999 0.8167343140625001 0.6452933359374999 0.77937201875 0.6397261484375 0.74301945625 0.6366894921874999 0.7117158296875 0.6361833671875 0.6814220265625 0.6351711640625 0.6470890203125
10 0.49092997968749996 0.6874807875 0.49599104374999997 0.6662751250000001 0.49548496562500005 0.6470890203125 0.4813138859375 0.6400204796875 0.466636728125 0.6400204796875 0.460057290625 0.6440596390625 0.460057290625 0.6864709625 0.462702853125 0.722476409375 0.46157561874999997 0.7803817515625 0.46157561874999997 0.8137049328125 0.4701794625 0.8268322796875 0.4828322140625 0.8217833421874999 0.4868810734375 0.7985580328124999 0.4878933234375 0.7561467093750001 0.4894116515625 0.72383335 0.49092997968749996 0.6874807875
10 0.4716977921875 0.6804122015625 0.46562447812499996 0.656177159375 0.45499618125 0.6400204796875 0.4388006953125 0.6329519421875001 0.42817239687499997 0.6420400828124999 0.42918459999999997 0.6733436640625 0.42397188124999996 0.77091385625 0.4241235375 0.81976369375 0.43272738125 0.8349105953124999 0.44639233593750005 0.8389498 0.45499618125 0.8137049328125 0.457526759375 0.7763426390625 0.4590450875 0.7349410468750001 0.464612275 0.70464724375 0.4716977921875 0.6804122015625
8 0.43019685 0.7197941453125 0.434751834375 0.6713240609375 0.4367762421875 0.6470890203125 0.42665406875 0.6309323390625 0.41703797500000006 0.6238638015625 0.4033730203125 0.6238638015625 0.39628750468749996 0.6390107031250001 0.393756971875 0.66829468125 0.3886958625 0.7298921109375 0.3844814796875 0.77848220625 0.381104221875 0.8227930734375001 0.380598096875 0.83693024375 0.38262255 0.8591456375 0.39426305 0.85712608125 0.40438527031250004 0.8490477640625 0.41248299062499993 0.8227930734375001 0.42108688125000004 0.774322990625 0.43019685 0.7197941453125
14 0.383128675 0.717774590625 0.39021419062499996 0.696568928125 0.3993241609375 0.6703142828125 0.40084248906250003 0.6501184 0.3993241609375 0.635981321875 0.387683659375 0.6238638015625 0.3760431125 0.6137658375 0.3664270640625 0.6218442 0.358835421875 0.6289127375 0.3542804375 0.6380008796875 0.3532681890625 0.6652653 0.35073765625000003 0.6925297234375 0.348207125 0.7319116671875 0.3465099390625 0.7603181640625001 0.34517046875 0.792499271875 0.343652140625 0.8339008640625 0.3552926421875 0.842989003125 0.3664270640625 0.8318812140625 0.3699697984375 0.8056266171875001 0.37452478437500003 0.773313259375 0.38009201875 0.7450390125 0.383128675 0.717774590625