13 0.24530538281249997 0.5523354421875 0.25882255781249996 0.5335739421875 0.25882255781249996 0.5136399203125 0.25412094375 0.4585281 0.24665047968749998 0.3365785609375 0.23002507031250002 0.3283704390625 0.215920175 0.34713188437500003 0.215920175 0.37879185625 0.21180625625 0.42100515156249996 0.207692309375 0.4608733 0.20299069531249997 0.497223621875 0.209455421875 0.5359191421875 0.2270865421875 0.5535080156250001 0.24530538281249997 0.5523354421875
3 0.5394373140625001 0.5377147453125 0.5394373140625001 0.4990192234375 0.5417880937499999 0.4509429515625 0.54472665 0.3864504359375 0.54472665 0.35127268906250003 0.5376742015625 0.330166040625 0.5216777796875001 0.3329869609375 0.5088766875 0.35713566406249997 0.49888573750000004 0.3829326609375 0.4941840703125 0.45446072812500005 0.49007017812500003 0.5212984453125 0.4930086796875 0.55530361875 0.510052078125 0.5623391671875 0.5282709203125 0.563511740625 0.5394373140625001 0.5377147453125
11 0.4930086796875 0.5095725484375 0.49242095781249995 0.43804448125000006 0.48948245625000003 0.36534378749999996 0.48771934375 0.327820840625 0.4724390578125 0.3043690171875 0.46259277968749996 0.32068304062499997 0.45480793906250006 0.40872965624999996 0.44834315937499997 0.5001917984375 0.44834315937499997 0.54592286875 0.45069399218750006 0.5740650656249999 0.46891283437500003 0.579928040625 0.48948245625000003 0.5717199187500001 0.4971226265625 0.5494406421875 0.4930086796875 0.5095725484375
11 0.4536324953125 0.48025777812500003 0.45480793906250006 0.3676889875 0.4536324953125 0.313749740625 0.44481693437500003 0.29850606874999996 0.42908188437500006 0.31013682187499997 0.42483503437500003 0.3723793375 0.42365959062499997 0.43921705468749994 0.41601947499999997 0.5072273468749999 0.41601947499999997 0.54592286875 0.43482598437500003 0.563511740625 0.45186938281250005 0.55530361875 0.4536324953125 0.529506621875 0.4536324953125 0.48025777812500003
9 0.4095546953125 0.5646843687499999 0.41837025624999996 0.5306791953125 0.41837025624999996 0.4908111 0.4201333671875 0.43921705468749994 0.415431753125 0.3817600875 0.4101424171875 0.3254756921875 0.40661619375 0.2914705203125 0.39380725625 0.2679519515625 0.382520346875 0.2785719953125 0.382520346875 0.326648265625 0.3789941234375 0.384105234375 0.3789941234375 0.4896384734375 0.3766432890625 0.5341969703125 0.3778186796875 0.556476190625 0.3954498 0.5646843687499999 0.4095546953125 0.5646843687499999
10 0.449518603125 0.5717199187500001 0.43835220937499997 0.5717199187500001 0.4330628734375 0.5728924906249999 0.4318874828125 0.5939991390625 0.4246725546875 0.6651928203125 0.42189647968750005 0.7335375515625 0.43717681875 0.7593346015625 0.44834315937499997 0.7522989984375 0.4536324953125 0.67842573125 0.45598332968750005 0.6350398609375 0.46009727500000003 0.6033798890625001 0.46009727500000003 0.582273240625 0.449518603125 0.5717199187500001
10 0.48830706562500004 0.583445815625 0.4742021703125 0.5717199187500001 0.45598332968750005 0.5752376921875 0.45598332968750005 0.6162783609375 0.4546559890625 0.6599197125 0.44834315937499997 0.713603478125 0.44834315937499997 0.74526345 0.4606849421875 0.753471571875 0.469500503125 0.74526345 0.47596528281249995 0.706567928125 0.48184228593749995 0.6584916562500001 0.48595623281250006 0.6221413375 0.48830706562500004 0.583445815625
2 0.48948245625000003 0.5811006140625 0.4853685109375 0.6057250375 0.4855212875 0.658162009375 0.4830177296875 0.67842573125 0.48184228593749995 0.7171212515625001 0.48771934375 0.7487812234375 0.5171045265624999 0.7311923499999999 0.5159291359375 0.656146509375 0.5159291359375 0.6080702375 0.5065258546875 0.5904813640625 0.48948245625000003 0.5811006140625
2 0.54002498125 0.6162783609375 0.5370864796875 0.582273240625 0.52180619375 0.5752376921875 0.508288965625 0.5857910171875 0.5106398000000001 0.626831684375 0.5207959140625 0.6898006624999999 0.5253324171875 0.719466453125 0.5382618703125 0.7311923499999999 0.5488405421875 0.7335375515625 0.5570684328125 0.730019778125 0.5588315453125 0.706567928125 0.550603653125 0.6772531578125001 0.5459020390625 0.65497388125 0.54002498125 0.6162783609375
0 0.58233966875 0.6057250375 0.5782257765625001 0.5764102656250001 0.5676471046875 0.563511740625 0.5459020390625 0.563511740625 0.540612703125 0.5846183890625001 0.54355120625 0.6244865374999999 0.5613617343749999 0.7038622859375 0.574699553125 0.7429182484375 0.5911552296875 0.7522989984375 0.6134880171875 0.74526345 0.6093740703125 0.7218116 0.5964445640625 0.703050153125 0.5905675609375 0.6760805296875 0.586453615625 0.6455931859375 0.58233966875 0.6057250375
8 0.40837930624999996 0.5541310453125 0.3936866875 0.5541310453125 0.3883973515625 0.6139332140625 0.377933675 0.7021045828125 0.37429245624999996 0.7628523765625 0.3883973515625 0.7757508484375 0.4095546953125 0.7429182484375 0.41660714375 0.67842573125 0.425422703125 0.632694659375 0.4330628734375 0.5904813640625 0.4224842015625 0.567029515625 0.40837930624999996 0.5541310453125
15 0.3507843328125 0.3618260125 0.341968771875 0.3289934671875 0.314439346875 0.3488062875 0.3025925875 0.46149627656250003 0.302004865625 0.514262896875 0.309645034375 0.54826806875 0.3296269890625 0.5506132703125 0.344319553125 0.5424050921875 0.35431055625 0.516608096875 0.35431055625 0.462668903125 0.3507843328125 0.3618260125
6 0.6211281328125 0.5811006140625 0.629356025 0.6385576359375 0.638084046875 0.6898006624999999 0.646399421875 0.71477605 0.6622674843749999 0.703050153125 0.6646182640625 0.66200943125 0.659328928125 0.6033798890625001 0.65051336875 0.5599939671875 0.6358207499999999 0.54592286875 0.6205404640625 0.5494406421875 0.6211281328125 0.5811006140625
6 0.5811642796875 0.5658569421874999 0.5811642796875 0.592826565625 0.5835151125 0.6350398609375 0.5882167265625 0.67842573125 0.6058478468749999 0.7241568 0.6205404640625 0.730019778125 0.6264174687499999 0.7112582765625 0.6223035765625 0.699532378125 0.6178011375 0.6634351171875 0.6193650203125001 0.6444205578125 0.6217158546875 0.6115880125000001 0.6228912453125 0.5717199187500001 0.6152511281249999 0.54592286875 0.6034970125 0.54826806875 0.5911552296875 0.5494406421875 0.5811642796875 0.5658569421874999