4 0.7462326546875 0.5109454515625 0.726868128125 0.5109454515625 0.7075036015625 0.5302635796875 0.6926575421875001 0.5547332453125 0.699757790625 0.5972331234375 0.7348708484375 0.6573855484375 0.757205925 0.6951116125000001 0.7759250078125 0.7067024890625 0.7972259875 0.6757934875 0.799807884375 0.6204148765624999 0.7868981609375 0.5766270828125 0.7720521015624999 0.5624604953125 0.7578513703125 0.52768786875 0.7462326546875 0.5109454515625
6 0.6558648828125 0.5701877468750001 0.6313365015625 0.567611978125 0.6151993765625 0.5907937296875 0.638436809375 0.7002630953125 0.639951334375 0.7153009046875 0.6565103875 0.7723841796875 0.672647453125 0.8020052671875 0.6926575421875001 0.78783868125 0.686848184375 0.7363236375 0.6765203578125 0.6938237578125 0.668129103125 0.6551875046875 0.6623197453125 0.60109675 0.6558648828125 0.5701877468750001
6 0.5893799875 0.575339228125 0.5861525875 0.6191269625 0.5964803546875 0.66677838125 0.6157371734375 0.759702678125 0.6210087343749999 0.79942955625 0.6403732609375 0.80973251875 0.6423097140625 0.7710962640625 0.63650035625 0.7041267203125 0.631981946875 0.6564753609375 0.627463596875 0.5933694984375 0.6106809671875 0.571475603125 0.5893799875 0.575339228125
10 0.486747996875 0.5766270828125 0.4699654265625 0.574051371875 0.455764753125 0.575339228125 0.446082490625 0.5817786234375 0.446082490625 0.6217027328125 0.44543704531249995 0.6719298609375 0.4452694765625 0.71143988125 0.4447915421875 0.7427629734375001 0.4499553953125 0.789126478125 0.46867447812499996 0.7865507671875 0.47383833124999997 0.74147511875 0.473192828125 0.6938237578125 0.47642028906249995 0.6461723390625 0.486747996875 0.5985209796875 0.486747996875 0.5766270828125
10 0.49836671250000003 0.5663241218749999 0.48158414218749995 0.5766270828125 0.4777112375 0.6023846046875 0.47512928125 0.6680662359375 0.4752950359375 0.7133703921875 0.475774784375 0.749202428125 0.48029319375 0.78011143125 0.49255735468750006 0.78397505625 0.50094866875 0.7517781390625 0.5015941734375 0.6899601328125 0.5061125234375 0.6435966296875 0.50740353125 0.5895058734374999 0.49836671250000003 0.5663241218749999
2 0.5248316046875 0.5766270828125 0.5061125234375 0.575339228125 0.4977212671875 0.588217959375 0.5041760703125 0.6423087140625 0.5072577296875 0.7288144875 0.50740353125 0.76980835 0.5196676921875001 0.79942955625 0.5332228609375 0.773671975 0.5338683640624999 0.723444846875 0.5338683640624999 0.66677838125 0.5338683640624999 0.6191269625 0.5332228609375 0.588217959375 0.5248316046875 0.5766270828125
2 0.5241861015625 0.592081584375 0.5312864078125 0.6886722187500001 0.5332228609375 0.7453388015625 0.540968671875 0.8020052671875 0.5508432203125 0.8041044515625 0.5590422484375 0.7595053890625 0.5629151546875 0.7118539703125 0.559687753125 0.66677838125 0.559687753125 0.6217027328125 0.557105796875 0.5779149984374999 0.5441961328125 0.5766270828125 0.5306409624999999 0.5663241218749999 0.5241861015625 0.592081584375
0 0.559687753125 0.5766270828125 0.5538783953124999 0.5985209796875 0.55516934375 0.6564753609375 0.5674335640625 0.7337478671875 0.5895858781250001 0.82534008125 0.5997077546875 0.79556593125 0.6035806609375001 0.756929678125 0.6003532593750001 0.7067024890625 0.5958348499999999 0.6590511296875 0.5958348499999999 0.6088240015624999 0.593898396875 0.5817786234375 0.5771158265625 0.575339228125 0.559687753125 0.5766270828125
14 0.384761509375 0.5663241218749999 0.378306646875 0.61783910625 0.3731427921875 0.6848085921875 0.36778415781249996 0.7539111421875 0.3705608359375 0.7865507671875 0.3931528234375 0.7826871421875 0.397025728125 0.7324600109375 0.4028350875 0.6796571124999999 0.4150992484375 0.6165512515625 0.4176812046875 0.5727634578125 0.400898634375 0.5637483515625 0.384761509375 0.5663241218749999
8 0.40799894062500003 0.6835207375000001 0.40154407968749994 0.7427629734375001 0.397025728125 0.773671975 0.410580896875 0.79942955625 0.42299244687500004 0.7925213796875 0.4331728265625 0.7401872625 0.4389821828125 0.69253584375 0.446082490625 0.639733003125 0.44866444687499996 0.5907937296875 0.4318818765625 0.579202853125 0.411871846875 0.580490709375 0.41122634218750004 0.6113997125 0.40799894062500003 0.6835207375000001
14 0.3460324546875 0.5843543343750001 0.3453869515625 0.6229905875 0.3357046875 0.6989752390625 0.32860438125 0.7440508875 0.3253769796875 0.773671975 0.33183178281250003 0.800717353125 0.3505508640625 0.7942780171875 0.3493813953125 0.780938309375 0.360233128125 0.7285963859375 0.367333434375 0.67064200625 0.3776612015625 0.6165512515625 0.3892799171875 0.5933694984375 0.391861815625 0.5585968718750001 0.3724972890625 0.5508696203125 0.3505508640625 0.5534453312500001 0.3460324546875 0.5843543343750001
12 0.3253769796875 0.52768786875 0.3027849921875 0.52768786875 0.2911662765625 0.5508696203125 0.28535691875 0.6113997125 0.2750292109375 0.67064200625 0.2692198515625 0.7041267203125 0.27438370624999997 0.735035721875 0.289875328125 0.753066053125 0.3048273390625 0.7539111421875 0.3202130671875 0.7324600109375 0.32731343281249997 0.6938237578125 0.3337682359375 0.6551875046875 0.33957759374999996 0.6204148765624999 0.3499053609375 0.5946573546875 0.3524873171875 0.5547332453125 0.3453869515625 0.5367029750000001 0.3253769796875 0.52768786875
3 0.5525873875 0.39632460625 0.5583967453125 0.33837022656250004 0.54871448125 0.3177641859375 0.5325774156249999 0.313900559375 0.51708579375 0.362839834375 0.5217862265625001 0.35815620937500003 0.5125673859375001 0.41821844375 0.5061125234375 0.476172825 0.4996577203125 0.5251120984375001 0.50223961875 0.5598847265625 0.519022246875 0.5727634578125 0.539677721875 0.5560211015625 0.543550628125 0.4800364484375 0.5525873875 0.39632460625
3 0.5738883671874999 0.4336729453125 0.5784067765625001 0.3641276890625 0.575179375 0.33708231093749996 0.5629151546875 0.33708231093749996 0.55956031875 0.35815620937500003 0.54548708125 0.4517032171875 0.540968671875 0.4980667203125 0.5358048171875 0.5534453312500001 0.550650934375 0.5727634578125 0.56614255625 0.5663241218749999 0.5719519140625 0.5431423703125 0.57130646875 0.49291524062500003 0.5738883671874999 0.4336729453125
1 0.6068080625000001 0.53541511875 0.607453565625 0.49033947031249997 0.607453565625 0.441400196875 0.607453565625 0.39503669218750004 0.6061626171875 0.3589762078125 0.5915230125 0.3523646734375 0.58227968125 0.3641276890625 0.5764703234375 0.4053397125 0.5687245125 0.47874859374999995 0.5687245125 0.5109454515625 0.566788059375 0.55730895625 0.5809887328125 0.5779149984374999 0.6035806609375001 0.571475603125 0.6068080625000001 0.53541511875
7 0.6358548515625 0.567611978125 0.638436809375 0.522536328125 0.63650035625 0.4671577171875 0.6313365015625 0.43109723437499997 0.628109040625 0.374430709375 0.6242361359374999 0.33193083125 0.61476860625 0.33305955468750004 0.6061626171875 0.3589762078125 0.5997077546875 0.42208206875 0.5945439015625 0.476172825 0.5906709953125 0.5109454515625 0.591316440625 0.5418544546875 0.5997077546875 0.5650362078125 0.6222996843749999 0.5766270828125 0.6358548515625 0.567611978125
7 0.6532829265625 0.5585968718750001 0.662965190625 0.5534453312500001 0.6661926499999999 0.522536328125 0.662965190625 0.4800364484375 0.662965190625 0.41564273281249997 0.659092284375 0.3602640640625 0.64188846875 0.338851090625 0.6313365015625 0.3473853328125 0.6268180921875001 0.375718565625 0.624881640625 0.427233609375 0.6235906921875001 0.47102134375000004 0.6210087343749999 0.505793971875 0.61907228125 0.5341272046875 0.63004549375 0.55730895625 0.6532829265625 0.5585968718750001
5 0.7165404203125 0.522536328125 0.7126675140625001 0.476172825 0.7075036015625 0.423369984375 0.7010487984375 0.3602640640625 0.6958848843750001 0.33965808124999997 0.6845053921875001 0.34850365 0.6694200515625 0.357688353125 0.6642561984375 0.39632460625 0.6603832921875 0.441400196875 0.6603832921875 0.4954909515625 0.6642561984375 0.5598847265625 0.677811365625 0.5624604953125 0.7107310609375 0.54571808125 0.7165404203125 0.522536328125
5 0.7546240281250001 0.4169305890625 0.7417143046875 0.370567084375 0.7352595015625 0.3177641859375 0.717831428125 0.3035975984375 0.711625253125 0.32147648281249996 0.7010487984375 0.3525368140625 0.704276259375 0.4053397125 0.70685815625 0.4813243640625 0.708794609375 0.514809078125 0.7442962015625 0.517384846875 0.7513965671875 0.49677886562499995 0.763015284375 0.46586986250000006 0.7546240281250001 0.4169305890625
15 0.4073534375 0.508369740625 0.4073534375 0.46200623749999997 0.4041260359375 0.41564273281249997 0.4028350875 0.366703459375 0.397025728125 0.3293550609375 0.3900611875 0.338851090625 0.369915390625 0.349961103125 0.36668793125 0.39503669218750004 0.367333434375 0.4632940921875 0.3653969828125 0.5070818265625 0.3679789390625 0.5444302249999999 0.387343465625 0.5534453312500001 0.4047715390625 0.54571808125 0.4073534375 0.508369740625
9 0.4318818765625 0.552157475 0.435109278125 0.52382424375 0.4331728265625 0.48905161562500005 0.4331728265625 0.4465517359375 0.4331728265625 0.38473373125 0.42800897187500003 0.33708231093749996 0.421554109375 0.3164763296875 0.40749538437500005 0.3311290421875 0.40025312968750004 0.3641276890625 0.40025312968750004 0.41435481875 0.40025312968750004 0.4684455734375 0.3950892765625 0.517384846875 0.39379826875 0.5495817062499999 0.40541698437499996 0.5598847265625 0.42219961406250006 0.5624604953125 0.4318818765625 0.552157475
11 0.46544701718750003 0.500642490625 0.46544701718750003 0.4285214640625 0.462219615625 0.361551978125 0.455119309375 0.3345066 0.44236377656250003 0.336920578125 0.43704573125 0.38344581718750004 0.43704573125 0.4285214640625 0.4331728265625 0.508369740625 0.43123637343750004 0.5534453312500001 0.441564140625 0.5701877468750001 0.4583467109375 0.5727634578125 0.46544701718750003 0.54571808125 0.46544701718750003 0.500642490625
11 0.50094866875 0.43753657187500006 0.500303165625 0.371854940625 0.4880390046875 0.330642975 0.46867447812499996 0.3293550609375 0.46173510625 0.3542951859375 0.46157411249999997 0.41821844375 0.46157411249999997 0.49162732656249997 0.45770120625 0.5379908296875 0.46609252031250004 0.5701877468750001 0.4886844484375 0.5637483515625 0.499012215625 0.5418544546875 0.5035306265624999 0.49291524062500003 0.50094866875 0.43753657187500006
13 0.300848540625 0.521248471875 0.3253769796875 0.518672703125 0.34151404687500003 0.49677886562499995 0.3369956953125 0.44912744687500006 0.3363501921875 0.38602158593749997 0.330010065625 0.33305955468750004 0.3118218109375 0.3164763296875 0.2976211390625 0.322915725 0.2982666421875 0.3564004390625 0.2943937375 0.40405185781249997 0.28664792656250004 0.45427898593749994 0.287938875 0.501930346875 0.300848540625 0.521248471875
13 0.29052083125 0.47874859374999995 0.292457284375 0.43238508906249995 0.3002030953125 0.374430709375 0.3021395484375 0.3190521 0.286002421875 0.295870346875 0.2692198515625 0.301021828125 0.26027328125000004 0.317615459375 0.2485643171875 0.3512489578125 0.246627865625 0.39503669218750004 0.24081850624999998 0.43753657187500006 0.23565465312499997 0.47230920000000004 0.2446914125 0.514809078125 0.26792884375 0.53541511875 0.29052083125 0.5263999546875 0.29052083125 0.47874859374999995