3 0.511653715625 0.6761681578125 0.525330396875 0.679882284375 0.5458453546875 0.6774061812500001 0.554735128125 0.6662638015625 0.562257321875 0.647693165625 0.556786625 0.6055997468750001 0.549948346875 0.5746486515625 0.5431100062499999 0.5288411046875 0.532168675 0.47560530625 0.5273818921875 0.43227380625 0.5143890640625 0.4174172984375 0.5089184296875 0.42236944843749996 0.49934474062499995 0.426083575 0.5020800890625 0.5053183203125 0.5034477328125 0.5387454625 0.5041315859375 0.570934525 0.50002859375 0.6093138734375 0.5027639421875 0.6489311890625 0.5048154390625 0.6662638015625 0.511653715625 0.6761681578125
3 0.5465291453125001 0.5585541203125 0.5506321375 0.589505159375 0.5561028343750001 0.6278845078125 0.5629411125 0.653883396875 0.5773015828125 0.665025778125 0.60123574375 0.6526453171875 0.60465488125 0.6303605546875 0.6039710296874999 0.60807579375 0.6039710296874999 0.5857910328125 0.59371355 0.5721726046875 0.5834560703125 0.551125865625 0.5704633046875001 0.520174828125 0.5602058265625 0.478081353125 0.548773540625 0.437027965625 0.5444776499999999 0.42484555156250003 0.5342201703125 0.421131425 0.5287495359375 0.43103578281250005 0.5287495359375 0.44713031406250003 0.5342201703125 0.47560530625 0.5396908671875 0.509032446875 0.5465291453125001 0.5585541203125
1 0.562257321875 0.4545585671875 0.5595219734375 0.48303355937500003 0.5608896156250001 0.5028422171875 0.569779453125 0.520174828125 0.581404575 0.5486497640625 0.59371355 0.5375073828125 0.6073902312499999 0.5164607015625 0.6121770125 0.492937859375 0.6094417265625001 0.45332054375 0.61444446875 0.3962000796875 0.6210668484374999 0.3716097515625 0.617647709375 0.3418967375 0.5950812546875001 0.33942063437500003 0.5855075671875001 0.35675324375 0.58003693125 0.3827521328125 0.5711470953125 0.42484555156250003 0.562257321875 0.4545585671875
7 0.6032872390625 0.589505159375 0.61696385625 0.5994095171875 0.6354273187499999 0.6068377703125 0.64431715625 0.5771247546875 0.6491039375 0.5536019703124999 0.6463686515625 0.520174828125 0.6388464578125 0.48055745625 0.6388464578125 0.4409400828125 0.6388464578125 0.3963705609375 0.6267577671875 0.37764195 0.61696385625 0.37903800625 0.61080936875 0.4099890453125 0.6073902312499999 0.44589229062499997 0.5971327515625 0.51150849375 0.5909782640625 0.5461737171875 0.5909782640625 0.57588673125 0.6032872390625 0.589505159375
7 0.636111171875 0.49789006718750006 0.6450009453125001 0.53379325625 0.65662613125 0.5486497640625 0.6723542453125 0.5449356359374999 0.6846632203125 0.531317209375 0.68739856875 0.5053183203125 0.6805602281249999 0.47065309843750003 0.6696188953125 0.416179275 0.657541015625 0.3832093890625 0.65389078125 0.3617053953125 0.64431715625 0.3456108640625 0.6272213359375 0.3505630140625 0.6258536921875 0.37903800625 0.6340596765625001 0.41370317031250003 0.637478815625 0.4657009484375 0.636111171875 0.49789006718750006
5 0.686714715625 0.5857910328125 0.6935530562500001 0.6055997468750001 0.70312668125 0.62417038125 0.7263769890625 0.6142660249999999 0.7421051656250001 0.6031236437499999 0.753730225 0.5684584781249999 0.7523626453125 0.5325552328125001 0.7414212499999999 0.5164607015625 0.728428484375 0.48427158124999997 0.71817100625 0.43351182968749996 0.715003078125 0.418469834375 0.7051781781249999 0.3901803875 0.69697219375 0.3951325375 0.686714715625 0.4099890453125 0.6812440796875 0.43722595625 0.6812440796875 0.4731292015625 0.685347071875 0.5251269781250001 0.6860308625 0.5523638890625 0.686714715625 0.5857910328125
5 0.728428484375 0.372847775 0.71817100625 0.3901803875 0.7133842234375 0.41494119375 0.7209062921875 0.4681770515625 0.7215902078124999 0.5003661140625 0.746891946875 0.5214128515625001 0.763230165625 0.5075488578125 0.779032090625 0.4892237328125 0.7845026625 0.46198682187499995 0.7824511671875001 0.43227380625 0.772877603125 0.408751021875 0.7639877046875 0.391418409375 0.7564656359375 0.3716097515625 0.7455242421875 0.3629434171875 0.728428484375 0.372847775
11 0.45147654687500005 0.5771247546875 0.44668970156250004 0.5882671359375 0.442586709375 0.6130280015625 0.442586709375 0.6464551421875 0.445322059375 0.6662638015625 0.46788851249999996 0.6774061812500001 0.48703576562500006 0.6786442046875 0.5013962375000001 0.67245403125 0.5020800890625 0.6489311890625 0.5020800890625 0.6117899203125 0.49934474062499995 0.5907432390625 0.49455795937499997 0.55979214375 0.49387410625 0.5189367484375 0.4890872625 0.469415075 0.4841287203125 0.4351721515625 0.4788297828125 0.41122706875 0.46788851249999996 0.4099890453125 0.45899867656250004 0.43103578281250005 0.45899867656250004 0.4570346703125 0.457631034375 0.49169983593750005 0.4548956859375 0.5461737171875 0.45147654687500005 0.5771247546875
9 0.4521603359375 0.44713031406250003 0.439167571875 0.41494119375 0.431645378125 0.38399015625 0.4213878984375 0.35675324375 0.40771128125 0.33570650625 0.38719632187499997 0.3418967375 0.37762269531250003 0.36913364843749996 0.38459621875 0.392488453125 0.3981376546875 0.4421781625 0.40087294062499995 0.48674768593750006 0.40839513437499997 0.5189367484375 0.4295938828125 0.5375073828125 0.44600584843749996 0.5350313359375 0.4548956859375 0.517698725 0.462417815625 0.48427158124999997 0.4521603359375 0.44713031406250003
15 0.34206341406249996 0.562268246875 0.34685025937499997 0.584553009375 0.3571077375 0.6117899203125 0.3714682078125 0.6142660249999999 0.388563965625 0.600647540625 0.399505296875 0.570934525 0.40155679375000003 0.5325552328125001 0.3974538015625 0.48550960625000006 0.39280508593749996 0.44259540468749997 0.3742034953125 0.43598793281250003 0.363946015625 0.44589229062499997 0.35847538125 0.4607487984375 0.35574003125 0.48674768593750006 0.3530047453125 0.5102704703125001 0.3482179015625 0.531317209375 0.34206341406249996 0.562268246875
15 0.36941671249999997 0.4632248453125 0.3659975109375 0.42855967812499995 0.35779152812500004 0.397608640625 0.3427472671875 0.38894230625000004 0.3230297234375 0.3887768265625 0.3222323078125 0.42484555156250003 0.3167616109375 0.4520824640625 0.314710115625 0.481795478125 0.319496959375 0.5152226203125 0.338644275 0.52760308125 0.35232089375000003 0.5214128515625001 0.3666813640625 0.49789006718750006 0.36941671249999997 0.4632248453125
13 0.24290776093750002 0.5350313359375 0.24290776093750002 0.55483999375 0.250429953125 0.57588673125 0.2606874328125 0.5870291125 0.2729964078125 0.5919812624999999 0.2873568796875 0.600647540625 0.2976143578125 0.60807579375 0.30787183749999997 0.589505159375 0.31060712343749997 0.5523638890625 0.3112909765625 0.51150849375 0.3174454640625 0.481795478125 0.31539396875 0.4297977015625 0.31071642499999996 0.3850652015625 0.30034964375 0.38027602968749996 0.2846215296875 0.4000846875 0.2784670421875 0.43103578281250005 0.2736801984375 0.4681770515625 0.2620550765625 0.4904618125 0.25111374375 0.5077943671875 0.24290776093750002 0.5350313359375
13 0.2784670421875 0.4496064171875 0.2812023921875 0.4124651484375 0.2859891734375 0.386466259375 0.2770994 0.3604673703125 0.2532543625 0.35722800625 0.233334134375 0.372847775 0.22102515937499997 0.4050368953125 0.2182898109375 0.4434161859375 0.2244442984375 0.48550960625000006 0.24154011718750001 0.499128090625 0.2620550765625 0.504080240625 0.271628703125 0.48303355937500003 0.2784670421875 0.4496064171875
10 0.47335914843750004 0.77892563125 0.47335914843750004 0.7492126156250001 0.4719915046875 0.7207376812499999 0.46378552187500005 0.6996909421875 0.448741196875 0.7058811734375 0.437799865625 0.728165934375 0.433013084375 0.75787895 0.43985136249999995 0.7851159187500001 0.439167571875 0.808638646875 0.4348755234375 0.8453068203124999 0.4357483703125 0.8593984562499999 0.442586709375 0.8680646765625 0.45079269375 0.8680646765625 0.46378552187500005 0.8680646765625 0.4706237984375 0.8346375343749999 0.47335914843750004 0.799972425 0.47335914843750004 0.77892563125
10 0.46994000937499997 0.6935007125 0.46857230312500003 0.733118084375 0.47267529531249997 0.7776876640625 0.47489374531250006 0.79334405625 0.47541064375 0.8457799156249999 0.4890872625 0.850732121875 0.5054992281249999 0.8259713140624999 0.5048154390625 0.76778325 0.506866934375 0.7207376812499999 0.49524175000000004 0.6811203078125 0.48224898437499997 0.6786442046875 0.46994000937499997 0.6935007125
2 0.5390070140625001 0.7108333234375 0.526698040625 0.6972148390624999 0.5082345765625 0.6984529187499999 0.50002859375 0.7046430921875 0.5034477328125 0.765307203125 0.5015725609375 0.7951998703125 0.506866934375 0.84330386875 0.5171244125000001 0.8532081687499999 0.532168675 0.8532081687499999 0.5342201703125 0.8371136937499999 0.5342201703125 0.8098767265625 0.5355878765625001 0.7727354578125001 0.537639371875 0.74673656875 0.5390070140625001 0.7108333234375
0 0.59371355 0.75664086875 0.58003693125 0.7343561078125 0.5629411125 0.7318800609375 0.549948346875 0.744260465625 0.5417423640625 0.7702594109375 0.537639371875 0.80492451875 0.54774743125 0.8824230796875 0.5506321375 0.9113962328125 0.554735128125 0.9398711687500001 0.5779854359375001 0.93368099375 0.5950812546875001 0.9064440250000001 0.593029759375 0.871778803125 0.5896105578124999 0.840827821875 0.5916620546875 0.7913060921875 0.59371355 0.75664086875
6 0.648420146875 0.7727354578125001 0.6340596765625001 0.75664086875 0.6196992046875 0.7541648234375 0.6080740203125 0.7739735375000001 0.5991842468749999 0.7937821390625001 0.6073902312499999 0.8309234078125 0.61136614375 0.860153325 0.6135447187499999 0.896539725 0.6203829953125 0.9027298984375 0.6395303109375 0.899015771875 0.6491039375 0.8804451375 0.6525231390624999 0.8544462484374999 0.6525231390624999 0.8259713140624999 0.6545746343750001 0.7962582984375 0.648420146875 0.7727354578125001
6 0.6805602281249999 0.750450696875 0.668251253125 0.75292674375 0.6579937734375 0.75664086875 0.6491039375 0.775211503125 0.6463686515625 0.799972425 0.6573099203125 0.8346375343749999 0.6667759890625 0.850874259375 0.6709866015625 0.8792070578125 0.6935530562500001 0.8705408374999999 0.700391334375 0.866826709375 0.7072296734375 0.8519702015625 0.7010751859375 0.819781028125 0.6949206984375 0.7875919640625 0.6935530562500001 0.765307203125 0.6805602281249999 0.750450696875
4 0.7386859640625 0.6526453171875 0.7332152671875 0.6328366578125 0.7140680140625 0.6254084046874999 0.69970754375 0.6415029359375 0.67508959375 0.6501692703125 0.6709866015625 0.6675018234375 0.67508959375 0.707119196875 0.691501559375 0.75292674375 0.7106488125 0.8185430609375001 0.7262902687499999 0.83973938125 0.7386859640625 0.850732121875 0.753730225 0.84330386875 0.76125241875 0.8259713140624999 0.7687746125 0.799972425 0.7605686281249999 0.7690213296875 0.746891946875 0.73064198125 0.7414212499999999 0.6935007125 0.7386859640625 0.6526453171875
4 0.7571494265625 0.6353127609375 0.7462081578124999 0.6675018234375 0.7380021734375 0.6972148390624999 0.7462081578124999 0.739308315625 0.7687746125 0.7603549968750001 0.7847784390625 0.7747859265625 0.798863134375 0.7714973765625001 0.815959015625 0.744260465625 0.822113503125 0.712071346875 0.8139075203124999 0.669977928125 0.8022823359375 0.6415029359375 0.7886056546875 0.62417038125 0.7687746125 0.6204562546875 0.7571494265625 0.6353127609375
8 0.4118142734375 0.7665452828125 0.399505296875 0.7690213296875 0.389931671875 0.786353884375 0.39129931406249996 0.8234951531249999 0.3837771828125 0.8606364234375 0.368732859375 0.897777690625 0.362578371875 0.9299668671875001 0.370100503125 0.95596575625 0.388563965625 0.9633940093750001 0.39882144531249997 0.9572037218749999 0.40717060156249996 0.9325300296875 0.41523341093750005 0.9027298984375 0.4241232484375 0.873016884375 0.4350645796875 0.8544462484374999 0.44190285781250005 0.8210191078125 0.44190285781250005 0.7851159187500001 0.43643222187499997 0.7714973765625001 0.4241232484375 0.7640691234375 0.4118142734375 0.7665452828125
14 0.35847538125 0.7343561078125 0.350269396875 0.75787895 0.345482553125 0.7937821390625001 0.3338574296875 0.8346375343749999 0.327019090625 0.8593984562499999 0.3311220828125 0.889111471875 0.3414996734375 0.8917021437500001 0.35847538125 0.8940635640625001 0.37693884375 0.8581603765624999 0.38514482656250004 0.8321614875 0.399505296875 0.792544171875 0.4036082890625 0.7591169718749999 0.3926669578125 0.72568983125 0.3742034953125 0.723213728125 0.35847538125 0.7343561078125
14 0.30308499375000003 0.7492126156250001 0.289408375 0.7702594109375 0.2873568796875 0.808638646875 0.2805185390625 0.839589740625 0.282570034375 0.8705408374999999 0.2935113671875 0.8804451375 0.3117425328125 0.88613470625 0.320864603125 0.8544462484374999 0.3229160984375 0.8358756140624999 0.33727657031249997 0.81111480625 0.3447987625 0.7826397578125001 0.34206341406249996 0.7628311 0.3304382921875 0.7355941890625 0.314026325 0.7368322125 0.30308499375000003 0.7492126156250001
12 0.30923948125 0.6278845078125 0.2907760171875 0.626646428125 0.2770994 0.6130280015625 0.256584440625 0.610551896875 0.25179759687500003 0.6489311890625 0.24495925624999998 0.70340506875 0.2340179875 0.7355941890625 0.225812003125 0.7615930765625001 0.22239280312499998 0.7851159187500001 0.23470177812499998 0.8173049796875 0.2553065796875 0.8267486906249999 0.2675257109375 0.8061626000000001 0.28188618125 0.7851159187500001 0.2935113671875 0.7640691234375 0.302401140625 0.7318800609375 0.3112909765625 0.7058811734375 0.3229160984375 0.6860724578124999 0.32496759375 0.6501692703125 0.30923948125 0.6278845078125
12 0.21008382656250002 0.5994095171875 0.1991425578125 0.6142660249999999 0.1854658765625 0.6452170625 0.1724730796875 0.6786442046875 0.1752083984375 0.7182615765625 0.190252721875 0.7380702359375 0.20297505781249997 0.767362675 0.22239280312499998 0.7479745921875 0.23880476874999998 0.7355941890625 0.25179759687500003 0.7083572203124999 0.25384909218749996 0.679882284375 0.24906224843749997 0.6501692703125 0.239488621875 0.6353127609375 0.2244442984375 0.6130280015625 0.21008382656250002 0.5994095171875