3 0.5003740343749999 0.593832146875 0.520168146875 0.6052643859375 0.5389204328125 0.5979893203125 0.5477756640625 0.5823998578125 0.5446502828125 0.5408279765625 0.5410039890625 0.50445255 0.5404831234375 0.4441733140625 0.535274140625 0.389090534375 0.529544290625 0.3579116109375 0.515348690625 0.361946665625 0.50558301875 0.3651866765625 0.5003740343749999 0.3870119234375 0.49933225625000005 0.43274102656249996 0.49933225625000005 0.4680771234375 0.49933225625000005 0.5200420109375 0.49672778749999996 0.54602443125 0.49672778749999996 0.5772033546875 0.5003740343749999 0.593832146875
3 0.5732996265625 0.5740854625 0.5795503890625 0.562653221875 0.58163394375 0.5366707546875 0.5748623171875 0.5054918328125 0.5680906421875 0.4743129078125 0.5623607921875 0.43066241562499996 0.5587144984375 0.39012981562500004 0.5505215812500001 0.35415718281249997 0.5404831234375 0.3475186515625 0.5337114484375001 0.3631081140625 0.5342323625 0.4171515640625 0.5394412984375 0.5065311609375 0.5420458140625 0.5647317859375 0.5529846484375 0.5855177515625 0.5732996265625 0.5740854625
1 0.5732996265625 0.5366707546875 0.5795503890625 0.5574567203125 0.5910100875000001 0.5709675703125 0.601948921875 0.5709675703125 0.6139295812500001 0.5574567203125 0.6222639 0.5408279765625 0.6222639 0.51900273125 0.6097623750000001 0.4743129078125 0.60767881875 0.43170174531249994 0.60767881875 0.374540353125 0.6045534375 0.31218250625 0.60090714375 0.29763235 0.59351066875 0.2902834296875 0.5842384609375 0.2955537640625 0.5795503890625 0.31530040000000004 0.5764250078125001 0.3641473953125 0.5764250078125001 0.3963656 0.573820490625 0.4452125953125 0.5748623171875 0.4743129078125 0.5732996265625 0.5179634015625 0.5732996265625 0.5366707546875
7 0.6425788765625 0.5439458687500001 0.6529968453125 0.526277796875 0.6556013140625 0.5023739390624999 0.6483087750000001 0.47327362656250005 0.6430997890625 0.43170174531249994 0.6410161859375 0.3755796828125 0.6352863375 0.3308898609375 0.6193041203125 0.31832556562500003 0.60767881875 0.334007753125 0.608720596875 0.39012981562500004 0.611325065625 0.4368982 0.611325065625 0.47119501562500005 0.60715790625 0.5075704421875 0.6118459781250001 0.5304349703125 0.626951971875 0.5418672578125 0.6425788765625 0.5439458687500001
5 0.70196111875 0.4680771234375 0.6946686265625 0.41923017656250006 0.6931059359375 0.39532631875 0.6931059359375 0.3589508921875 0.6946686265625 0.3267326875 0.6946686265625 0.303868159375 0.6790416734375 0.2903572609375 0.6644565453125 0.2913965671875 0.6540386234375 0.29867165625 0.649005671875 0.3089781875 0.6436207031250001 0.35271510781250004 0.63841171875 0.4337803078125 0.6368490265625 0.4784701296875 0.6410161859375 0.509649053125 0.6597684734375 0.5210812921875 0.6759162921875 0.5231599046875 0.6977940078125 0.50445255 0.70196111875 0.4680771234375
5 0.75405086875 0.41299439062500004 0.743112034375 0.3974049296875 0.735819446875 0.36934389843750004 0.731131375 0.3225755140625 0.72800599375 0.2997109375 0.7139417781249999 0.28620008750000003 0.6998775625 0.3028288296875 0.696684478125 0.310536084375 0.692584975 0.39324770781249996 0.6951894921874999 0.43897681093749996 0.6983148734375 0.4743129078125 0.7045656359375 0.49405959218750006 0.719150715625 0.49198098124999995 0.742591075 0.47639152031250004 0.754571734375 0.4483304875 0.75405086875 0.41299439062500004
5 0.748320971875 0.41195506093749995 0.7597806703125001 0.41091577968750004 0.7738448859375 0.39324770781249996 0.7868673703125 0.374540353125 0.7863464109375 0.3516758265625 0.7816583390625 0.311143225 0.7691568140625 0.29659304531249997 0.7629060515625 0.2685320140625 0.754524340625 0.23731495156250001 0.7363403125 0.2425495953125 0.72175523125 0.26749273281249997 0.7227970578125 0.28412147656250003 0.728526859375 0.3184182921875 0.72904781875 0.362068784375 0.73425675625 0.389090534375 0.748320971875 0.41195506093749995
11 0.4524515390625 0.5532995453125 0.45140976093749996 0.5927928171875 0.4633903734375 0.6011072125 0.479017278125 0.6031858234375 0.495165096875 0.594871428125 0.49829047812500005 0.5772033546875 0.49829047812500005 0.555378109375 0.49360240624999996 0.5179634015625 0.49151880312499996 0.483666584375 0.49256058124999996 0.4493697703125 0.49151880312499996 0.40883717031250005 0.4872103796875 0.3557150796875 0.4691202234375 0.3308898609375 0.4602649921875 0.3568723296875 0.4571396109375 0.3797368578125 0.4571396109375 0.43585891875 0.4571396109375 0.4950988734375 0.4545351421875 0.5252385140625 0.4524515390625 0.5532995453125
11 0.4566186984375 0.58447846875 0.45974407968750003 0.5408279765625 0.45609783281249994 0.5034132687499999 0.4592232140625 0.401562103125 0.4592232140625 0.3537544359375 0.4545351421875 0.3288112984375 0.4435963078125 0.3308898609375 0.44031319375000005 0.3463677015625 0.4300529578125 0.442094703125 0.4258857984375 0.486784478125 0.41963503593749996 0.5273170781250001 0.415467878125 0.5491423234374999 0.41859325937499997 0.5772033546875 0.4316156484375 0.5969500375 0.44880524531250005 0.60006793125 0.4566186984375 0.58447846875
9 0.3779633046875 0.5574567203125 0.38577675624999996 0.5761640734375 0.3946319875 0.5865570328125 0.4071335125 0.5886356421875 0.418072346875 0.5772033546875 0.4253648859375 0.5512209343750001 0.42328133125 0.5210812921875 0.42328133125 0.483666584375 0.42328133125 0.4483304875 0.42015595 0.39532631875 0.41650965624999997 0.344400759375 0.4106116421875 0.3229992546875 0.39150660625 0.3288112984375 0.389423003125 0.3516758265625 0.389423003125 0.39532631875 0.387339446875 0.46288066875 0.383172240625 0.4930202625 0.3779633046875 0.5283564078125 0.3779633046875 0.5574567203125
15 0.389943915625 0.514845509375 0.3878603125 0.48782380625000005 0.3878603125 0.42650524218749997 0.389423003125 0.36102950312500004 0.38160954999999996 0.3256934046875 0.36598264375 0.334007753125 0.362151215625 0.3525992875 0.3576483265625 0.41507295468749994 0.3540020328125 0.47119501562500005 0.3451468015625 0.5179634015625 0.34566766718749997 0.550181653125 0.3623363984375 0.5699282890624999 0.3748379234375 0.5772033546875 0.3878603125 0.5532995453125 0.389943915625 0.514845509375
13 0.297745171875 0.537710084375 0.3227482203125 0.5532995453125 0.3493139609375 0.54602443125 0.3597318828125 0.5179634015625 0.3566065015625 0.483666584375 0.34983487343749997 0.442094703125 0.35087665156250003 0.40571927656250006 0.3441049765625 0.36830456875 0.33948424374999997 0.3354624265625 0.3321243640625 0.3308898609375 0.3081630921875 0.332968471875 0.297745171875 0.3589508921875 0.297745171875 0.41091577968750004 0.29618248125 0.45768416562500003 0.29045263125 0.5002953765625 0.297745171875 0.537710084375
13 0.286285425 0.5241991859375 0.294098878125 0.5065311609375 0.297745171875 0.470155734375 0.297745171875 0.43481963749999997 0.30555862500000003 0.3828547484375 0.3081630921875 0.3308898609375 0.3050377109375 0.303868159375 0.29618248125 0.28308219375 0.275867503125 0.2820428890625 0.27070170312499997 0.3027466015625 0.259719684375 0.36830456875 0.2576361046875 0.39012981562500004 0.24721815937499997 0.42338734999999994 0.2362793265625 0.454566271875 0.23888381875000003 0.48782380625000005 0.2529480328125 0.5106883343749999 0.2737839 0.5241991859375 0.286285425 0.5241991859375
13 0.23940470781249998 0.47119501562500005 0.24721815937499997 0.44729120624999996 0.2524271453125 0.4161122828125 0.26440775625 0.3651866765625 0.2737839 0.3080253328125 0.266491359375 0.2768464109375 0.2550316125 0.2726892125 0.2433450109375 0.2871676359375 0.2331539453125 0.3308898609375 0.22065242031249999 0.349597215625 0.2034628234375 0.36830456875 0.1951284828125 0.3870119234375 0.196170284375 0.4213087390625 0.2065882046875 0.45144838125 0.22273602343749999 0.4680771234375 0.23940470781249998 0.47119501562500005
10 0.49933225625000005 0.6042251046875 0.479538190625 0.6052643859375 0.476412809375 0.6218931765625 0.48057996875000003 0.6613864484375 0.48173904062500006 0.7015680875 0.47849636562500003 0.7518053265625 0.48266357187500003 0.7809056859375 0.50610393125 0.7809056859375 0.5087084 0.7518053265625 0.5092293125 0.7039977078125 0.51183378125 0.652032771875 0.51183378125 0.6156573921875 0.49933225625000005 0.6042251046875
2 0.529544290625 0.6146180640625001 0.5154800749999999 0.6094216078125 0.5081874875 0.6115001703125 0.50610393125 0.6395612015625 0.5067508734375 0.6797575375 0.509750178125 0.745569540625 0.519126321875 0.7725913375 0.5357950515625001 0.7642768953125 0.5357950515625001 0.7206264015625 0.532669671875 0.6936047000000001 0.5394412984375 0.6499542078125 0.5394412984375 0.6343647453125 0.529544290625 0.6146180640625001
2 0.5602771890625 0.6156573921875 0.5581935859375 0.5927928171875 0.5441293703125 0.58447846875 0.5300651546874999 0.5865570328125 0.5238143921875 0.595910709375 0.5238143921875 0.6177359546875001 0.5316278453125001 0.6603471671875 0.5458318625 0.746747084375 0.5597562765624999 0.7829842484375 0.5675697296875 0.7985737109375 0.576945871875 0.794416584375 0.5785085624999999 0.7725913375 0.5717369359375 0.7341373 0.5649652609375 0.688408196875 0.5602771890625 0.6499542078125 0.5602771890625 0.6156573921875
0 0.586842928125 0.61357878125 0.57538318125 0.608382278125 0.5634025703125001 0.608382278125 0.5529846484375 0.6218931765625 0.5524637359375 0.64267909375 0.5618398796874999 0.6946439828125001 0.5722578015625001 0.7549232171875 0.5880393296875 0.7950418734375 0.5977817625 0.81832039375 0.6108042 0.8048094953125 0.6102832874999999 0.7767484640625 0.602990746875 0.7466088703125 0.596739984375 0.7091941625 0.5930936906250001 0.6686615609375 0.5904892234375 0.6333254171875 0.586842928125 0.61357878125
6 0.6207012093750001 0.635404028125 0.615492271875 0.595910709375 0.6097623750000001 0.5761640734375 0.596739984375 0.5699282890624999 0.5800712531250001 0.5772033546875 0.5743414046875001 0.591753534375 0.5717369359375 0.6115001703125 0.576945871875 0.6406005312499999 0.592572778125 0.670740125 0.60142805625 0.705036940625 0.6193041203125 0.7514207749999999 0.627472884375 0.77778779375 0.6378908046875 0.7861021421875 0.6493505515625 0.77570923125 0.6503923296874999 0.753883984375 0.63893263125 0.7310194078125 0.6305982640625001 0.7029583781250001 0.62643110625 0.6728187359375 0.6207012093750001 0.635404028125
6 0.6472669484375 0.567849678125 0.6399744078125 0.5512209343750001 0.621743034375 0.550181653125 0.6108042 0.5605746125 0.604032525 0.5834391390625 0.605074303125 0.607342996875 0.615492271875 0.6291682437499999 0.627993796875 0.6728187359375 0.63893263125 0.717508509375 0.6544770093750001 0.7451891890625 0.6644565453125 0.7653162250000001 0.6779998953125 0.7621983328125 0.6779998953125 0.7403730859375 0.6686237515625 0.7091941625 0.6613311640624999 0.6769759109375 0.6550804015625 0.646836315625 0.6472669484375 0.607342996875 0.6472669484375 0.567849678125
4 0.7045656359375 0.54498515 0.69571035625 0.5179634015625 0.6800834515624999 0.5158848375 0.6634147671874999 0.5293956890625 0.6399744078125 0.539788646875 0.634244559375 0.5636925046875 0.6394534953125001 0.6021464937500001 0.6550804015625 0.6312468546875001 0.6649774578125001 0.6728187359375 0.6841785609375 0.7171470531249999 0.691022284375 0.73933375625 0.71446264375 0.73933375625 0.724359746875 0.7206264015625 0.7384239625 0.7008797671875 0.7373821375 0.6665829515625 0.721234365625 0.6270896328125 0.7076910171875 0.5875963609375 0.7045656359375 0.54498515
4 0.7561344234375 0.5013346578125 0.751446353125 0.48158802187500005 0.736861271875 0.47639152031250004 0.72071340625 0.48054869375000003 0.7076910171875 0.4930202625 0.6977940078125 0.5065311609375 0.691022284375 0.5335528625 0.6951894921874999 0.5636925046875 0.7071701515625 0.5834391390625 0.720192540625 0.620853846875 0.746237415625 0.6613864484375 0.764989703125 0.6790545203125 0.7785329578125 0.66970084375 0.7894717921875001 0.6509934890625 0.7858255453125 0.6218931765625 0.7780120921875 0.593832146875 0.764989703125 0.565771115625 0.7561344234375 0.538749365625 0.7561344234375 0.5013346578125
4 0.769677775 0.4556055546875 0.7550925984375 0.4784701296875 0.74675828125 0.5023739390624999 0.7488418359375 0.53251358125 0.7597806703125001 0.5636925046875 0.788133990625 0.61744168125 0.8118704203125 0.6094216078125 0.821767428125 0.5865570328125 0.8207256031249999 0.5595353296875001 0.8123912843750001 0.5252385140625 0.8071823484375 0.48054869375000003 0.7983270703125 0.4452125953125 0.7811374734375 0.44729120624999996 0.769677775 0.4556055546875
10 0.48370535 0.6406005312499999 0.47849636562500003 0.6104608890625001 0.4633903734375 0.6094216078125 0.44515899843750006 0.6218931765625 0.44515899843750006 0.6447577046874999 0.4496926296875 0.70468388125 0.44776346718750004 0.7466088703125 0.44984707031250004 0.77986635625 0.46391128593750003 0.7881808 0.47485012031249996 0.7788271234375 0.47485012031249996 0.7590804390625 0.47485012031249996 0.7164692765625 0.479538190625 0.6842510234375 0.48370535 0.6406005312499999
8 0.41703056875 0.6177359546875001 0.41077980625 0.6322861359374999 0.408696203125 0.6738580171875 0.39932005937500004 0.7206264015625 0.395673765625 0.7819450140625 0.40036183750000004 0.8131239390625 0.414519740625 0.8168524250000001 0.4253648859375 0.7996130406249999 0.4331783390625 0.7788271234375 0.4399500140625 0.7341373 0.4446380859375 0.691526090625 0.45140976093749996 0.6603471671875 0.44828437968749996 0.6291682437499999 0.4321365609375 0.6125395 0.41703056875 0.6177359546875001
14 0.412342496875 0.607342996875 0.396715590625 0.589674925 0.384214065625 0.589674925 0.377442390625 0.61357878125 0.37275431875 0.663465059375 0.36650355625 0.6977618750000001 0.3560856359375 0.7289408453124999 0.3435841109375 0.7611590031250001 0.3435841109375 0.7912986921875 0.36136959687500003 0.8059471500000001 0.37848416875 0.7861021421875 0.386297621875 0.7549232171875 0.39098569375 0.7320587375 0.40036183750000004 0.7060762703125001 0.409217115625 0.6717794546875 0.42223950468749993 0.6499542078125 0.4227604171875 0.6218931765625 0.412342496875 0.607342996875
14 0.388381225 0.6312468546875001 0.395673765625 0.6042251046875 0.3821304625 0.5803212484375 0.36546177968750004 0.5720069 0.34775127031249997 0.57304618125 0.3461885796875 0.6115001703125 0.3399378171875 0.664504340625 0.3300407609375 0.7008797671875 0.327759946875 0.728052328125 0.3227482203125 0.7580411109375 0.3295198953125 0.7829842484375 0.3394169046875 0.771552009375 0.3519184296875 0.743490978125 0.36337817499999997 0.7247836234375 0.3748379234375 0.6728187359375 0.3764006125 0.6509934890625 0.388381225 0.6312468546875001
12 0.3347288328125 0.5647317859375 0.31597654531249997 0.5491423234374999 0.300870553125 0.5418672578125 0.2868063375 0.555378109375 0.28316004375000003 0.606303715625 0.260240596875 0.6603471671875 0.25034354062499997 0.6863295875000001 0.246697271875 0.7071155984375 0.2487808515625 0.738294521875 0.26701224843750004 0.755962546875 0.28946057812500003 0.7732313234375 0.30764222812500003 0.7466088703125 0.32222730781250003 0.7112727249999999 0.3295198953125 0.675936628125 0.3362915234375 0.6457969859375 0.355043809375 0.6156573921875 0.36129457187499997 0.579281965625 0.3482721828125 0.5720069 0.3347288328125 0.5647317859375
12 0.26440775625 0.509649053125 0.249822653125 0.49198098124999995 0.2331539453125 0.5013346578125 0.22638229375000002 0.5543388265625 0.21179718906249997 0.5979893203125 0.1966911734375 0.6260503500000001 0.1909612984375 0.6603471671875 0.19460759375 0.6956832640624999 0.2159883203125 0.7015680875 0.24409277812500002 0.675936628125 0.26492866875 0.646836315625 0.275346590625 0.6218931765625 0.2826391546875 0.6042251046875 0.298266084375 0.5761640734375 0.30243324375 0.54602443125 0.2810764640625 0.51900273125 0.26440775625 0.509649053125
12 0.1701254328125 0.4930202625 0.16335378125 0.5491423234374999 0.15241494687499998 0.595910709375 0.15554032812500002 0.6322861359374999 0.17299923281250001 0.6485996093749999 0.19825386250000002 0.6260503500000001 0.2237778015625 0.5855177515625 0.2336748578125 0.5512209343750001 0.2347166359375 0.5086097234375 0.2222151109375 0.486784478125 0.20554642812499999 0.4670378421875 0.1847105375 0.4670378421875 0.1701254328125 0.4930202625