4 0.75871166875 0.558317346875 0.7486107890625 0.5170105281249999 0.7375478890625 0.5054830390625 0.7178271796875 0.5026011671874999 0.706283315625 0.5333411078125 0.6899294499999999 0.552553603125 0.689448484375 0.5842541953125 0.7110932296875 0.6313247578125 0.743518865625 0.6699415375 0.75630666875 0.6985684703125 0.7774704484375 0.7139384390625 0.7885333484375 0.6985684703125 0.7943052796875001 0.6745528390625 0.792862296875 0.6370885015625001 0.7837233453125 0.6217185328125 0.7707364984375 0.5832935859374999 0.75871166875 0.558317346875
6 0.6851195359375 0.5400655046875 0.6586648328125 0.5275773625 0.64712096875 0.5429473765624999 0.6437539937500001 0.5794510609375 0.649692021875 0.6728214703125001 0.6548168921874999 0.7523633859375 0.6716516796875001 0.782142759375 0.682714534375 0.7638908734375 0.6856005015625 0.7187415734375 0.6831955875 0.6668678765625 0.68223356875 0.6207579234375 0.6875245359375 0.573687315625 0.6851195359375 0.5400655046875
6 0.6456779859374999 0.6294035390625 0.6538548750000001 0.5765691890625 0.64712096875 0.552553603125 0.6312481546875001 0.5467898578125 0.6148943328125 0.5477504671875 0.606236434375 0.5765691890625 0.6076794171875 0.599624165625 0.6057554703125 0.654379734375 0.6006133640625 0.7030607515625 0.5985405546875 0.737954025 0.5990215203125 0.768694053125 0.60671744375 0.78502463125 0.6187423171875001 0.7888671578124999 0.6249952140625 0.77349714375 0.6293241625 0.73603280625 0.6346151296875 0.6889622 0.6456779859374999 0.6294035390625
0 0.6091224015625001 0.5919392015625 0.616818325 0.554474865625 0.613932359375 0.5256561453125 0.5999835375 0.51028613125 0.5865156812500001 0.5083649125 0.5768958093750001 0.5256561453125 0.5744908078125001 0.5708054437500001 0.5687188765625 0.6226791421875 0.560195646875 0.6857811625 0.5586179953125 0.7283478437500001 0.5663139187499999 0.7456390765625 0.5773767750000001 0.7494815140625 0.5860346734374999 0.7321902812500001 0.58988265625 0.7014503421875 0.593730596875 0.6649466125 0.5999835375 0.6313247578125 0.6091224015625001 0.5919392015625
10 0.454242253125 0.5179711375 0.43788843125000004 0.526616753125 0.43307847343750006 0.5487111203125 0.44543819687499997 0.656981846875 0.4479893125 0.7033715609375 0.4527992703125 0.738914678125 0.47973493906250003 0.7254659718750001 0.4763679640625 0.663986003125 0.47059603125000005 0.613072915625 0.47396300625 0.554474865625 0.47059603125000005 0.5256561453125 0.454242253125 0.5179711375
10 0.43548347343750005 0.524695490625 0.4200916265625 0.5198924 0.404699821875 0.522774271875 0.392193984375 0.5487111203125 0.397081284375 0.6598617765625 0.397003896875 0.7139384390625 0.4027758296875 0.7485209484374999 0.4191296515625 0.7542846921875 0.4321164984375 0.7052928234375 0.438369440625 0.650537253125 0.44125540625 0.5919392015625 0.44125540625 0.5458292484375 0.43548347343750005 0.524695490625
14 0.3431325609375 0.518931746875 0.3335126453125 0.5314198890624999 0.33206966250000003 0.5506323390625 0.328221721875 0.5813723234375 0.31715886718749997 0.6246004046875 0.3070579640625 0.6745528390625 0.29791907812499996 0.7043322140625 0.30128603125 0.7321902812500001 0.3212980640625 0.7376199296875 0.3359176453125 0.7139384390625 0.351790459375 0.652458515625 0.3705492375 0.59674229375 0.381131084375 0.5727267078125 0.38161209375 0.5439079859375 0.3715112125 0.5256561453125 0.3566003734375 0.515089265625 0.3431325609375 0.518931746875
7 0.6533739093750001 0.569844834375 0.6577028578124999 0.509325521875 0.6557788671875 0.4536093421875 0.65722185 0.4103812609375 0.660107815625 0.3671531796875 0.6466399593750001 0.3450588125 0.6283621890625 0.35082255625 0.6265961828125 0.366108759375 0.619704290625 0.4142237421875 0.61008441875 0.4699399203125 0.6057554703125 0.513168003125 0.607198453125 0.5458292484375 0.6144133671875001 0.56312048125 0.6254762234375 0.569844834375 0.642311009375 0.569844834375 0.6533739093750001 0.569844834375
3 0.5759337921875 0.613072915625 0.580262740625 0.5871360671875 0.580262740625 0.5285380171875 0.580262740625 0.47474305625 0.580262740625 0.4151843515625 0.5768958093750001 0.39116876562499997 0.5682379109375 0.381562540625 0.560060978125 0.387326284375 0.5565869218749999 0.4006679390625 0.5523650984375 0.4516880796875 0.546593165625 0.5045223859375 0.539859215625 0.56119921875 0.537454259375 0.59674229375 0.539859215625 0.6207579234375 0.5528460640625 0.6265216671875 0.5648709359375 0.6246004046875 0.5759337921875 0.613072915625
3 0.540821234375 0.613072915625 0.5441881656249999 0.554474865625 0.546593165625 0.4622549578125 0.546593165625 0.389247503125 0.53793526875 0.357546909375 0.518214471875 0.351783165625 0.515447459375 0.3805084171875 0.507151615625 0.438239328125 0.503303675 0.4785855375 0.49897472656249997 0.5304592359375 0.49753174375000003 0.567923571875 0.49753174375000003 0.6111516531250001 0.514847540625 0.6255610140625001 0.5297583343750001 0.6274822765625 0.540821234375 0.613072915625
11 0.5013796828125 0.5928998109375 0.500898675 0.489152415625 0.500417709375 0.43919998125 0.49560775156250003 0.39116876562499997 0.4864688453125 0.3661925265625 0.4678122921875 0.3805084171875 0.46434313437499997 0.434396846875 0.45905216718749997 0.4920342875 0.45520422812500005 0.554474865625 0.45231826093749994 0.594821075 0.46434313437499997 0.6159547875 0.47781094687500003 0.6265216671875 0.4999367 0.6207579234375 0.5013796828125 0.5928998109375
11 0.4595331765625 0.526616753125 0.46193813281249996 0.4555305609375 0.46193813281249996 0.38636563125 0.45760918437500003 0.35082255625 0.437499003125 0.360348896875 0.430673515625 0.41902687656250004 0.42538259375000004 0.48338867187499995 0.42249662656250003 0.5496717296875 0.4263445671875 0.5804117140625 0.43981242343750004 0.5909785484375 0.45472321875 0.5909785484375 0.45905216718749997 0.5708054437500001 0.4595331765625 0.526616753125
9 0.4287495234375 0.5400655046875 0.43259750781250006 0.4987586421875 0.43259750781250006 0.4123024796875 0.428268559375 0.34409818125 0.4167246953125 0.32776757968750003 0.398524775 0.33730944375 0.391712975 0.38636563125 0.386903015625 0.444003071875 0.386903015625 0.49587676875 0.38497906875 0.5448685953125 0.39075099999999996 0.573687315625 0.40758578749999996 0.5861754578125 0.42105364375 0.569844834375 0.4287495234375 0.5400655046875
15 0.38401705 0.5900179390625 0.397003896875 0.5804117140625 0.4133577203125 0.5650417 0.41576267656250004 0.5170105281249999 0.4056617953125 0.4545699515625 0.3955609140625 0.3700350515625 0.387384025 0.3325706921875 0.36766327187500003 0.32680694843749997 0.3544983328125 0.3502691359375 0.35467642499999996 0.4123024796875 0.35371440625 0.4545699515625 0.35804335625 0.4920342875 0.360929321875 0.5333411078125 0.3599673484375 0.56119921875 0.36477730625000004 0.5871360671875 0.374397178125 0.5890573296875 0.38401705 0.5900179390625