3 0.5498677734374999 0.6097194359375 0.5598976999999999 0.5897076515624999 0.5598976999999999 0.5528439296875 0.5556745953125 0.5212464265625 0.5503956796875 0.483329421875 0.5456446703125 0.435933165625 0.5408936609375 0.3959096453125 0.5361426515625001 0.378004378125 0.525456728125 0.37629968125 0.5171386124999999 0.3916966609375 0.511331840625 0.45805141875000005 0.5055250171875 0.52019314375 0.49971824531250003 0.554950396875 0.5018298203125 0.5854946671875 0.5086923578125 0.5960271515625 0.5229453859375 0.6055064015625 0.5498677734374999 0.6097194359375
7 0.6269397390625 0.5633764140624999 0.6390811921874999 0.543364678125 0.6396090984375 0.524406175 0.6396090984375 0.4991281734375 0.63327441875 0.45805141875000005 0.6301070796875 0.41908113281250003 0.6295791734375 0.35799264218750004 0.628523409375 0.3358743890625 0.6181339593749999 0.336829396875 0.610047228125 0.3611523921875 0.605824125 0.41170839687500005 0.6026567859374999 0.45278515312499995 0.6000173515625 0.4822761390625 0.5973778703125 0.51703339375 0.600545209375 0.5423113953125 0.61532614375 0.5570569140625 0.6269397390625 0.5633764140624999
7 0.663364146875 0.5338854265624999 0.6707545890625 0.519139909375 0.6707545890625 0.4991281734375 0.6686430140625 0.47174365468749996 0.6644199093750001 0.435933165625 0.6570294671875 0.3916966609375 0.6517505515625001 0.35061990781249996 0.64744214375 0.3399870203125 0.6390811921874999 0.349566625 0.6353859468749999 0.37379139375000003 0.63116284375 0.42540063281249996 0.6258839265625 0.4812229046875 0.627995503125 0.5107138921875001 0.6338022765625 0.5265126453125 0.6480553046875001 0.5380984109375 0.663364146875 0.5338854265624999
5 0.7626074890625001 0.46015788593750007 0.7631353468750001 0.429613665625 0.7552169984375 0.405388896875 0.7483544609375 0.3622056265625 0.7414918265625 0.3263951390625 0.7335734781250001 0.3021703703125 0.72301574375 0.3053301203125 0.7163559828125 0.3194624734375 0.7129857687500001 0.37379139375000003 0.7098184296875 0.41170839687500005 0.7050674203125 0.4559449015625 0.7087627140625 0.486489171875 0.7267109406250001 0.494915140625 0.7414918265625 0.48859563906250003 0.754689140625 0.47174365468749996 0.7626074890625001 0.46015788593750007
5 0.7789720453125 0.4433059015625 0.796920271875 0.428560384375 0.7974482265625 0.3906433796875 0.7921692625000001 0.3622056265625 0.7731652234374999 0.3295548890625 0.7575458640625 0.3052531703125 0.7504659874999999 0.29585086875 0.7425476390625 0.306383378125 0.7425476390625 0.3253419046875 0.74888231875 0.38537716093749996 0.7578564796875 0.42645391562499996 0.765246875 0.4475188859375 0.7789720453125 0.4433059015625
11 0.490216225 0.60445316875 0.5150270375 0.5970804328125 0.51608285 0.5739088999999999 0.5081645 0.51703339375 0.5049971609374999 0.4696371375 0.498134575 0.4306669 0.48968832031250004 0.375897909375 0.475553603125 0.36524800156250004 0.47174009375 0.399069396875 0.47174009375 0.4369864 0.468044846875 0.4959684234375 0.46698908437500003 0.537045178125 0.46698908437500003 0.5760154156249999 0.47015642343749997 0.6012934171875 0.490216225 0.60445316875
11 0.47279585781250005 0.5612698984375 0.47174009375 0.522299659375 0.4722679515625 0.46858390468750005 0.4722679515625 0.4138149140625 0.47121218750000005 0.379057659375 0.46287979375 0.371563246875 0.448512903125 0.42013441562500004 0.44428979999999996 0.4727968890625 0.43637145000000005 0.5149269249999999 0.43214834687500003 0.5675893984375 0.43795512031249995 0.5907609328125 0.459070734375 0.5918141671875 0.4696285171875 0.5949739171874999 0.47279585781250005 0.5612698984375
9 0.39097293125 0.52335289375 0.394668128125 0.5591634296875 0.40522595937499994 0.5812816828125 0.422646328125 0.5739088999999999 0.43584354531249997 0.540204928125 0.43689935625 0.5138736421875 0.4353156859375 0.4791163890625 0.4332041109375 0.44962540312500004 0.4326762046875 0.40644213125000006 0.429508865625 0.3622056265625 0.4232741390625 0.33051415156249997 0.414727978125 0.3316614046875 0.41050482656250004 0.3537796578125 0.4073374875 0.3895901453125 0.40364228906250005 0.42645391562499996 0.3983633734375 0.4675306703125 0.39202869375 0.4959684234375 0.39097293125 0.52335289375
15 0.35507638125 0.5444179124999999 0.3746083265625 0.558110146875 0.3925566 0.551790646875 0.4020586203125 0.5296723937500001 0.40944906249999996 0.5012346421875 0.4083932984375 0.4791163890625 0.404698053125 0.42540063281249996 0.40258647812500004 0.379057659375 0.39889127968750004 0.345353640625 0.391589615625 0.3147260375 0.3793593359375 0.312702878125 0.37830357187499997 0.3316614046875 0.3788314296875 0.3611523921875 0.3703852234375 0.429613665625 0.36616207031250003 0.47700992031249995 0.3571879578125 0.5096606578125 0.35507638125 0.5444179124999999
15 0.3524369484375 0.5296723937500001 0.359827390625 0.525459409375 0.367745740625 0.5138736421875 0.37513623125 0.48016967031249996 0.37830357187499997 0.44225266718749995 0.37988724218750003 0.39380312968750003 0.38094300625 0.345353640625 0.38094300625 0.312702878125 0.3735525625 0.2969041265625 0.3646577703125 0.30209554843749997 0.360355296875 0.3295548890625 0.3524369484375 0.38432387968750004 0.3471580328125 0.434879884375 0.33818391875 0.4643709203125 0.33343290937500003 0.4791163890625 0.3307934765625 0.512820409375 0.341879165625 0.522299659375 0.3524369484375 0.5296723937500001
13 0.3307934765625 0.5096606578125 0.34240702343749996 0.49070215624999997 0.346630175 0.45173191875 0.3455743625 0.4011759125 0.3455743625 0.3295548890625 0.3350165796875 0.2969041265625 0.3202994375 0.311568415625 0.30545475781250003 0.349566625 0.297008503125 0.3948564125 0.289618059375 0.428560384375 0.2864507203125 0.4749034046875 0.2927854 0.4991281734375 0.3080941921875 0.512820409375 0.32340298437500004 0.51703339375 0.3307934765625 0.5096606578125
13 0.250554171875 0.4727968890625 0.269558209375 0.508607425 0.2853949078125 0.5012346421875 0.289618059375 0.4780631546875 0.29595273906249997 0.37695114375 0.2985921734375 0.3474601578125 0.3017595125 0.312702878125 0.291783365625 0.2926226796875 0.279588134375 0.29269111875 0.2732534546875 0.3074366375 0.2679745390625 0.3327146390625 0.260584096875 0.36852512656249997 0.253193628125 0.3959096453125 0.2479147375 0.4211876484375 0.24474739687499997 0.43803963437500004 0.250554171875 0.4727968890625
13 0.23471747187499997 0.4243474 0.2458031609375 0.4211876484375 0.253193628125 0.40644213125000006 0.2584725203125 0.381164128125 0.26111197812500003 0.3537796578125 0.26639086875 0.306383378125 0.2732534546875 0.2653066234375 0.2658629875 0.2410818796875 0.2608909546875 0.24841596250000003 0.25108207656250003 0.2505611296875 0.2410521515625 0.282158634375 0.2320780390625 0.3148093703125 0.21624134062499997 0.345353640625 0.203044075 0.3716848765625 0.207795084375 0.3895901453125 0.2199365625 0.41170839687500005 0.23471747187499997 0.4243474
10 0.47490743281250003 0.6128791859375 0.466461178125 0.5918141671875 0.4511523859375 0.5918141671875 0.43689935625 0.600240184375 0.43584354531249997 0.6276246546875 0.4337320171875 0.662381909375 0.4305646765625 0.6992456781249999 0.4311952703125 0.71890174375 0.429508865625 0.7666536703125 0.43425987499999996 0.7919316734375 0.44587347031249996 0.7866654546875 0.4506244796875 0.7529614828125 0.45431972500000006 0.720310696875 0.4606544046875 0.6939794125 0.47121218750000005 0.6539559406250001 0.47490743281250003 0.6128791859375
10 0.492855659375 0.6223584359375 0.48282578281250005 0.611825903125 0.468572753125 0.6202519203125 0.46118226250000005 0.6318376875 0.4606544046875 0.6465831578125 0.46118226250000005 0.707671696875 0.46171016875 0.75085491875 0.46276593281249995 0.7898252046875001 0.4796584421875 0.7919316734375 0.48704888593750006 0.7687602359375 0.4891604625 0.722417165625 0.48968832031250004 0.6887131937500001 0.4923278015625 0.6518494234375 0.492855659375 0.6223584359375
2 0.51608285 0.6276246546875 0.49971824531250003 0.6191986859374999 0.490216225 0.6276246546875 0.48810465000000003 0.6392104234375 0.49127198906249997 0.686606678125 0.4937722046875 0.71732293125 0.493911471875 0.75401466875 0.4991903390625 0.7729731703125 0.5092202640625 0.7929849546875001 0.5266406328125 0.782452421875 0.5234732921874999 0.7350561671875 0.520305953125 0.70872493125 0.5197780468750001 0.6676481765625 0.51608285 0.6276246546875
2 0.54247733125 0.6191986859374999 0.5298079718750001 0.6128791859375 0.51608285 0.6244649046874999 0.5092202640625 0.6381571890625 0.5144991796875 0.67923394375 0.5261127265625001 0.728736665625 0.534169971875 0.7615296500000001 0.537198415625 0.8014109234375001 0.544061 0.8203694265625 0.5562024531249999 0.8066772390624999 0.5577861234375 0.7698134203125 0.554090925 0.7266301984375 0.5482841046875 0.68239369375 0.5456446703125 0.6476364390625 0.54247733125 0.6191986859374999
0 0.573622821875 0.6055064015625 0.5609534625 0.5949739171874999 0.5461725765625001 0.611825903125 0.5414215671875 0.6307844046875 0.5461725765625001 0.6760741921875 0.554618784375 0.722417165625 0.566646609375 0.7678448953125 0.5688718125000001 0.8087837078125 0.5857643234375 0.816156490625 0.5942105296875 0.7919316734375 0.5942105296875 0.7624407343749999 0.591571096875 0.716097665625 0.5862921812499999 0.6729144421875 0.5804854078125 0.63394415625 0.573622821875 0.6055064015625
6 0.5847085109375 0.58338815 0.574678634375 0.5991869015625 0.56939971875 0.63710390625 0.5825969828125 0.670807925 0.591043190625 0.712937915625 0.6054601500000001 0.7725813296874999 0.611103040625 0.8014109234375001 0.6227165875 0.7971979874999999 0.6237724 0.7592809843749999 0.6195492484375 0.71188468125 0.613742475 0.657115690625 0.6089914640625 0.6181454046875 0.6021288796875 0.5854946671875 0.5847085109375 0.58338815
6 0.6469995421875 0.6444766890625 0.6443601078125 0.6107726703125 0.6406648625 0.57706865 0.6264118328125 0.566536165625 0.6147982390625 0.569695915625 0.6037125484375 0.5886544171875 0.6000173515625 0.6023466515625 0.601601021875 0.6286779375 0.608463559375 0.6486896734375 0.620605059375 0.67923394375 0.633976221875 0.7331110453125 0.6433042953125 0.770866703125 0.6528063140625 0.7908784875 0.6617804765625 0.79614470625 0.6707545890625 0.7813992359374999 0.672338259375 0.75401466875 0.662308334375 0.7066184140625 0.6538621265625 0.6739676765625 0.6469995421875 0.6444766890625
4 0.7029558921875 0.6160389359375 0.6992606953125 0.5939206828125 0.6966212125 0.5675893984375 0.690286534375 0.543364678125 0.6807845140625 0.5349386609375 0.6681151562500001 0.53283214375 0.6533342203125 0.5444179124999999 0.64013695625 0.5602166640624999 0.6290512671874999 0.5907609328125 0.6353859468749999 0.6265714203125 0.6464716359375 0.6381571890625 0.6617804765625 0.69187294375 0.692592590625 0.744162725 0.699788553125 0.7603341703125001 0.7114021 0.7582277015625001 0.7224877890625 0.74032248125 0.7309340921875 0.716097665625 0.7282946109374999 0.6781806609375 0.717208921875 0.6560624078124999 0.7087627140625 0.6349974390625001 0.7029558921875 0.6160389359375
4 0.7135137234375 0.5043943921875 0.6934538734375 0.5265126453125 0.689230721875 0.554950396875 0.7003164109375 0.603399934375 0.718792590625 0.6486896734375 0.7369509234375 0.6936407625000001 0.75574485625 0.707671696875 0.7779162328125 0.686606678125 0.779499903125 0.6507961890625 0.7694700265625001 0.6055064015625 0.7552169984375 0.5791751656249999 0.7451871203125 0.5412581624999999 0.7356851015625 0.508607425 0.7135137234375 0.5043943921875
4 0.7531054703125 0.4696371375 0.743075496875 0.4791163890625 0.7330456203125 0.48859563906250003 0.7346292890624999 0.5307256765624999 0.74888231875 0.5507374125 0.7631353468750001 0.572855665625 0.780555715625 0.6055064015625 0.7813092562499999 0.60838495 0.80167128125 0.632890921875 0.8190916500000001 0.6086661531249999 0.8212032734375001 0.569695915625 0.8090617734375 0.543364678125 0.7937529328124999 0.5043943921875 0.7784441875 0.44541241718749996 0.7631353468750001 0.45278515312499995 0.7531054703125 0.4696371375
8 0.4289810078125 0.5970804328125 0.4189510828125 0.5991869015625 0.40786539375 0.5991869015625 0.40522595937499994 0.6307844046875 0.395723940625 0.683446928125 0.3841103453125 0.73610945 0.37830357187499997 0.7813992359374999 0.3835824390625 0.8087837078125 0.3947580671875 0.8041575562500001 0.40786539375 0.7750797359375 0.41578374218749997 0.74032248125 0.4231741859375 0.710831446875 0.429508865625 0.689766428125 0.43795512031249995 0.661328675 0.44059455312500007 0.6349974390625001 0.4374272140625 0.6128791859375 0.4289810078125 0.5970804328125
14 0.3883334484375 0.5854946671875 0.377247759375 0.5939206828125 0.37249675 0.6213051546874999 0.36827364687499997 0.636050671875 0.359827390625 0.6781806609375 0.350853278125 0.728736665625 0.33712815625000003 0.7771862046875 0.3376560140625 0.8087837078125 0.358320865625 0.8041575562500001 0.369857315625 0.7803459546875 0.3767199015625 0.74032248125 0.38780559062500003 0.7045119453125 0.3936123640625 0.6729144421875 0.40258647812500004 0.6550091734375 0.40892115625000003 0.6223584359375 0.40047495 0.5970804328125 0.3883334484375 0.5854946671875
14 0.37513623125 0.5739088999999999 0.36616207031250003 0.5644296484375 0.3519090421875 0.566536165625 0.3445185984375 0.5802284 0.33660025 0.632890921875 0.313900965625 0.728736665625 0.31020576875 0.765600484375 0.3218836625 0.7773177640625 0.3344886734375 0.7624407343749999 0.342934928125 0.7308432296875 0.350853278125 0.70872493125 0.3614110609375 0.683446928125 0.367745740625 0.657115690625 0.3788314296875 0.6223584359375 0.38094300625 0.5939206828125 0.37513623125 0.5739088999999999
12 0.3344886734375 0.545471146875 0.32393089062499997 0.522299659375 0.3075662859375 0.522299659375 0.296480596875 0.5307256765624999 0.29225749375 0.58338815 0.2816996859375 0.6097194359375 0.26691877656249996 0.6507961890625 0.2590004265625 0.6781806609375 0.2558330875 0.6939794125 0.26691877656249996 0.713991196875 0.28064389843750004 0.728736665625 0.29574393125 0.7378474796875001 0.30967786249999996 0.713991196875 0.3260424671875 0.6644884265625 0.32815399375 0.6465831578125 0.34821384375000003 0.6128791859375 0.360355296875 0.5886544171875 0.3624668734375 0.5602166640624999 0.3492696078125 0.545471146875 0.3344886734375 0.545471146875
12 0.2320780390625 0.4138149140625 0.2141297640625 0.42329416562500005 0.1998767359375 0.44541241718749996 0.188263165625 0.4854358890625 0.1692591265625 0.5475776625 0.171898584375 0.5802284 0.1935613421875 0.58154515625 0.21307399999999999 0.56548293125 0.225215453125 0.5475776625 0.2463310671875 0.519139909375 0.25741675625 0.4991281734375 0.25636096875000003 0.4696371375 0.2458031609375 0.44225266718749995 0.2399963890625 0.44014615 0.2320780390625 0.4138149140625