13 0.25582504375 0.5096962796875 0.26677804374999997 0.49359367499999995 0.2725428171875 0.4636887578125 0.2748487375 0.43263366875 0.27427224375 0.4050291453125 0.2725428171875 0.38317558125 0.2719663234375 0.3440691375 0.26677804374999997 0.3061129171875 0.2500602703125 0.2992117875 0.23334249687500003 0.3061129171875 0.22363026718749998 0.319698709375 0.22527180468750002 0.354420834375 0.22296593750000002 0.38662614687499997 0.212012884375 0.42343214375000005 0.21085995 0.45793779843750004 0.2172011640625 0.487842715625 0.22988364374999998 0.5027951484375001 0.24429549687500002 0.50509554375 0.25582504375 0.5096962796875
9 0.44148355156249997 0.4929988140625 0.44609539062500003 0.47459581718750005 0.44206004375 0.427438071875 0.43744825781249996 0.3653278921875 0.42937756406250005 0.3078184515625 0.4143892171875 0.28826528125 0.40009375468749997 0.3110781046875 0.39363609843749997 0.3825807203125 0.38844781875 0.44584106874999996 0.38325953749999997 0.47459581718750005 0.3849889640625 0.5068010765625 0.3924831640625 0.5286546390625 0.41323628437500004 0.5321052046875 0.42880112343750004 0.51830294375 0.44148355156249997 0.4929988140625
11 0.480683925 0.4895482484375 0.47895449687499997 0.42283733437500004 0.476072084375 0.357276590625 0.47261323125 0.3227709359375 0.4599308046875 0.31241924062500004 0.44507464375000005 0.31452634687500003 0.44206004375 0.37337919375 0.44148355156249997 0.4389399390625 0.44148355156249997 0.4895482484375 0.4426365375 0.5459074671875 0.4605072453125 0.5597097296875 0.4754956453125 0.5574093875 0.48010743125 0.533255428125 0.480683925 0.4895482484375
11 0.5193077515625 0.5482078609375 0.5233430984375 0.51830294375 0.5210371781250001 0.488398078125 0.517578325 0.45159202968749995 0.5141194703124999 0.4021339421875 0.5141194703124999 0.3526758015625 0.5141194703124999 0.3227709359375 0.4935156015625 0.31452634687500003 0.476648578125 0.348075065625 0.473189725 0.39753315312500004 0.471460296875 0.449291634375 0.473189725 0.4906984203125 0.47722507031249994 0.55050825625 0.491636925 0.5620101234375 0.5066253234375 0.5574093875 0.5193077515625 0.5482078609375
3 0.5389079375 0.560859953125 0.5573551375 0.5597097296875 0.5608139921874999 0.5298048625 0.56254341875 0.4757459875 0.5608139921874999 0.4216871109375 0.5585081234375 0.390632021875 0.553896284375 0.3446245 0.541956559375 0.3283193140625 0.525072525 0.3492252359375 0.5221901640625 0.38488111406250003 0.5221901640625 0.43318903124999997 0.5221901640625 0.472295421875 0.5187313109375 0.5298048625 0.52449603125 0.5585595578125 0.5389079375 0.560859953125
3 0.5856024578125 0.517152771875 0.5879083781250001 0.49644937968749997 0.586755390625 0.44009016250000005 0.5896378046875 0.390632021875 0.5861789500000001 0.35152563125 0.575692225 0.338664040625 0.568308190625 0.37337919375 0.5636964046874999 0.4009837171875 0.561966978125 0.44584106874999996 0.561390484375 0.501050115625 0.5608139921874999 0.5286546390625 0.5729199781250001 0.5367059937499999 0.5809906703125 0.5321052046875 0.5856024578125 0.517152771875
1 0.5844495234375 0.5056509046875 0.59136723125 0.524053903125 0.5982849375 0.5367059937499999 0.6230733515625 0.530955034375 0.6322969781250001 0.5137022078125 0.631720484375 0.488398078125 0.6242263375 0.4538924234375 0.6248027781250001 0.3526758015625 0.613752978125 0.3076298625 0.6075085109375 0.29976715 0.5965555109375 0.3066682796875 0.5959790171875 0.334272803125 0.5930966578125 0.383730890625 0.5902142453125 0.436639596875 0.5850259640625 0.4757459875 0.5844495234375 0.5056509046875
4 0.724533084375 0.488398078125 0.7032035234375 0.481496946875 0.6905209906249999 0.498749775 0.6807209765625 0.5263542984375 0.6818738578125 0.5700614265625 0.69801524375 0.596515778125 0.7083918031249999 0.6183693421875 0.72015008125 0.6403852140625 0.7389449375 0.6655271390624999 0.7631569109375 0.657475784375 0.7735334703125 0.6298712609375 0.7775688703125 0.5930652125 0.7660393234375 0.5643105187499999 0.74701563125 0.5459074671875 0.7372155109375 0.5137022078125 0.724533084375 0.488398078125
0 0.5896378046875 0.6114682109375 0.5896378046875 0.5620101234375 0.576955325 0.5482078609375 0.5671552578125 0.5597097296875 0.554472778125 0.5654606890625 0.5527433515625 0.589614646875 0.5498609906249999 0.639072734375 0.5488766953125 0.70245356875 0.547555071875 0.7425896984375 0.5452491515625 0.7874470484375 0.5590845640625 0.8058501 0.57637883125 0.7966486265625 0.5786847515625 0.736838790625 0.5850259640625 0.6931316625 0.5890613109375 0.6540252203125 0.5896378046875 0.6114682109375
10 0.508931190625 0.5850139109375 0.49797819062500004 0.5723618203124999 0.48241335156250004 0.5723618203124999 0.476072084375 0.589614646875 0.47491915156250003 0.6344720515625 0.474485225 0.6627987875 0.4680014453125 0.7011829125 0.4680014453125 0.736838790625 0.484142778125 0.743739921875 0.491636925 0.7195859640625 0.495672271875 0.685080309375 0.5037429109375 0.6528749953124999 0.508931190625 0.6252704734375001 0.508931190625 0.5850139109375
2 0.51988424375 0.5654606890625 0.5031664703125001 0.5654606890625 0.5002840578125001 0.5838636875 0.5002840578125001 0.6183693421875 0.498705703125 0.690384721875 0.49509577812499994 0.72763731875 0.5031664703125001 0.7483407109375 0.5158488984375 0.7391391328125 0.5210371781250001 0.6977323484375 0.5262254578125 0.644823746875 0.53199023125 0.6011165140625 0.5291078703125 0.5792629515625001 0.51988424375 0.5654606890625
2 0.5452491515625 0.5677610843750001 0.5308372968749999 0.5689112546875 0.5256490171875 0.5907648187500001 0.5246562171875 0.6731435125 0.5210371781250001 0.71383505625 0.5210371781250001 0.7483407109375 0.532566725 0.7506410531250001 0.5412138578125 0.72763731875 0.546978578125 0.66782748125 0.553896284375 0.6298712609375 0.5585081234375 0.5815633453125 0.5452491515625 0.5677610843750001
8 0.4530130984375 0.596515778125 0.45416603125000005 0.5574093875 0.44206004375 0.5447572953125001 0.43053055156250003 0.5482078609375 0.42073043125 0.5597097296875 0.413812725 0.5689112546875 0.4115068578125 0.6080176453125 0.4092009375 0.6551754437499999 0.408743925 0.7179706578125 0.41323628437500004 0.777095353125 0.42073043125 0.802399534375 0.43687176406250006 0.802399534375 0.4478248171875 0.782846365625 0.44667183125000004 0.7494908296875 0.4455188984375 0.7011829125 0.4484012578125 0.6402229578124999 0.4530130984375 0.596515778125
14 0.4161186453125 0.5861640828125 0.42073043125 0.5574093875 0.41265979062499997 0.540156559375 0.391330178125 0.5286546390625 0.3786477515625 0.530955034375 0.3757653390625 0.5597097296875 0.3757653390625 0.5976659484375 0.3751888984375 0.6563255609375 0.37500825937500004 0.7145224171875 0.372306484375 0.759842525 0.379224190625 0.7805459171875 0.3930596046875 0.7724946687500001 0.398824378125 0.74028935625 0.4051655921875 0.7057837015625 0.4051655921875 0.664376915625 0.4092009375 0.62297013125 0.4161186453125 0.5861640828125
14 0.3821066046875 0.5884644765625 0.38556545781249996 0.553958821875 0.3734594703125 0.533255428125 0.35731813749999997 0.5286546390625 0.346365084375 0.5321052046875 0.3417532984375 0.5413067296875 0.3406003640625 0.5689112546875 0.334835590625 0.6149187765625 0.3395425578125 0.704177690625 0.33829444531249997 0.74028935625 0.343482725 0.7782455765625 0.35731813749999997 0.775945234375 0.36423584375 0.75409161875 0.3671182046875 0.7207361875 0.3705770578125 0.6758788359375 0.3746124046875 0.6287210375 0.3821066046875 0.5884644765625