13 0.26692699375 0.451942115625 0.27713797812499996 0.416557340625 0.301321934375 0.3554381828125 0.31099550625 0.309330715625 0.3093832453125 0.2750182390625 0.29164836250000004 0.2675123453125 0.2801448515625 0.278646228125 0.256715984375 0.33077605 0.2271578546875 0.367233075 0.21587202031250002 0.4047623984375 0.2164094328125 0.4412194234375 0.22339591718750001 0.479820996875 0.2357565765625 0.4959049859375 0.257253421875 0.4948327359375 0.26692699375 0.451942115625
13 0.31260776875 0.487326890625 0.32066907968749997 0.42620773281249996 0.3281929515625 0.3683053734375 0.3330297390625 0.3136198109375 0.324968428125 0.3018248703125 0.3164334921875 0.31561449218750004 0.2878864 0.3801002671875 0.2701515171875 0.4315690296875 0.255641159375 0.44336397187500004 0.256178571875 0.4937604859375 0.26638955625 0.5194948687500001 0.2873489640625 0.53665110625 0.303471584375 0.5259284640625 0.31260776875 0.487326890625
13 0.323356165625 0.5538073453125001 0.34431557343749997 0.5570241421875 0.36312528125 0.5473737484375001 0.3652749796875 0.514133521875 0.35882593125 0.46159250937499996 0.3556014078125 0.40261785000000005 0.34707723281249997 0.33168765 0.3308800390625 0.327559253125 0.32228134062499997 0.3908229578125 0.31422003125 0.439074925 0.30777098281250004 0.47445969843749997 0.301859321875 0.514133521875 0.3088458078125 0.5387956546875 0.323356165625 0.5538073453125001
15 0.420629328125 0.5645300375 0.420091890625 0.4959049859375 0.417942190625 0.3822448140625 0.4136428421875 0.35865498125 0.397881328125 0.3638339671875 0.3840846875 0.4412194234375 0.374948553125 0.49697728437500005 0.3668872421875 0.5430847015625 0.3668872421875 0.5795417265625 0.382472425 0.5966980140625 0.396445396875 0.588119871875 0.41256801718749997 0.587047621875 0.420629328125 0.5645300375
9 0.442663559375 0.5741804296875 0.444275821875 0.5463015 0.442126121875 0.5066276765625 0.442126121875 0.44336397187500004 0.44320099687500003 0.3908229578125 0.44320099687500003 0.34686003906249996 0.4293314828125 0.3413315453125 0.4147176671875 0.40905144687500006 0.41041831875 0.45086981562500006 0.40289444531249996 0.5409401546875 0.398595046875 0.585975321875 0.4114931421875 0.6074206578125 0.4254661140625 0.6117097046875 0.43298998749999995 0.5913366671875 0.442663559375 0.5741804296875
11 0.47383397499999996 0.5773972281249999 0.47383397499999996 0.5205671187500001 0.47383397499999996 0.4540866140625 0.4732965390625 0.38653386093750003 0.46684749062500003 0.352221384375 0.4636229671875 0.3511490859375 0.45755598124999997 0.35097544062499997 0.44857517031249994 0.39832880312499996 0.441051296875 0.44658076874999997 0.44051385937500004 0.5119889734374999 0.43298998749999995 0.5688190843750001 0.43406481250000006 0.5988425140625 0.4534119578125 0.6170710515625 0.468997190625 0.6063484078125 0.47383397499999996 0.5773972281249999
11 0.5098411296875 0.5741804296875 0.50500434375 0.5066276765625 0.5039295187499999 0.42942453125 0.4974804703125 0.3650885765625 0.487806896875 0.3350650984375 0.48578047812499997 0.34615349375000004 0.47383397499999996 0.3876061609375 0.468459753125 0.47660419843749996 0.468459753125 0.5248561656249999 0.468459753125 0.6063484078125 0.47598362656250004 0.6202878484375 0.4969430328125 0.6149265015625 0.5066166046875 0.6063484078125 0.5098411296875 0.5741804296875
3 0.5410115453125 0.6074206578125 0.54961029375 0.5977702640625 0.5436986328125 0.5463015 0.537249584375 0.5066276765625 0.537249584375 0.45515891249999996 0.5308005359375 0.39511200468749996 0.5291882734375 0.361871778125 0.5196498765625 0.34454617656250003 0.5071540421875 0.34578778906249996 0.5066166046875 0.39832880312499996 0.5066166046875 0.4401471734375 0.50285469375 0.532362059375 0.50500434375 0.5838308234375 0.5071540421875 0.6117097046875 0.5227392265625 0.6181433000000001 0.5410115453125 0.6074206578125
3 0.560896128125 0.6106374546875 0.5797058359375 0.595625715625 0.5813180984375 0.5731081312499999 0.5743316125 0.5409401546875 0.5641206515625 0.44658076874999997 0.5506851187499999 0.39940105312499996 0.5373909890624999 0.354190071875 0.5291882734375 0.35972723125 0.5329502359375 0.39296745624999996 0.535099934375 0.45730341250000006 0.5410115453125 0.5173503203125 0.5442360703125 0.5656022859375 0.55014768125 0.5977702640625 0.560896128125 0.6106374546875
7 0.5920664953125 0.5731081312499999 0.605502028125 0.5613132390625 0.605502028125 0.5270007125 0.605502028125 0.4905436890625 0.605502028125 0.44336397187500004 0.611413640625 0.3886784109375 0.611413640625 0.344715490625 0.6022775046875 0.33077605 0.593839984375 0.3622266515625 0.587767146875 0.39940105312499996 0.581855534375 0.45730341250000006 0.571644525 0.4948327359375 0.5662703015624999 0.5237839156249999 0.5700322640625 0.5484460484375 0.5700322640625 0.5634577390625 0.5791683984375 0.5731081312499999 0.5920664953125 0.5731081312499999
7 0.607651728125 0.5838308234375 0.6248491734375 0.5838308234375 0.6361350078125 0.5656022859375 0.6291485234375 0.5119889734374999 0.6307607843749999 0.46373700781249994 0.6302233968750001 0.3801002671875 0.6277093812500001 0.3349022828125 0.6141007765625 0.33935419375000003 0.610338815625 0.39403975625 0.606039465625 0.44550851874999997 0.6012026796875001 0.49268818750000004 0.5947536312499999 0.532362059375 0.5985155437499999 0.559168690625 0.607651728125 0.5838308234375
5 0.6818157828125 0.5484460484375 0.6818157828125 0.5162780703125 0.6764415609375 0.48196554531249997 0.6699925125 0.439074925 0.6732170359375 0.35007683749999996 0.669455075 0.3329205984375 0.655482153125 0.326487003125 0.6398055953124999 0.3349022828125 0.6350601828125 0.38653386093750003 0.6350601828125 0.425135434375 0.6345227453125 0.48303779375 0.6280736984375 0.5173503203125 0.628611134375 0.55487964375 0.6452711437499999 0.5677468343750001 0.6662305500000001 0.5613132390625 0.6818157828125 0.5484460484375
5 0.676978996875 0.5237839156249999 0.682353171875 0.5484460484375 0.700625540625 0.5538073453125001 0.7183604234375001 0.5409401546875 0.729108771875 0.5034108796875 0.7221223359375 0.46588155625 0.714061025 0.4401471734375 0.7043874531250001 0.3801002671875 0.6986738328125 0.323651071875 0.6947138796875 0.298608071875 0.680740909375 0.29968032187500004 0.6737544734375 0.3136198109375 0.669455075 0.361871778125 0.669455075 0.42835223281249996 0.6753667359375 0.4905436890625 0.676978996875 0.5237839156249999
5 0.7172855484375 0.45623116250000006 0.723734596875 0.488399140625 0.7312585203124999 0.5162780703125 0.7409320921875 0.5216393671875 0.7549049640625001 0.510916725 0.7661907984375 0.48196554531249997 0.7710275859375 0.44765301874999996 0.7645785375 0.41226824375 0.7565172265625 0.3833170640625 0.7452313921875 0.3629440265625 0.7307210328125 0.309330715625 0.7205100734375 0.2760904890625 0.7108365 0.2760904890625 0.7059997140625 0.2889576796875 0.704924840625 0.3136198109375 0.704924840625 0.34900458749999996 0.711911375 0.40905144687500006 0.7172855484375 0.45623116250000006
4 0.7506056640625001 0.5248561656249999 0.7393198296875 0.5355788578125 0.725884246875 0.5634577390625 0.725884246875 0.5924089171875 0.74039460625 0.638516384375 0.773714721875 0.710358234375 0.78500055625 0.71571953125 0.7903747296875 0.6910574484375 0.7973612640625001 0.66210626875 0.78500055625 0.6149265015625 0.7796263812500001 0.5720358812499999 0.7753269828125 0.53772335625 0.7640411484375 0.5205671187500001 0.7506056640625001 0.5248561656249999
4 0.7294668984375 0.569425896875 0.7197738140625 0.5478110171874999 0.703808828125 0.545535746875 0.6878437890625 0.5682882874999999 0.6656067953125 0.586490290625 0.669027871875 0.6354082 0.7002896062499999 0.6845326046875 0.7174931328125 0.7252807031249999 0.7374493906249999 0.7503085140625 0.7568355046875 0.749170853125 0.7665285875000001 0.717317284375 0.7539845734374999 0.6718122546874999 0.7420108078125 0.6354082 0.7334581171875 0.605829953125 0.7294668984375 0.569425896875
6 0.6410890671875 0.6012794125 0.62227315 0.59445365625 0.6068783078125 0.5990041953125 0.6057379671875001 0.6206190765625 0.6074485046875 0.6786380125 0.610299384375 0.7195926078125 0.6154309984374999 0.77761154375 0.6258550656249999 0.8039029234375 0.6279749609375 0.8265294000000001 0.64622068125 0.829942278125 0.655913765625 0.8049145718749999 0.6524926890625 0.769648125 0.6513522953125 0.7252807031249999 0.6496417578125 0.6695369859375 0.6507821515625001 0.621756684375 0.6410890671875 0.6012794125
6 0.60915904375 0.638821078125 0.6040274296875 0.6081051703125 0.5846413140625 0.5921784390625 0.5703868671875 0.612655709375 0.5703868671875 0.6513349828125 0.5755184796874999 0.675225134375 0.57893955625 0.70935391875 0.5817904359375 0.736657 0.5856433015625 0.7476283453125 0.587492246875 0.7912630578125001 0.590343125 0.8276670609375 0.60915904375 0.8447314531250001 0.6154309984374999 0.8128778859375 0.61258011875 0.7798867609375 0.6097292390625 0.7434827562499999 0.6080187015625 0.69001425625 0.60915904375 0.638821078125
0 0.576088625 0.6490597140625 0.5715272078125 0.6194814671875 0.5612639796875001 0.60924283125 0.5475796765625 0.610380440625 0.546439334375 0.6319953203125 0.540737525 0.6786380125 0.55227609375 0.7595653765625 0.5589832453125 0.8128778859375 0.565825396875 0.8435937921875001 0.57893955625 0.853832428125 0.5920536640625 0.8413185750000001 0.5920536640625 0.8003640328125 0.5857817078124999 0.745757975 0.5795097015625 0.6843261609375 0.576088625 0.6490597140625
14 0.4090261 0.6160685890625001 0.4073155625 0.6149309281249999 0.397052334375 0.6149309281249999 0.3873593046875 0.621756684375 0.38450837187500003 0.6524725921875 0.38450837187500003 0.6957024046875 0.38971790156249997 0.725459571875 0.39420145624999997 0.80946500625 0.3993330703125 0.84928199375 0.41586825312500003 0.8276670609375 0.41757879062500003 0.749170853125 0.4238507453125 0.674087525 0.42727182187499996 0.6513349828125 0.419859525 0.6308577125 0.4090261 0.6160685890625001
8 0.45121935312500006 0.6399587375 0.4426666640625 0.6194814671875 0.42613147968750004 0.612655709375 0.4204296703125 0.6376834687499999 0.41757879062500003 0.6649864984375 0.41757879062500003 0.6991152828125 0.414529415625 0.764681246875 0.41529805625 0.829942278125 0.4335438296875 0.8390433578125001 0.44665793593750003 0.8265294000000001 0.450649209375 0.8003640328125 0.452359746875 0.7468956359375001 0.45521062656250005 0.701390553125 0.45521062656250005 0.6683993765625 0.45121935312500006 0.6399587375
10 0.46091243750000005 0.61379331875 0.44494739843750003 0.61834380625 0.44494739843750003 0.63313298125 0.44779827812499995 0.6763627421875 0.450649209375 0.7309688000000001 0.4521744703125 0.780028859375 0.45977204374999997 0.8379056968749999 0.4768774234375 0.8333551578125 0.4808686953125 0.8049145718749999 0.47972835468749997 0.749170853125 0.475166884375 0.697977675 0.476307278125 0.634270590625 0.474596740625 0.617206196875 0.46091243750000005 0.61379331875
10 0.495123196875 0.6240319546875 0.48657050625 0.617206196875 0.47174580937500005 0.621756684375 0.4688949296875 0.64223395625 0.47174580937500005 0.693427134375 0.4786971234375 0.7305754421875 0.48029849843749994 0.7924006140625 0.4825792328125 0.8162907640625001 0.48828104375 0.8333551578125 0.496833734375 0.8197036421874999 0.498544271875 0.7719233421875 0.498544271875 0.718454946875 0.498544271875 0.6558854703125 0.495123196875 0.6240319546875
2 0.521351409375 0.638821078125 0.5127987203125 0.6228943453125 0.5031056890625 0.6263072249999999 0.49341265781250004 0.6274448328125 0.4928424609375 0.6627112281249999 0.500086359375 0.737396603125 0.498544271875 0.7707857859375 0.496833734375 0.8049145718749999 0.5042460296875 0.8197036421874999 0.5162197953125001 0.8197036421874999 0.517930334375 0.7832996390625 0.5185005312500001 0.7355193390625 0.52021106875 0.693427134375 0.521351409375 0.638821078125
2 0.5481498734375 0.653610253125 0.5504305546875 0.6206190765625 0.5356059109375 0.6149309281249999 0.52021106875 0.61834380625 0.517930334375 0.6319953203125 0.5207812656249999 0.6718122546874999 0.51976445625 0.737396603125 0.5156496515625 0.806052128125 0.5145092578125 0.85041955 0.5276234171875 0.852694871875 0.533895371875 0.84928199375 0.5390269859375 0.8049145718749999 0.5441586 0.7559966109375 0.5481498734375 0.7082163109375 0.5481498734375 0.653610253125
14 0.3765258796875 0.5921784390625 0.358850303125 0.6001418046875 0.35371868906250004 0.617206196875 0.3502976125 0.6558854703125 0.3406045828125 0.7002528921875 0.326920278125 0.7423450953125 0.31722722187499997 0.7719233421875 0.3138061453125 0.7980888140625 0.320648296875 0.8174284249999999 0.327261334375 0.8158399546874999 0.3559994234375 0.77647388125 0.36683284843749997 0.72983124375 0.3759556828125 0.7025281624999999 0.3907803796875 0.6638488890625001 0.3981926765625 0.64223395625 0.39990321406249996 0.612655709375 0.3924909171875 0.5921784390625 0.3765258796875 0.5921784390625
12 0.370253925 0.6194814671875 0.369683728125 0.58990316875 0.3611310375 0.5785269234375 0.3463063921875 0.569425896875 0.3331922328125 0.5523615046875 0.3149465125 0.5478110171874999 0.30240255 0.5626001406250001 0.2978411328125 0.5978665359375 0.2961305953125 0.645646834375 0.2830164625 0.6968400140625 0.2750339421875 0.734381678125 0.272753234375 0.7650975843750001 0.2767444796875 0.781024421875 0.288148075 0.7946759359375 0.30073868125000003 0.7953764718749999 0.3109552390625 0.7787491 0.3183675890625 0.7673729078125 0.3280606203125 0.75258373125 0.334902771875 0.7150420671875 0.339464240625 0.6911519171875 0.347446734375 0.65929835 0.36341177187499996 0.6410963484375001 0.370253925 0.6194814671875
12 0.2795953859375 0.5364347203125 0.27104269531249997 0.5193703265625 0.26077946875 0.51368223125 0.2499460703125 0.52278320625 0.2453846265625 0.5523615046875 0.23683193593750002 0.5955913171875 0.22029672812499998 0.653610253125 0.207752790625 0.6957024046875 0.20547208281249998 0.7241430421875 0.21630548125 0.7423450953125 0.2305819890625 0.749333634375 0.2573583921875 0.7150420671875 0.2750339421875 0.6729498625 0.28358663281249996 0.6479221046875 0.3058236265625 0.6228943453125 0.3200781265625 0.5842150203124999 0.31038506875 0.5557743828125 0.294990228125 0.5478110171874999 0.2795953859375 0.5364347203125
12 0.194891609375 0.51368223125 0.1851985515625 0.543260478125 0.15782994374999998 0.5751140453125 0.132171875 0.6069675609375 0.1276104578125 0.6490597140625 0.13559295 0.682050890625 0.147591753125 0.6964696375 0.18462838125 0.6695369859375 0.2034442984375 0.6638488890625001 0.2262514625 0.65702313125 0.2416463046875 0.63313298125 0.24221650156250002 0.5796645328125 0.23594454531250003 0.554636775 0.226821659375 0.517095109375 0.194891609375 0.51368223125