10 0.4474304453125 0.5741346468749999 0.44015976874999996 0.6006908015625 0.436952615625 0.704717928125 0.4316773328125 0.772098809375 0.4486422046875 0.7914124250000001 0.46076003437499996 0.770891784375 0.46500122499999996 0.7226077953125001 0.4692424703125 0.6682883515625 0.4716660484375 0.6067263140625 0.46318355625 0.5801701031250001 0.4474304453125 0.5741346468749999
10 0.48438972968750005 0.5765488078125001 0.46742480156250005 0.575341728125 0.46681889375 0.6187972828125 0.46877299531250005 0.704717928125 0.46803070937499996 0.7419214125 0.48075439218750005 0.764856215625 0.49711341249999996 0.7551994625 0.4977192640625 0.7045013140624999 0.4977192640625 0.6538031656250001 0.49893108125 0.617590203125 0.49893108125 0.5886198328125001 0.48438972968750005 0.5765488078125001
2 0.52195486875 0.5825843203125001 0.5043840875 0.57775594375 0.4934780734375 0.5898269125 0.494689834375 0.6513889500000001 0.500593375 0.6974802125 0.503172271875 0.7431284390624999 0.5074135171874999 0.764856215625 0.52559020625 0.77330594375 0.5316491203125 0.75037103125 0.5286196359375 0.7057083953125 0.52559020625 0.6682883515625 0.5268019671874999 0.611554690625 0.52195486875 0.5825843203125001
2 0.5371021265625 0.5765488078125001 0.5243784453125 0.5862056156250001 0.5201371984375001 0.5946552890625 0.52559020625 0.655010246875 0.5324137546875 0.7390970796875 0.5377079796875 0.7539923265625 0.55224933125 0.763649190625 0.5583082453125 0.7527853015625 0.5583082453125 0.716572284375 0.5583082453125 0.671909646875 0.5577023375 0.6224185796875 0.5540670000000001 0.5813772390625 0.5371021265625 0.5765488078125001
0 0.59163219375 0.5898269125 0.585573278125 0.566892053125 0.572849596875 0.5548210296875 0.56315534375 0.566892053125 0.5546729078125 0.59103399375 0.5510375703125 0.604312096875 0.5570964843749999 0.673116728125 0.5651432875 0.7065273578125 0.5716378359375 0.7383001171875 0.5789085109375 0.76002789375 0.591026284375 0.7817556734375 0.604355875 0.76002789375 0.6055676359375 0.7298503890625 0.6019322984375 0.6863948328125 0.5976910531249999 0.642939278125 0.59163219375 0.5898269125
6 0.6079912125 0.5475784359375 0.5964792921875001 0.5415429796875 0.5867850390625 0.5572352453125 0.5807261796875001 0.5886198328125001 0.5849673703125 0.6236256609375 0.5934498625 0.6489747343750001 0.6087826656249999 0.7228122171875 0.6195030796875 0.7576136234375 0.6298032390625 0.772098809375 0.637073915625 0.7274361734375 0.63283266875 0.6863948328125 0.6285914234375001 0.6381108453125 0.623744325 0.57775594375 0.62192665625 0.5511997328125 0.6079912125 0.5475784359375
6 0.6619153703125 0.537921684375 0.6473740203125 0.530679090625 0.63283266875 0.528264875 0.6195030796875 0.5367145484375 0.614050071875 0.5656849187499999 0.6110206421875 0.5862056156250001 0.6231384171875 0.61396890625 0.6358620984375001 0.671909646875 0.644344590625 0.715365203125 0.6533311953125 0.7282405046875 0.6655507078125 0.746749734375 0.6831214890624999 0.7527853015625 0.69160398125 0.72502195625 0.6825156375 0.690016128125 0.6734272921875 0.6574244625000001 0.6661566171875 0.617590203125 0.66312713125 0.5680991343749999 0.6619153703125 0.537921684375
4 0.7188690140625 0.5174009859375001 0.7043276625 0.5029158 0.6764567218749999 0.5113654734375 0.6546446953125 0.5343003875 0.65222111875 0.5644778374999999 0.6649448015625 0.5994837203125 0.6776684828125 0.6501818687500001 0.6978797265625001 0.6938613546875 0.7043276625 0.7274361734375 0.729775028125 0.7431284390624999 0.7473458640625 0.716572284375 0.7546165390625 0.6827735359375 0.7527988703124999 0.6477676531250001 0.729169175 0.604312096875 0.7206866828125 0.575341728125 0.7188690140625 0.5174009859375001
4 0.7624930671875 0.47032413437500004 0.7473458640625 0.4715312140625 0.729775028125 0.482395103125 0.7170513453125 0.4992945046875 0.712204190625 0.5149867703125001 0.712204190625 0.549992653125 0.7267455421875 0.59103399375 0.7340162171875 0.6163830671875 0.7515197953125 0.6721482078125 0.7764285656250001 0.6827735359375 0.7988464453125 0.6586315421875 0.803087634375 0.6248327953125 0.785516909375 0.5705133499999999 0.7733990796875 0.537921684375 0.7715814109375 0.5246435796875 0.770975559375 0.5029158 0.7624930671875 0.47032413437500004
4 0.7933934375 0.4437679796875 0.7788520875 0.44980343593749994 0.76309891875 0.4751525109375 0.7618872140625 0.5077441781250001 0.7830932765624999 0.5596494625 0.8115239390625 0.6051993375 0.8218702875 0.617590203125 0.835199821875 0.604312096875 0.8364116375 0.5717204312499999 0.8303526671875 0.537921684375 0.8218702875 0.47635964687500004 0.8218702875 0.44497505937500004 0.8036935984375001 0.43411117031249996 0.7933934375 0.4437679796875
8 0.423194840625 0.5596494625 0.4110770671875 0.566892053125 0.4044123 0.5922411296875 0.3971416234375 0.665874134375 0.389265040625 0.728643253125 0.383812034375 0.7829626984375 0.4005864671875 0.8006176625 0.417741834375 0.7914124250000001 0.42561841874999995 0.7672704875 0.4334950015625 0.716572284375 0.4334950015625 0.67553094375 0.4413715296875 0.6405250609375 0.445612775 0.611554690625 0.44015976874999996 0.575341728125 0.423194840625 0.5596494625
14 0.378359028125 0.5475784359375 0.368664775 0.5620636218749999 0.368058921875 0.60189788125 0.3613941 0.66949543125 0.35594109218750003 0.72502195625 0.35291166406249996 0.7672704875 0.364423584375 0.795033721875 0.377857625 0.773476228125 0.385629703125 0.7383001171875 0.3959298078125 0.690016128125 0.40017105468749997 0.6477676531250001 0.411682975 0.6031050171875 0.4153183125 0.5801701031250001 0.405018153125 0.55361395 0.392900378125 0.5391287640625 0.378359028125 0.5475784359375
14 0.35472933281249996 0.5355074671875 0.3389762203125 0.543957140625 0.330493728125 0.6236256609375 0.319587715625 0.685187696875 0.3038346046875 0.734678765625 0.312317040625 0.7612349203125001 0.33330909375 0.7499536531250001 0.3468527484375 0.7226077953125001 0.35654700156249997 0.68880899375 0.364423584375 0.6501818687500001 0.380176696875 0.605519178125 0.389265040625 0.5693062140625 0.381994365625 0.5451642765625 0.368058921875 0.5355074671875 0.35472933281249996 0.5355074671875
12 0.34745865625 0.530679090625 0.3335232140625 0.5186080671875 0.3220112921875 0.5186080671875 0.30625818125 0.4980874234375 0.291110921875 0.50412288125 0.28505200625 0.5330932515625 0.27596366250000004 0.575341728125 0.26081645937500003 0.6151759859375 0.2499104453125 0.6417321421875 0.24748686874999998 0.66345991875 0.2499104453125 0.6863948328125 0.26263412812500003 0.7177793640625 0.27785071875 0.7264310765624999 0.29595802031249996 0.706915475 0.30868170156249997 0.6839806171875 0.32079953125 0.6538031656250001 0.32746430000000004 0.6236256609375 0.330493728125 0.5970695046875 0.349276325 0.5632707578125 0.35230575468750003 0.543957140625 0.34745865625 0.530679090625
12 0.2583928828125 0.463081540625 0.24385153124999998 0.46790991875000004 0.2317337296875 0.48480931875 0.223251265625 0.5318861703125 0.2068922453125 0.5656849187499999 0.1953803515625 0.595862425 0.18750379687500002 0.6369037640624999 0.199015690625 0.6646670546875 0.2178465734375 0.6721482078125 0.2426397421875 0.6525960296875 0.2559693046875 0.6212114984375 0.266269465625 0.593448209375 0.287475584375 0.5608565421875 0.292928590625 0.5137796890625 0.285657915625 0.49325899218749997 0.271722471875 0.4860164 0.2583928828125 0.463081540625
12 0.21840416718750003 0.44256084375000004 0.20931582187500003 0.4220402015625 0.196592140625 0.420833065625 0.1838684578125 0.42928279375 0.1747801140625 0.4751525109375 0.1602387625 0.5330932515625 0.1487268421875 0.5837914 0.17057058125 0.6051993375 0.190533225 0.593448209375 0.20204514687500003 0.5862056156250001 0.2159805890625 0.5596494625 0.223251265625 0.5427500609375 0.23294551718749998 0.5174009859375001 0.239610284375 0.4799809421875 0.2317337296875 0.45101057187500004 0.21840416718750003 0.44256084375000004
3 0.5358903109375001 0.5789630234375001 0.544372803125 0.55361395 0.544372803125 0.506537096875 0.54376689375 0.45463186875000006 0.54376689375 0.364099459375 0.5389197953125 0.323058065625 0.5233222171875 0.3265472796875 0.5098370937500001 0.3484071390625 0.5062017562500001 0.42324728125 0.5001428421874999 0.4715312140625 0.4959015953125 0.5149867703125001 0.4959015953125 0.5608565421875 0.5055958484375 0.5825843203125001 0.5231666296874999 0.5862056156250001 0.5358903109375001 0.5789630234375001
3 0.580120271875 0.5367145484375 0.580120271875 0.5017087203124999 0.5770908421875001 0.39789820625 0.5704260203125 0.3315077921875 0.5577023375 0.3182296890625 0.5455845640625 0.3158154734375 0.5407374640625 0.3580639484375 0.5395256484375001 0.4667028375 0.5431609859375001 0.5294719546875 0.5449786546875 0.5632707578125 0.5607318218749999 0.5765488078125001 0.5752731734375 0.5632707578125 0.580120271875 0.5367145484375
1 0.6195030796875 0.4920519125 0.6146559796875 0.44980343593749994 0.6122324031249999 0.36772075625 0.6116265515625 0.3049515828125 0.6037499671875 0.278395428125 0.5878721296875 0.2939775578125 0.5789085109375 0.32788649687500004 0.576484934375 0.4244543625 0.576484934375 0.4775667265625 0.5789085109375 0.525850659375 0.5831497015625 0.5584423265625 0.6055676359375 0.5644778374999999 0.6207148953125 0.549992653125 0.6195030796875 0.4920519125
7 0.6164736484375 0.5511997328125 0.6316209078125 0.54637135625 0.65222111875 0.5403358453125 0.65222111875 0.5222293625 0.64858578125 0.4860164 0.6437386828125 0.44618213906250004 0.638891584375 0.408762096875 0.6316209078125 0.339957465625 0.619692509375 0.317500134375 0.6110206421875 0.32426520000000003 0.6092029734375 0.3568568671875 0.6085970656249999 0.4256614984375 0.604355875 0.47635964687500004 0.604355875 0.4980874234375 0.60980888125 0.5198152015625 0.6164736484375 0.5511997328125
7 0.6394974359375001 0.482395103125 0.640709253125 0.5077441781250001 0.65222111875 0.5391287640625 0.6728213843749999 0.5343003875 0.687362734375 0.5222293625 0.6867568265624999 0.50412288125 0.6825156375 0.488430615625 0.6776684828125 0.44497505937500004 0.6716096234375 0.413590471875 0.6667624703125 0.3520284359375 0.6515128890625 0.301215275 0.64010334375 0.28925931718750003 0.6273796625 0.30615871875 0.62919733125 0.3182296890625 0.6394974359375001 0.353235571875 0.6425269218749999 0.38220594218750004 0.643132775 0.426868578125 0.6394974359375001 0.482395103125
5 0.6794861515624999 0.5053300171874999 0.6928157421875001 0.5137796890625 0.7164454921875001 0.51015839375 0.73098684375 0.49688028749999996 0.7303808796875 0.47394543125000005 0.7231102046875 0.43169695468749997 0.7170513453125 0.38099880625 0.7087895718749999 0.31026241875 0.6994805093750001 0.278395428125 0.6770626296875 0.285638021875 0.6728213843749999 0.309780015625 0.6770626296875 0.3520284359375 0.6770626296875 0.413590471875 0.6758508140624999 0.46187446093749995 0.6794861515624999 0.5053300171874999
5 0.73643985 0.4860164 0.7546165390625 0.482395103125 0.7800639031250001 0.45704602968749997 0.7776402703125 0.43048987343749995 0.7679460734375 0.4003124234375 0.7606753984375 0.3568568671875 0.7524289484375 0.2849304140625 0.733410365625 0.2687386203125 0.7194748671875 0.278395428125 0.7170513453125 0.3134013109375 0.7170513453125 0.3508213546875 0.7218984984375 0.4123833921875 0.7279573578125 0.45704602968749997 0.73643985 0.4860164
5 0.7764285656250001 0.42807565781249995 0.7897581 0.44256084375000004 0.8109642734375001 0.4244543625 0.8158113171875 0.390655615625 0.810358309375 0.3303006578125 0.792181621875 0.312194175 0.777885253125 0.2650266953125 0.7721872640624999 0.236146953125 0.7527988703124999 0.242182465625 0.7473458640625 0.269945728125 0.7527988703124999 0.297708990625 0.7600695453124999 0.3580639484375 0.7673402203124999 0.40151950468750003 0.7764285656250001 0.42807565781249995
11 0.45045987343749994 0.5680991343749999 0.472877809375 0.5801701031250001 0.49711341249999996 0.5693062140625 0.501354603125 0.528264875 0.4983251734375 0.47877380625 0.4959015953125 0.420833065625 0.490592684375 0.33197556562499997 0.4825720609375 0.3109870953125 0.46803070937499996 0.31943676875000004 0.4656071328125 0.339957465625 0.45712469687499996 0.4160046890625 0.45348935937499996 0.4667028375 0.4474304453125 0.5161939046875 0.45045987343749994 0.5680991343749999
11 0.45227754375 0.530679090625 0.45773054999999996 0.47273835000000003 0.46318355625 0.3725491328125 0.46803070937499996 0.32547228125 0.46136588749999996 0.3001232078125 0.44695330625 0.31026241875 0.43652443124999996 0.3435787625 0.4262243265625 0.40151950468750003 0.419559503125 0.44980343593749994 0.4110770671875 0.500501584375 0.40925939843750003 0.530679090625 0.4298596640625 0.5548210296875 0.44318919843750004 0.55240686875 0.45227754375 0.530679090625
9 0.383812034375 0.543957140625 0.3989592921875 0.543957140625 0.41653007343750004 0.528264875 0.42198308124999995 0.4956732078125 0.417741834375 0.45583894843749995 0.4183477421875 0.4003124234375 0.4183477421875 0.3303006578125 0.41331461875000003 0.2939775578125 0.3953239546875 0.2771883484375 0.3844179421875 0.2928806140625 0.38684146406250003 0.31702260781249997 0.38078260468749997 0.41479760781249997 0.3710883515625 0.47032413437500004 0.3729060203125 0.51015839375 0.383812034375 0.543957140625
15 0.3844179421875 0.5391287640625 0.396535715625 0.5210222828125 0.4007769625 0.4836022390625 0.39411213906250003 0.4256614984375 0.38865913281250003 0.371342053125 0.38502379531250003 0.303744503125 0.368664775 0.2965019109375 0.3596745515625 0.31569070625 0.357152909375 0.3882413984375 0.3498822328125 0.45583894843749995 0.3426115578125 0.4860164 0.34382331875 0.5149867703125001 0.3480645640625 0.5391287640625 0.357152909375 0.5475784359375 0.369876590625 0.549992653125 0.3844179421875 0.5391287640625
15 0.3395820734375 0.5343003875 0.3498822328125 0.5186080671875 0.35412342343750003 0.49084483125 0.35412342343750003 0.4667028375 0.357152909375 0.408762096875 0.36018233906249997 0.36168524375 0.35957643125 0.32547228125 0.3469464 0.312071846875 0.3298878765625 0.3158154734375 0.3226172 0.3725491328125 0.319587715625 0.43048987343749995 0.30989351875 0.4799809421875 0.3074699421875 0.506537096875 0.31049937031249997 0.525850659375 0.3226172 0.5343003875 0.3395820734375 0.5343003875
13 0.3189818625 0.4836022390625 0.323223053125 0.4256614984375 0.3262525375 0.34961427500000003 0.325040721875 0.3134013109375 0.3111052796875 0.2965019109375 0.292928590625 0.2928806140625 0.279669025 0.312071846875 0.2747519015625 0.37375621406250004 0.268087134375 0.4160046890625 0.2602105515625 0.46428862187500003 0.26869298750000004 0.49688028749999996 0.28505200625 0.51015839375 0.30141102656249996 0.5137796890625 0.31352885625 0.5053300171874999 0.3189818625 0.4836022390625
13 0.2692988953125 0.44738927500000003 0.2747519015625 0.371342053125 0.27596366250000004 0.3025374234375 0.2632399796875 0.2723599171875 0.24566919999999998 0.2723599171875 0.238757109375 0.2795021265625 0.234157278125 0.3290935765625 0.22567484218749997 0.37979172499999997 0.2123452515625 0.40634788125 0.21113349218750002 0.44014668281249997 0.223251265625 0.45946024531249996 0.2414279546875 0.47032413437500004 0.2583928828125 0.4751525109375 0.2692988953125 0.44738927500000003
13 0.22203950468749997 0.41117631250000003 0.228704271875 0.389448534375 0.234157278125 0.339957465625 0.237792615625 0.309780015625 0.2444574109375 0.26391024375 0.2426397421875 0.23856116875 0.22567484218749997 0.23252565781249998 0.2123916515625 0.2523606921875 0.2014392390625 0.2868451015625 0.18750379687500002 0.31943676875000004 0.17720366406250002 0.3520284359375 0.175991875 0.389448534375 0.18508021875 0.4184189046875 0.19235089375 0.42807565781249995 0.20749815312500003 0.4220402015625 0.22203950468749997 0.41117631250000003