5 0.6923811734374999 0.48777912343749996 0.6906914734375 0.4417047 0.6946341234375 0.3832687671875 0.7042090703125 0.34506069687499996 0.6878753234375 0.3237091359375 0.670978328125 0.3169665328125 0.6621592921875 0.33927120781250003 0.6495754828125 0.38664006875 0.638310784375 0.43945714843749994 0.6309887859375001 0.47092261406249997 0.6326784859375 0.5136257875 0.65633428125 0.5361011515625 0.6799900765625 0.5271109968750001 0.6906914734375 0.5136257875 0.6923811734374999 0.48777912343749996
7 0.59494184375 0.541719953125 0.609022690625 0.54846255625 0.6236667375 0.5316060484375 0.6236667375 0.5035118828125 0.6208505875 0.45743740781250003 0.6208505875 0.4203530875 0.628353428125 0.35780088125 0.6174711890625 0.3282041875 0.5994476921875 0.3293279390625 0.59156244375 0.3709073609375 0.58818304375 0.4113629828125 0.58818304375 0.458561209375 0.5836771953125 0.5136257875 0.59494184375 0.541719953125
7 0.59550509375 0.5518338578125 0.5988844921875 0.5316060484375 0.5960682921875 0.483284071875 0.59325214375 0.43833339843749997 0.5983212421874999 0.36079345625000003 0.58818304375 0.3360705421875 0.5793349250000001 0.33927120781250003 0.572412496875 0.3765261640625 0.5662169484375 0.4068678796875 0.56114785 0.45069480312500004 0.5572052000000001 0.484407821875 0.5526993515624999 0.5203683921875 0.5667801984375 0.5439675046875 0.5842403953125 0.5507101078125001 0.59550509375 0.5518338578125
3 0.5341126546875 0.4653038125 0.5318597046875 0.3990015265625 0.5239744578125001 0.3709073609375 0.5100329015625 0.3796995890625 0.5042613125 0.436085846875 0.5008819124999999 0.4900266765625 0.49806571093749996 0.5259872453125001 0.5059510109375001 0.5450912546875 0.5200318078125 0.54621505625 0.53242295625 0.5394724531249999 0.5391817546875 0.5125020375 0.5341126546875 0.4653038125
13 0.42315572812499996 0.4439522 0.41864982812499996 0.3978777765625 0.41189102968749997 0.34730824843749997 0.40062638125000005 0.321461584375 0.3859823359375 0.3169665328125 0.3702117875 0.322585334375 0.35669419062499996 0.3360705421875 0.3504986421875 0.3709073609375 0.3612000390625 0.4203530875 0.3612000390625 0.459684959375 0.3628897390625 0.5091307359374999 0.37302793749999996 0.53497735 0.39612053281250004 0.53497735 0.41864982812499996 0.52373969375 0.42315572812499996 0.492274228125 0.42315572812499996 0.4439522
15 0.3989366828125 0.3349467921875 0.40175283124999994 0.3574221546875 0.40456903125 0.38664006875 0.40456903125 0.4192293375 0.40344253124999996 0.44282845000000004 0.40175283124999994 0.458561209375 0.40175283124999994 0.48553162343749995 0.40738518125 0.506883184375 0.422592478125 0.5214921421875001 0.43779977499999995 0.5271109968750001 0.451317371875 0.508006934375 0.4569497203125 0.482160321875 0.44962767187499997 0.4405808984375 0.447374721875 0.39450647499999997 0.4398857328125 0.3594853984375 0.438363025 0.34730824843749997 0.43779977499999995 0.3349467921875 0.432167425 0.31471897968749996 0.4254086265625 0.304605075 0.41132782968750004 0.304605075 0.40400578125 0.312471428125 0.3989366828125 0.3349467921875
8 0.4614555703125 0.5945370328124999 0.45526002187500003 0.555205159375 0.43723652343749997 0.5518338578125 0.42766157656250003 0.57093791875 0.42935127656249994 0.6091459890625 0.42653512656250003 0.66308681875 0.4263633859375 0.71997179375 0.4259718765625 0.7541119671875001 0.436673325 0.769844778125 0.44793797187499995 0.7720922796874999 0.45526002187500003 0.748493165625 0.4614555703125 0.7181514484375 0.46314526875000006 0.6687057234375 0.4620188203125 0.6237549984374999 0.4614555703125 0.5945370328124999
10 0.480042265625 0.651849215625 0.47778931562500004 0.6091459890625 0.47778931562500004 0.5776805234375 0.46821436875 0.5675666171875 0.451880621875 0.5664428671875 0.4524438203125 0.612517290625 0.45763381093750005 0.6980730875 0.4575129203125 0.7338841578124999 0.4575129203125 0.7462456656249999 0.46427171874999995 0.7541119671875001 0.4744099171875 0.7574832703125 0.48116871562499997 0.750740665625 0.48116871562499997 0.7316366578125 0.48116871562499997 0.6956761390625 0.480042265625 0.651849215625
10 0.5008819124999999 0.579928075 0.49130691249999997 0.56981416875 0.47778931562500004 0.5675666171875 0.47103051718750005 0.574309221875 0.4779173296875 0.674489865625 0.47947901562500006 0.72039895 0.48285841406249996 0.7496169671875 0.4963760125 0.7395030625000001 0.49693926250000003 0.7215227515625 0.49693926250000003 0.6754483265625 0.49693926250000003 0.645106559375 0.5008819124999999 0.6046509375 0.5008819124999999 0.579928075
2 0.5205950578125 0.5877944281249999 0.513273009375 0.5788042734375 0.5053877609375 0.579928075 0.49806571093749996 0.586670678125 0.49243341406249996 0.5945370328124999 0.4990459953125 0.6711208328125 0.5020083625 0.7406267609375 0.5076407109375001 0.767597175 0.5217215078125 0.760854571875 0.5205950578125 0.7170276484375 0.5166524078125 0.68219093125 0.5166524078125 0.6361164046875001 0.519468609375 0.6012796359375 0.5205950578125 0.5877944281249999
2 0.540308203125 0.597908334375 0.5374920546874999 0.5776805234375 0.5251009062499999 0.575432971875 0.514399509375 0.5788042734375 0.511583309375 0.599032084375 0.513836259375 0.6282500515625 0.5184843671875 0.7166027609375 0.5183421078125 0.7496169671875 0.5251009062499999 0.768720978125 0.5369288046875 0.756359571875 0.5374920546874999 0.7237702515625 0.5374920546874999 0.6923048374999999 0.5374920546874999 0.6664581218750001 0.5374920546874999 0.630497603125 0.540308203125 0.597908334375
0 0.5645272484375 0.5720616703125 0.5515729015625 0.5608240140625 0.5386185046875 0.57093791875 0.5335494046875 0.5832993765625 0.5335494046875 0.6147648421875 0.5335494046875 0.6698294234375 0.5358023546874999 0.7170276484375 0.545529059375 0.7486085625000001 0.5504464015625 0.7788348828125 0.5617111 0.7844536843750001 0.5701595984375001 0.7720922796874999 0.5701595984375001 0.7451218640625 0.5684698984375001 0.699047440625 0.5684698984375001 0.6540967140625 0.5656536984375 0.6147648421875 0.5645272484375 0.5720616703125
6 0.58987274375 0.56869036875 0.576355146875 0.5675666171875 0.5662169484375 0.5608240140625 0.5588949000000001 0.5641953156249999 0.5538258015624999 0.5821755750000001 0.5510096515625 0.597908334375 0.5510096515625 0.6091459890625 0.55776845 0.6293738 0.56114785 0.6496016109375 0.5667801984375 0.6923048374999999 0.5742640437500001 0.723340825 0.5814242453125 0.760854571875 0.5926888921875 0.769844778125 0.606769740625 0.7574832703125 0.6005741921875 0.724894053125 0.5977579921875 0.6923048374999999 0.59325214375 0.6597155171875 0.59325214375 0.61588859375 0.58987274375 0.56869036875
14 0.432167425 0.6203836968750001 0.43723652343749997 0.6001558859375 0.44286887343750003 0.5832993765625 0.4411791734375 0.5664428671875 0.42935127656249994 0.5507101078125001 0.41864982812499996 0.5507101078125001 0.40851162968750004 0.5608240140625 0.40400578125 0.56981416875 0.40175283124999994 0.6192598953124999 0.40006313125000004 0.6765720265625 0.3984735484375 0.7115492140625 0.3916146328125 0.7473693640625 0.40062638125000005 0.7720922796874999 0.41189102968749997 0.7653496750000001 0.420339528125 0.7383792609375 0.4259718765625 0.714780146875 0.430477725 0.688933534375 0.43160422656249997 0.6417352578125 0.432167425 0.6203836968750001
14 0.4090748796875 0.6035271875 0.41696012812500005 0.5788042734375 0.41189102968749997 0.5518338578125 0.40287933125000003 0.5394724531249999 0.39274113437499997 0.5372249015625 0.3769705875 0.5372249015625 0.37302793749999996 0.555205159375 0.3713382375 0.5821755750000001 0.3697385625 0.6290079359375 0.3634529890625 0.679943328125 0.3612000390625 0.70579004375 0.37302793749999996 0.7192752515625 0.383166134375 0.7024187421875 0.38992493437500003 0.6788196296875 0.39612053281250004 0.6484778609374999 0.40118963281250003 0.6248787484375 0.4090748796875 0.6035271875