13 0.305583853125 0.3451171875 0.2945706375 0.4134765625 0.3447419546875 0.4232421875 0.3484130265625 0.37685546875 0.34107088281250003 0.2962890625 0.3471893359375 0.22060546875 0.30191278125 0.242578125 0.305583853125 0.3451171875
15 0.3533077890625 0.20107421875 0.3447419546875 0.3353515625 0.3533077890625 0.37685546875 0.3471893359375 0.4232421875 0.37411052968749997 0.428125 0.3777816015625 0.38662109375 0.3704394578125 0.30361328125 0.37411052968749997 0.20595703125 0.3533077890625 0.20107421875
15 0.40592648750000004 0.4037109375 0.3973606515625 0.3451171875 0.3985843421875 0.19375 0.3802289828125 0.203515625 0.3777816015625 0.301171875 0.37533422031249997 0.340234375 0.3802289828125 0.37685546875 0.3839000546875 0.398828125 0.37166314843750003 0.4232421875 0.38757112656250003 0.4427734375 0.3961369609375 0.43544921875 0.40592648750000004 0.4037109375
9 0.436518753125 0.38662109375 0.43284768125 0.32802734375 0.42305815625000004 0.20107421875 0.40347910625 0.203515625 0.4010317234375 0.27919921875 0.4010317234375 0.33779296875 0.40592648750000004 0.37197265625 0.41204494062499997 0.41103515625 0.3998080328125 0.428125 0.41449232187499996 0.45986328125 0.431623990625 0.457421875 0.436518753125 0.38662109375
11 0.436518753125 0.34755859375 0.43896613437500004 0.37685546875 0.434071371875 0.4525390625 0.463439946875 0.44521484375 0.46221625624999996 0.30849609375 0.46221625624999996 0.19619140625 0.436518753125 0.19375 0.436518753125 0.34755859375
11 0.463439946875 0.3255859375 0.46711101875 0.379296875 0.463439946875 0.45498046875 0.49647959531249997 0.4671875 0.5038217390625 0.398828125 0.4928085234375 0.2083984375 0.4646636375 0.21328125 0.463439946875 0.3255859375
13 0.22482027031250001 0.24013671875 0.22114919843749997 0.3109375 0.20891229218750001 0.37197265625 0.2456230109375 0.40859375 0.25174146406250003 0.33779296875 0.25418884531249997 0.2767578125 0.256636228125 0.20595703125 0.2346097953125 0.21083984375 0.22482027031250001 0.24013671875
13 0.24439932031249997 0.4037109375 0.29212325625 0.4134765625 0.30191278125 0.33046875 0.29701801875 0.2279296875 0.259083609375 0.22548828125 0.259083609375 0.32314453125 0.24439932031249997 0.4037109375
3 0.5050454296875 0.39150390625 0.5013743578125001 0.4525390625 0.5319666234375 0.4525390625 0.5417561484375 0.437890625 0.5331903140625001 0.34267578125 0.5246244796874999 0.19619140625 0.5013743578125001 0.21328125 0.5050454296875 0.39150390625
3 0.5393087671875 0.3744140625 0.5454272203125 0.45009765625 0.5662299625 0.4427734375 0.565006271875 0.36953125 0.565006271875 0.2767578125 0.5539930562500001 0.18642578125 0.5307429328125 0.20107421875 0.5393087671875 0.3744140625
1 0.5992696093750001 0.19375 0.5613352 0.1986328125 0.5723484156249999 0.30361328125 0.5674536531250001 0.3939453125 0.56867734375 0.44033203125 0.584585321875 0.4525390625 0.60294068125 0.428125 0.5882563937499999 0.379296875 0.596822228125 0.3451171875 0.5992696093750001 0.19375
7 0.6347566390625 0.19375 0.6066117531249999 0.20595703125 0.5992696093750001 0.3548828125 0.591927465625 0.38662109375 0.6041643718749999 0.4232421875 0.6261908046875 0.41591796875 0.6310855671875 0.32314453125 0.6310855671875 0.2669921875 0.6372040203125 0.24501953125 0.6347566390625 0.19375
5 0.6274144953125 0.42080078125 0.6812568828125001 0.42080078125 0.6775858109375 0.340234375 0.6812568828125001 0.20107421875 0.6445461640625 0.2083984375 0.6347566390625 0.3451171875 0.6274144953125 0.42080078125
5 0.727757128125 0.21083984375 0.713072840625 0.19130859375 0.6861516453125 0.2083984375 0.6812568828125001 0.3255859375 0.6812568828125001 0.428125 0.730204509375 0.418359375 0.72408605625 0.32802734375 0.727757128125 0.21083984375
5 0.7326518906249999 0.40126953125 0.7730336828125 0.35732421875 0.757125703125 0.320703125 0.759573084375 0.19375 0.73387558125 0.203515625 0.7265334375 0.340234375 0.7326518906249999 0.40126953125
14 0.3606499328125 0.4525390625 0.3545314796875 0.50869140625 0.3471893359375 0.5404296875 0.3447419546875 0.67470703125 0.35942624218749997 0.67470703125 0.37533422031249997 0.57216796875 0.3839000546875 0.5013671875 0.38879481718750003 0.457421875 0.3606499328125 0.4525390625
14 0.39001850781249997 0.457421875 0.3863474359375 0.52822265625 0.3765579109375 0.59658203125 0.3679920765625 0.6966796875 0.3826763640625 0.7015625 0.3998080328125 0.60390625 0.40347910625 0.5453125 0.420610775 0.47451171875 0.39001850781249997 0.457421875
8 0.42550553750000003 0.6869140625 0.448755659375 0.457421875 0.41816339375 0.47451171875 0.3851237453125 0.7357421875 0.40592648750000004 0.73818359375 0.42550553750000003 0.6869140625
10 0.420610775 0.7064453125 0.44386089687499997 0.6771484375 0.45732149375000003 0.5501953125 0.47200578125000003 0.46474609375 0.448755659375 0.4623046875 0.4352950625 0.56728515625 0.420610775 0.7064453125
10 0.4854663796875 0.47451171875 0.47322947187500003 0.47939453125 0.46221625624999996 0.535546875 0.46221625624999996 0.59658203125 0.45854518437499997 0.6966796875 0.48057161718749997 0.7162109375 0.4866900703125 0.5453125 0.4854663796875 0.47451171875
2 0.48913745156250005 0.60634765625 0.48057161718749997 0.72353515625 0.4989269765625 0.711328125 0.5050454296875 0.5501953125 0.5038217390625 0.5306640625 0.5111638828125 0.48427734375 0.48913745156250005 0.47939453125 0.48913745156250005 0.60634765625
2 0.5307429328125 0.4818359375 0.5197297171875 0.476953125 0.5087165015624999 0.516015625 0.5099401921875 0.6283203125 0.5013743578125001 0.7064453125 0.5087165015624999 0.7357421875 0.5270718609375 0.71865234375 0.5319666234375 0.594140625 0.5282955515625 0.52822265625 0.5307429328125 0.4818359375
0 0.5613352 0.54287109375 0.560111509375 0.476953125 0.5356376953125 0.4623046875 0.5319666234375 0.50625 0.5356376953125 0.5697265625 0.5356376953125 0.6234375 0.5282955515625 0.7357421875 0.5442035296875 0.73818359375 0.5588878187499999 0.70400390625 0.5613352 0.54287109375
6 0.565006271875 0.4623046875 0.5662299625 0.574609375 0.565006271875 0.7015625 0.5833616312500001 0.7064453125 0.5955985375 0.68203125 0.59315115625 0.5990234375 0.5955985375 0.52822265625 0.59315115625 0.4525390625 0.565006271875 0.4623046875
6 0.596822228125 0.60146484375 0.6053880625 0.691796875 0.6274144953125 0.68203125 0.621296040625 0.555078125 0.6261908046875 0.496484375 0.621296040625 0.44521484375 0.5992696093750001 0.457421875 0.596822228125 0.60146484375
4 0.6274144953125 0.44521484375 0.6286381859375 0.53310546875 0.6286381859375 0.5990234375 0.6641252140625 0.6966796875 0.6959411703125 0.64296875 0.6873753359375 0.5453125 0.6800331921875 0.50380859375 0.6812568828125001 0.44033203125 0.6274144953125 0.44521484375
4 0.6849279546875 0.437890625 0.6837042640625 0.496484375 0.698388553125 0.5208984375 0.708178078125 0.58193359375 0.75834939375 0.6087890625 0.7889416609375 0.56728515625 0.75100725 0.48427734375 0.73877034375 0.39150390625 0.6849279546875 0.437890625
12 0.35575517031250004 0.44033203125 0.30680754375 0.42568359375 0.303136471875 0.49892578125 0.278662659375 0.6185546875 0.308031234375 0.69912109375 0.33984719218750004 0.6185546875 0.3496367171875 0.5404296875 0.35575517031250004 0.44033203125
12 0.25174146406250003 0.5111328125 0.2321624140625 0.613671875 0.268873134375 0.62099609375 0.288452184375 0.56484375 0.29701801875 0.48427734375 0.3043601625 0.42568359375 0.25785991875000003 0.41591796875 0.25174146406250003 0.5111328125
12 0.1991227671875 0.40126953125 0.2003464578125 0.43544921875 0.2003464578125 0.5013671875 0.1954516953125 0.5501953125 0.20891229218750001 0.61611328125 0.2309387234375 0.6087890625 0.24439932031249997 0.5208984375 0.2480703921875 0.47451171875 0.25296515468749997 0.41591796875 0.1991227671875 0.40126953125