14 0.30955949843749997 0.49404296875 0.30343505 0.55263671875 0.30955949843749997 0.63564453125 0.30588482968749997 0.7455078125 0.3328324046875 0.750390625 0.34753108125 0.63076171875 0.3438564125 0.574609375 0.3438564125 0.48427734375 0.30955949843749997 0.49404296875
14 0.3438564125 0.4916015625 0.3450813015625 0.5990234375 0.3548804203125 0.71376953125 0.369579096875 0.76015625 0.392852003125 0.740625 0.38305288437499996 0.65517578125 0.38060310468749997 0.60146484375 0.38060310468749997 0.48916015625 0.3438564125 0.4916015625
8 0.423474246875 0.5794921875 0.41000045937499996 0.51357421875 0.41000045937499996 0.4720703125 0.38305288437499996 0.4916015625 0.38060310468749997 0.555078125 0.3855026640625 0.61123046875 0.3855026640625 0.66494140625 0.3977515625 0.73818359375 0.43082358593750003 0.74794921875 0.42837380625000004 0.6771484375 0.423474246875 0.60634765625 0.423474246875 0.5794921875
10 0.41367512812499996 0.48916015625 0.41734979843750003 0.54775390625 0.427148915625 0.58193359375 0.43204847500000004 0.7064453125 0.457771159375 0.68935546875 0.4565462703125 0.58681640625 0.44919693125000004 0.54775390625 0.4565462703125 0.476953125 0.41367512812499996 0.48916015625
10 0.4920680734375 0.476953125 0.4565462703125 0.4916015625 0.4528716015625 0.5501953125 0.4602209390625 0.59658203125 0.4602209390625 0.66494140625 0.479819175 0.68203125 0.485943625 0.64296875 0.485943625 0.5892578125 0.4932929625 0.5501953125 0.4920680734375 0.476953125
2 0.5263649859374999 0.476953125 0.4932929625 0.48427734375 0.49451785312499996 0.5404296875 0.507991640625 0.58681640625 0.5128911984375 0.66982421875 0.534939215625 0.7064453125 0.5459632234375 0.66494140625 0.542288553125 0.60390625 0.5300396562499999 0.555078125 0.5263649859374999 0.476953125
2 0.5680112390625001 0.48427734375 0.5324894359375001 0.48427734375 0.5324894359375001 0.55263671875 0.54351344375 0.60146484375 0.5484130015625001 0.633203125 0.5520876718750001 0.7064453125 0.57781035625 0.68935546875 0.5704610171875 0.62587890625 0.5631116796875 0.574609375 0.5680112390625001 0.48427734375
12 0.298535490625 0.5111328125 0.2483150109375 0.476953125 0.2311665546875 0.5453125 0.2262669953125 0.5697265625 0.21401809843750003 0.5697265625 0.1821709640625 0.64296875 0.228716775 0.70400390625 0.277712365625 0.594140625 0.29976038125 0.5453125 0.298535490625 0.5111328125
12 0.174821625 0.50380859375 0.13685004218750002 0.56728515625 0.1784962953125 0.64052734375 0.21156831875 0.56240234375 0.2299416640625 0.5306640625 0.2495399015625 0.47451171875 0.183395853125 0.43056640625 0.174821625 0.50380859375
6 0.623131278125 0.5794921875 0.6219063874999999 0.73818359375 0.6476290734375 0.73330078125 0.6500788515625 0.69423828125 0.6500788515625 0.60634765625 0.653753521875 0.4818359375 0.6157819390625 0.50625 0.623131278125 0.5794921875
6 0.657428190625 0.48671875 0.653753521875 0.53798828125 0.653753521875 0.574609375 0.6721268671875 0.75283203125 0.701524221875 0.72841796875 0.6990744421875 0.6478515625 0.6868255453125001 0.55751953125 0.6856006546875 0.45498046875 0.657428190625 0.48671875
4 0.7260220171875 0.44033203125 0.70642378125 0.45009765625 0.689275325 0.50625 0.6905002140625001 0.5404296875 0.7272469078125 0.61123046875 0.7566442609374999 0.68203125 0.7701180484375 0.63076171875 0.7688931593749999 0.57216796875 0.74684514375 0.5111328125 0.7345962453125 0.50380859375 0.7260220171875 0.44033203125
4 0.7860416156250001 0.46962890625 0.7750176078125001 0.40126953125 0.7333713562499999 0.437890625 0.7345962453125 0.476953125 0.75419448125 0.516015625 0.7701180484375 0.56728515625 0.7799171671875 0.60146484375 0.8105394109375 0.535546875 0.7860416156250001 0.46962890625
13 0.267913246875 0.19375 0.2434154515625 0.1888671875 0.2348412234375 0.23525390625 0.22136743593750002 0.320703125 0.196869640625 0.39150390625 0.1993194203125 0.43544921875 0.2495399015625 0.4623046875 0.25198967968749997 0.398828125 0.25811412968749997 0.359765625 0.26546346718749997 0.27919921875 0.267913246875 0.19375
13 0.2936359328125 0.4916015625 0.3156839484375 0.4525390625 0.30588482968749997 0.37685546875 0.312009278125 0.33779296875 0.30588482968749997 0.242578125 0.30221016093749997 0.20595703125 0.27281280625000004 0.19130859375 0.2715879171875 0.2376953125 0.26423857812499996 0.32314453125 0.2568892390625 0.379296875 0.250764790625 0.457421875 0.2936359328125 0.4916015625
5 0.7505198125 0.22548828125 0.745620253125 0.1693359375 0.7174477890625 0.1693359375 0.7076486703125 0.20107421875 0.6953997734375 0.271875 0.6917251046875 0.3255859375 0.6868255453125001 0.41103515625 0.7002993328125 0.45498046875 0.7578691515625 0.42080078125 0.7431704734375 0.3451171875 0.7431704734375 0.320703125 0.7505198125 0.22548828125
13 0.21401809843750003 0.09853515625 0.183395853125 0.12783203125 0.1674722875 0.14736328125 0.135625153125 0.223046875 0.1870705234375 0.2767578125 0.1993194203125 0.34755859375 0.21401809843750003 0.33291015625 0.223817215625 0.29384765625 0.2299416640625 0.23525390625 0.2483150109375 0.14736328125 0.21401809843750003 0.09853515625