13 0.2666883578125 0.3255859375 0.250764790625 0.24990234375 0.21156831875 0.281640625 0.2152429875 0.35244140625 0.227491884375 0.3939453125 0.21769276718750002 0.4671875 0.23239144375 0.48916015625 0.2801621453125 0.45009765625 0.2801621453125 0.41591796875 0.267913246875 0.379296875 0.2666883578125 0.3255859375
15 0.348755971875 0.4232421875 0.34018174375 0.38662109375 0.338956853125 0.2962890625 0.338956853125 0.22548828125 0.312009278125 0.2279296875 0.312009278125 0.25478515625 0.30955949843749997 0.30361328125 0.308334609375 0.36708984375 0.2875114828125 0.398828125 0.2801621453125 0.45498046875 0.291186153125 0.48427734375 0.3156839484375 0.476953125 0.3414066328125 0.4818359375 0.348755971875 0.4232421875
9 0.41734979843750003 0.4427734375 0.41245023906249995 0.40615234375 0.41367512812499996 0.3255859375 0.40877557031249995 0.28408203125 0.40265112031249994 0.24013671875 0.37447865625 0.262109375 0.38060310468749997 0.3744140625 0.37937821562499996 0.42568359375 0.38305288437499996 0.437890625 0.3732537671875 0.47451171875 0.38672755312499996 0.51357421875 0.41245023906249995 0.516015625 0.41734979843750003 0.49404296875 0.41734979843750003 0.4427734375
11 0.4528716015625 0.4330078125 0.454096490625 0.30849609375 0.444297371875 0.23525390625 0.41245023906249995 0.2474609375 0.4246991359375 0.320703125 0.41490001875000004 0.41103515625 0.41857468750000004 0.437890625 0.41857468750000004 0.4720703125 0.41490001875000004 0.51845703125 0.450421821875 0.51845703125 0.454096490625 0.4720703125 0.4528716015625 0.4330078125
11 0.5361641046875001 0.25478515625 0.4932929625 0.2328125 0.4528716015625 0.23037109375 0.45899605 0.31337890625 0.4565462703125 0.39638671875 0.457771159375 0.44765625 0.4528716015625 0.5306640625 0.4994174125 0.5306640625 0.4957427421875 0.457421875 0.5067667499999999 0.35 0.5361641046875001 0.25478515625
3 0.53738899375 0.44765625 0.5447383328125001 0.38173828125 0.55698723125 0.28896484375 0.534939215625 0.27919921875 0.5128911984375 0.3451171875 0.501867190625 0.4427734375 0.5055418609375 0.52822265625 0.5128911984375 0.5404296875 0.5337143249999999 0.5306640625 0.53738899375 0.44765625
3 0.5741356875 0.4525390625 0.57781035625 0.42080078125 0.5802601359375 0.38173828125 0.581485025 0.29873046875 0.5618867890625 0.27919921875 0.5447383328125001 0.41103515625 0.542288553125 0.45009765625 0.5361641046875001 0.52578125 0.5545374515625 0.53798828125 0.57781035625 0.51845703125 0.5741356875 0.4525390625
1 0.623131278125 0.3646484375 0.623131278125 0.29140625 0.626805946875 0.25234375 0.599858371875 0.25478515625 0.5888343640625 0.34267578125 0.5888343640625 0.39638671875 0.57781035625 0.4525390625 0.581485025 0.52333984375 0.6145570499999999 0.516015625 0.6194566078125 0.45498046875 0.6157819390625 0.43544921875 0.623131278125 0.3646484375
7 0.6513037421875 0.41103515625 0.6513037421875 0.36708984375 0.6549784109375001 0.29873046875 0.657428190625 0.25966796875 0.6329303953125 0.26455078125 0.6255810578125 0.31826171875 0.626805946875 0.3890625 0.6194566078125 0.44033203125 0.6194566078125 0.516015625 0.6292557265625 0.5453125 0.6476290734375 0.51357421875 0.6476290734375 0.45498046875 0.6513037421875 0.41103515625
7 0.6684521984375 0.54775390625 0.6831508765625001 0.53310546875 0.6782513171875 0.42080078125 0.6831508765625001 0.36220703125 0.6770264265625 0.281640625 0.6598779703125001 0.2669921875 0.6598779703125001 0.28896484375 0.657428190625 0.3646484375 0.653753521875 0.44033203125 0.6488539624999999 0.52333984375 0.6549784109375001 0.54775390625 0.6684521984375 0.54775390625
5 0.7713429390625001 0.47939453125 0.7725678281249999 0.43544921875 0.7615438203125 0.42080078125 0.7701180484375 0.36220703125 0.7676682687499999 0.320703125 0.7676682687499999 0.29873046875 0.7211224578125 0.27919921875 0.7174477890625 0.4037109375 0.7223473484375 0.43544921875 0.71009845 0.49404296875 0.7174477890625 0.52333984375 0.7333713562499999 0.52333984375 0.7431704734375 0.51357421875 0.7578691515625 0.5306640625 0.7713429390625001 0.47939453125
12 0.3536555296875 0.53310546875 0.342631521875 0.5013671875 0.3107843890625 0.5013671875 0.277712365625 0.49892578125 0.2801621453125 0.52822265625 0.2801621453125 0.58681640625 0.281387034375 0.594140625 0.254439459375 0.70888671875 0.31935861718749997 0.72353515625 0.3316075140625 0.65029296875 0.3316075140625 0.6087890625 0.3365070734375 0.5794921875 0.3536555296875 0.53310546875
14 0.3646795375 0.68447265625 0.3720288765625 0.62099609375 0.38795244375000004 0.56728515625 0.378153325 0.53798828125 0.3499808609375 0.52578125 0.338956853125 0.57216796875 0.3377319640625 0.6087890625 0.3316075140625 0.68203125 0.3279328453125 0.740625 0.3512057515625 0.74306640625 0.3646795375 0.68447265625
14 0.41734979843750003 0.59169921875 0.42837380625000004 0.55263671875 0.39162711250000004 0.53798828125 0.38305288437499996 0.59169921875 0.38060310468749997 0.7162109375 0.3708039875 0.7748046875 0.3940768921875 0.77236328125 0.4038760109375 0.740625 0.41367512812499996 0.66005859375 0.41245023906249995 0.61611328125 0.41734979843750003 0.59169921875
10 0.44919693125000004 0.7162109375 0.454096490625 0.6478515625 0.454096490625 0.6234375 0.454096490625 0.5404296875 0.42592402656250006 0.5404296875 0.41857468750000004 0.58681640625 0.41612490781249994 0.6380859375 0.41612490781249994 0.740625 0.41612490781249994 0.80166015625 0.4430724828125 0.78701171875 0.44919693125000004 0.7162109375
10 0.4822689546875 0.672265625 0.4871685140625 0.6087890625 0.484718734375 0.555078125 0.46267071875 0.54775390625 0.4565462703125 0.60146484375 0.45899605 0.6576171875 0.457771159375 0.7015625 0.45164671093750003 0.750390625 0.45164671093750003 0.79189453125 0.477369396875 0.80166015625 0.4822689546875 0.672265625
2 0.5104414203125 0.58681640625 0.51656586875 0.5501953125 0.4871685140625 0.5404296875 0.4883934046875 0.58681640625 0.4920680734375 0.6283203125 0.4822689546875 0.7455078125 0.5092165296875 0.7845703125 0.511666309375 0.63564453125 0.5104414203125 0.58681640625
2 0.5300396562499999 0.60634765625 0.534939215625 0.55263671875 0.51656586875 0.54775390625 0.515340978125 0.584375 0.515340978125 0.66982421875 0.515340978125 0.76748046875 0.534939215625 0.79921875 0.5312645453125 0.6625 0.5300396562499999 0.60634765625
0 0.53738899375 0.5794921875 0.534939215625 0.6185546875 0.5337143249999999 0.73818359375 0.5557623406250001 0.74306640625 0.5582121203125 0.5892578125 0.5410636640625001 0.5599609375 0.53738899375 0.5794921875
6 0.587609475 0.6185546875 0.565561459375 0.5697265625 0.5618867890625 0.6234375 0.5594370093750001 0.6625 0.56433656875 0.71376953125 0.569236128125 0.80654296875 0.6023081515625 0.8138671875 0.599858371875 0.68935546875 0.587609475 0.6185546875
6 0.635380175 0.82607421875 0.6280308359375 0.75283203125 0.6157819390625 0.652734375 0.6219063874999999 0.65029296875 0.6206814984375 0.584375 0.5900592546875 0.55751953125 0.57781035625 0.574609375 0.5839348046875 0.59169921875 0.5974085921875 0.6283203125 0.60475793125 0.691796875 0.6059828203125 0.808984375 0.609657490625 0.8431640625 0.635380175 0.82607421875
4 0.6782513171875 0.6234375 0.6733517578125 0.5794921875 0.6378299546874999 0.57216796875 0.6194566078125 0.584375 0.626805946875 0.6576171875 0.6488539624999999 0.68203125 0.6549784109375001 0.769921875 0.6598779703125001 0.8138671875 0.6831508765625001 0.8236328125 0.6782513171875 0.6234375
4 0.7260220171875 0.67958984375 0.7370460249999999 0.5794921875 0.6758015375 0.58681640625 0.6819259859375 0.6625 0.6990744421875 0.6771484375 0.70642378125 0.7357421875 0.714998009375 0.7845703125 0.7370460249999999 0.78212890625 0.7260220171875 0.67958984375