11 0.481860659375 0.41510416718750004 0.46144582968750003 0.42161458281249997 0.463079015625 0.4623046875 0.45981264375 0.5339192703125 0.45736286406250004 0.5713541671875 0.4565462703125 0.6022786453125 0.46552879531249997 0.6234375 0.4957427421875 0.6185546875 0.49819252187499996 0.5957682296875 0.4957427421875 0.5388020828125 0.481860659375 0.41510416718750004
11 0.436948034375 0.42975260468750004 0.4287821015625 0.5290364578125 0.42388254375 0.584375 0.44266418593749995 0.6104166671875 0.45572967656249996 0.6006510421875 0.45572967656249996 0.5436848953125 0.45001352499999997 0.5111328125 0.45001352499999997 0.41510416718750004 0.436948034375 0.42975260468750004
11 0.4075506796875 0.41673177031249997 0.38795244375000004 0.41184895781249997 0.3855026640625 0.5729817703125 0.4116336453125 0.6071614578125 0.4214327640625 0.584375 0.42551572968749996 0.5501953125 0.41898298437500003 0.5241536453125 0.4075506796875 0.41673177031249997
15 0.339773446875 0.43626302031249997 0.330790921875 0.5241536453125 0.330790921875 0.5388020828125 0.32670795625000004 0.5811197921875 0.3414066328125 0.5925130203125 0.3503891578125 0.5778645828125 0.3593716828125 0.5241536453125 0.3552887171875 0.418359375 0.339773446875 0.43626302031249997
15 0.36998739375 0.43138020781249997 0.3585550890625 0.5404296875 0.3528389375 0.574609375 0.3683542078125 0.60390625 0.3814196984375 0.5908854171875 0.38713585 0.584375 0.38305288437499996 0.5208984375 0.3863192578125 0.40859375 0.36998739375 0.43138020781249997
13 0.329974328125 0.5192708328125 0.338140259375 0.4232421875 0.29404422812500003 0.428125 0.29404422812500003 0.44602864531249997 0.2924110421875 0.48834635468750004 0.285878296875 0.5046223953125 0.28179533125 0.5436848953125 0.2842451109375 0.5697265625 0.29976038125 0.5697265625 0.31609224375 0.584375 0.3242581765625 0.5794921875 0.329974328125 0.5192708328125
13 0.278528959375 0.379296875 0.264646875 0.3776692703125 0.25811412968749997 0.43463541718750004 0.24668182500000002 0.4720703125 0.23443292656249998 0.5111328125 0.241782265625 0.5436848953125 0.26138050156250003 0.5680989578125 0.277712365625 0.5567057296875 0.285061703125 0.5078776046875 0.285878296875 0.44602864531249997 0.278528959375 0.379296875
3 0.5324894359375001 0.5013671875 0.534122621875 0.4232421875 0.5063584546875 0.43951822968750004 0.5006423015625 0.5339192703125 0.49819252187499996 0.555078125 0.5006423015625 0.6201822921875 0.5218737234375 0.6234375 0.53738899375 0.613671875 0.5398387734375001 0.594140625 0.5382055875 0.5518229171875 0.5324894359375001 0.5013671875
3 0.5618867890625 0.48509114531249997 0.55698723125 0.42161458281249997 0.53902218125 0.4134765625 0.541471959375 0.5453125 0.5406553671875 0.6022786453125 0.5471881125 0.6120442703125 0.5749522812500001 0.5908854171875 0.569236128125 0.535546875 0.5618867890625 0.48509114531249997
1 0.6100657859374999 0.49811197968750004 0.6018998546875001 0.3923177078125 0.5896509578125 0.40696614531249997 0.5725025015625 0.535546875 0.5757688734374999 0.5762369796875 0.5831182125 0.5990234375 0.5978168890625 0.6055338546875 0.6116989734375 0.5697265625 0.6100657859374999 0.49811197968750004
7 0.635380175 0.5176432296875 0.6329303953125 0.4671875 0.6247644640625001 0.41022135468750004 0.6076160078124999 0.40208333281249997 0.6149653453124999 0.5615885421875 0.6100657859374999 0.584375 0.6190483125 0.5827473953125 0.63619676875 0.5973958328125 0.6459958859375 0.5762369796875 0.635380175 0.5176432296875
7 0.6688604953125 0.5111328125 0.6647775296875 0.48346354218750004 0.6500788515625 0.41510416718750004 0.6370133609375 0.41510416718750004 0.6427295140625 0.5306640625 0.648445665625 0.5778645828125 0.6549784109375001 0.5794921875 0.6647775296875 0.584375 0.6770264265625 0.5729817703125 0.6688604953125 0.5111328125
5 0.72438883125 0.5485677078125 0.7219390515625 0.5143880203125 0.7105067468749999 0.4818359375 0.71540630625 0.3890625 0.684375765625 0.3972005203125 0.6745766468750001 0.45416666718750004 0.6737600546875 0.5127604171875 0.67947620625 0.5713541671875 0.689275325 0.5762369796875 0.7145897125 0.5632161453125 0.72438883125 0.5485677078125
5 0.7709346421875 0.5176432296875 0.773384421875 0.4916015625 0.7595023375000001 0.45416666718750004 0.756235965625 0.42161458281249997 0.75133640625 0.36953125 0.72438883125 0.3662760421875 0.718672678125 0.40208333281249997 0.7211224578125 0.44765625 0.7211224578125 0.48997395781249997 0.72438883125 0.5453125 0.7472534390625001 0.5583333328125 0.7709346421875 0.5176432296875
12 0.2752625859375 0.613671875 0.240965671875 0.5876302078125 0.23034996093750001 0.6169270828125 0.2262669953125 0.6771484375 0.214834690625 0.7780598953125 0.24668182500000002 0.7878255203125 0.26709665312499997 0.7194661453125 0.2695464328125 0.6966796875 0.2834285171875 0.6706380203125 0.28914466875 0.6250651046875 0.2752625859375 0.613671875
12 0.339773446875 0.6885416671875 0.347122784375 0.6348307296875 0.2989437875 0.6299479171875 0.2899612625 0.6462239578125 0.2834285171875 0.6771484375 0.285878296875 0.7015625 0.26138050156250003 0.8154947921875 0.30221016093749997 0.8464192703125001 0.3144590578125 0.8041015625 0.3324241078125 0.7129557296875 0.339773446875 0.6885416671875
8 0.4336816609375 0.6494791671875 0.4214327640625 0.6445963546875 0.4075506796875 0.6641276046875 0.4075506796875 0.7194661453125 0.4083672734375 0.8301432296875 0.42224935625000004 0.8301432296875 0.43531484843749996 0.7796875 0.441031 0.7064453125 0.44184759375000004 0.672265625 0.4336816609375 0.6494791671875
10 0.44919693125000004 0.7422526046875 0.45817945625 0.789453125 0.4736947265625 0.7650390625 0.4696117609375 0.7015625 0.471244946875 0.6445963546875 0.44184759375000004 0.64296875 0.44184759375000004 0.6592447921875 0.44919693125000004 0.7422526046875
10 0.49819252187499996 0.7015625 0.49819252187499996 0.6462239578125 0.47287813281249996 0.6462239578125 0.471244946875 0.6852864578125 0.4785942859375 0.7259765625 0.4794108796875 0.7536458328125 0.489209996875 0.7813151046875 0.49819252187499996 0.7731770828125 0.49819252187499996 0.7015625
14 0.40673408593750005 0.6771484375 0.3993847484375 0.6576171875 0.392035409375 0.6445963546875 0.3732537671875 0.6494791671875 0.3708039875 0.68203125 0.378153325 0.72109375 0.382236290625 0.8154947921875 0.401017934375 0.8268880203125001 0.40673408593750005 0.6771484375
14 0.3495725640625 0.6494791671875 0.3373236671875 0.7048177078125 0.3348738875 0.8252604171875 0.34630619218750003 0.8301432296875 0.36100486875 0.7585286453125 0.3675376140625 0.7048177078125 0.36917080156250004 0.6852864578125 0.36998739375 0.6478515625 0.3495725640625 0.6494791671875
2 0.525140096875 0.6511067703125 0.499009115625 0.6462239578125 0.5022754875000001 0.7031901046875 0.5022754875000001 0.7520182296875 0.5088082328125 0.7780598953125 0.5177907578125 0.7715494796875 0.525140096875 0.6934244796875 0.525140096875 0.6511067703125
2 0.525140096875 0.64296875 0.5284064703125 0.7080729171875 0.5357558078125 0.7910807296875 0.5455549265624999 0.79921875 0.5537208578125 0.7129557296875 0.55535404375 0.6543619796875 0.525140096875 0.64296875
0 0.5888343640625 0.7715494796875 0.59128414375 0.7048177078125 0.5880177703125 0.6641276046875 0.5708693140625 0.6478515625 0.5561706375 0.6576171875 0.5561706375 0.7048177078125 0.5676029421875 0.7878255203125 0.5806684328125 0.8366536453125001 0.6018998546875001 0.8431640625 0.5888343640625 0.7715494796875
6 0.623131278125 0.7813151046875 0.623131278125 0.7243489578125 0.623131278125 0.672265625 0.6027164484374999 0.6462239578125 0.5896509578125 0.6706380203125 0.5945505171875001 0.7194661453125 0.6018998546875001 0.7861979171875 0.6149653453124999 0.8333984375 0.631297209375 0.8350260421875 0.623131278125 0.7813151046875
6 0.6745766468750001 0.8171223953125001 0.6639609359375 0.72109375 0.6639609359375 0.6869140625 0.6557950046875 0.6478515625 0.6427295140625 0.633203125 0.6247644640625001 0.6543619796875 0.62639765 0.6966796875 0.6370133609375 0.7227213546875 0.648445665625 0.7650390625 0.66314434375 0.8171223953125001 0.6745766468750001 0.8171223953125001
4 0.7162229 0.6836588546875 0.7080569671875 0.6250651046875 0.6598779703125001 0.64296875 0.6672273093750001 0.7031901046875 0.6745766468750001 0.7162109375 0.685192359375 0.7682942703125 0.712139934375 0.8333984375 0.75868574375 0.7927083328125 0.7162229 0.6836588546875
4 0.7521529984375 0.5860026046875 0.7105067468749999 0.6234375 0.7170394921875001 0.6755208328125 0.7333713562499999 0.6950520828125 0.7611355234375 0.769921875 0.7807337609375 0.7536458328125 0.7693014546875 0.6201822921875 0.7521529984375 0.5860026046875