11 0.4967926484375 0.5215959828125001 0.4974925859375 0.40161830312499996 0.4771944125 0.39464285781249997 0.46669535624999997 0.5341517859375 0.462495734375 0.6094866078125001 0.4757945375 0.6234375 0.5002923328125 0.6234375 0.5009922703125 0.581584821875 0.4967926484375 0.5215959828125001
11 0.46109586093750005 0.516015625 0.47089497812500003 0.396037946875 0.453396553125 0.3806919640625 0.4337983171875 0.5508928578125001 0.43169850624999995 0.596930803125 0.4435974359375 0.6122767859375 0.46109586093750005 0.616462053125 0.463195671875 0.5732142859375 0.46109586093750005 0.516015625
9 0.43239844375 0.5564732140624999 0.4309985703125 0.522991071875 0.43029863281249997 0.4002232140625 0.4086005859375 0.391852678125 0.40300108906250004 0.4267299109375 0.400901278125 0.4727678578125 0.3995014046875 0.577399553125 0.419099640625 0.601116071875 0.42959869531250006 0.594140625 0.43239844375 0.5564732140624999
15 0.38270291562500003 0.4002232140625 0.374303671875 0.4630022328125 0.3687041765625 0.567633928125 0.3848027265625 0.5857700890624999 0.39740159375 0.574609375 0.3981015296875 0.49369419687500005 0.40160121562500006 0.4030133921875 0.393201971875 0.38487723281249997 0.38270291562500003 0.4002232140625
15 0.3456062546875 0.38487723281249997 0.347706065625 0.4811383921875 0.34280650625 0.5606584828125001 0.35820512031249996 0.5787946421875 0.3673043015625 0.5634486609375 0.374303671875 0.43091517812499996 0.37010405 0.3834821421875 0.357505184375 0.36534598281249997 0.3456062546875 0.38487723281249997
13 0.338606884375 0.3639508921875 0.32530808125 0.343024553125 0.30850959375000003 0.3541852671875 0.3064097828125 0.379296875 0.3015102234375 0.4713727671875 0.295210790625 0.48950892812499996 0.29171110625 0.532756696875 0.305009909375 0.562053571875 0.3358071375 0.5662388390624999 0.34070669531250003 0.562053571875 0.3456062546875 0.4811383921875 0.338606884375 0.3639508921875
13 0.263713625 0.3109375 0.25601431875 0.33604910781249997 0.251114759375 0.4239397328125 0.24061570312499997 0.46021205312499996 0.23711601875000002 0.509040178125 0.247615075 0.5299665171875 0.28961129375 0.5313616078125001 0.29451085312499997 0.4825334828125 0.2882114203125 0.3444196421875 0.263713625 0.3109375
12 0.3316075140625 0.581584821875 0.3064097828125 0.56484375 0.2889113578125 0.542522321875 0.27701242812500004 0.555078125 0.26441356250000003 0.567633928125 0.2567142546875 0.6025111609375 0.22171740468749998 0.672265625 0.2385158921875 0.7155133921875 0.2665133734375 0.6931919640624999 0.30011035 0.64296875 0.3246081453125 0.6094866078125001 0.3316075140625 0.581584821875
14 0.40160121562500006 0.591350446875 0.37920323125 0.606696428125 0.37850329375 0.6708705359375 0.38060310468749997 0.757366071875 0.37010405 0.792243303125 0.38410279062499997 0.7950334828125001 0.4072007109375 0.7462053578125001 0.41210027031249996 0.675055803125 0.42189938906249996 0.616462053125 0.40160121562500006 0.591350446875
8 0.42959869531250006 0.786662946875 0.44149762499999995 0.7155133921875 0.4435974359375 0.613671875 0.4330983796875 0.6025111609375 0.42119945156250005 0.601116071875 0.4246991359375 0.616462053125 0.4162998921875 0.6638950890624999 0.4079006484375 0.750390625 0.41420008125 0.802008928125 0.42959869531250006 0.786662946875
10 0.47019504218749997 0.6736607140624999 0.46739529375 0.6290178578125001 0.463895609375 0.6178571421875 0.444997309375 0.613671875 0.444997309375 0.708537946875 0.4421975625 0.7643415171875 0.454796428125 0.789453125 0.46809523124999997 0.772712053125 0.47019504218749997 0.6736607140624999
10 0.47019504218749997 0.630412946875 0.4736947265625 0.675055803125 0.4750946015625 0.762946428125 0.4932929625 0.762946428125 0.4953927734375 0.7001674109375 0.4939929 0.6373883921875 0.47019504218749997 0.630412946875
2 0.52059050625 0.6471540171875 0.4967926484375 0.6373883921875 0.49889245937500004 0.6876116078125001 0.5009922703125 0.7392299109375 0.5114913249999999 0.762946428125 0.525490065625 0.7615513390624999 0.52059050625 0.691796875 0.52059050625 0.6471540171875
2 0.5485879859375 0.6318080359375 0.52059050625 0.64296875 0.5268899390625 0.6959821421875 0.5443883640625 0.7852678578125001 0.55628729375 0.786662946875 0.559786978125 0.76015625 0.5485879859375 0.684821428125 0.5485879859375 0.6318080359375
6 0.5849847109375 0.7057477671875 0.579385215625 0.6318080359375 0.5527876078125 0.6290178578125001 0.5506877968749999 0.6611049109375 0.5548874203125 0.691796875 0.5625867265625 0.7392299109375 0.5821849625 0.7978236609375 0.5940838921875 0.7741071421875 0.5849847109375 0.7057477671875
6 0.613682128125 0.6973772328125001 0.6157819390625 0.620647321875 0.5975835765624999 0.6094866078125001 0.5800851515625001 0.6220424109375 0.587784459375 0.672265625 0.5933839546875 0.737834821875 0.614382065625 0.8201450890625 0.63678005 0.811774553125 0.613682128125 0.6973772328125001
4 0.764168584375 0.6876116078125001 0.7326714187500001 0.5997209828125001 0.7165728671875 0.5467075890624999 0.6731767734375 0.584375 0.6731767734375 0.6122767859375 0.701874190625 0.6583147328125001 0.720072553125 0.6973772328125001 0.7536695296875 0.7294642859375 0.7648685203125 0.7155133921875 0.764168584375 0.6876116078125001
3 0.53878886875 0.6178571421875 0.534589246875 0.538337053125 0.53738899375 0.5118303578125001 0.52898975 0.41556919687500005 0.5177907578125 0.4141741078125 0.5093915140624999 0.46021205312499996 0.507291703125 0.5118303578125001 0.5023921437500001 0.552287946875 0.50169220625 0.613671875 0.5275898765625 0.6290178578125001 0.53878886875 0.6178571421875
3 0.5667863484375 0.5606584828125001 0.5660864125 0.5020647328125001 0.5576871671875 0.4225446421875 0.53808893125 0.4225446421875 0.542288553125 0.5411272328125001 0.53808893125 0.577399553125 0.5408886796875 0.620647321875 0.5618867890625 0.6248325890624999 0.5709859703125 0.613671875 0.5667863484375 0.5606584828125001
1 0.586384584375 0.38487723281249997 0.5758855296875 0.40859375 0.5716859078125001 0.49927455312499996 0.5681862234375 0.535546875 0.5737857187500001 0.6150669640624999 0.5933839546875 0.6080915171875 0.6003833249999999 0.581584821875 0.5996833875 0.509040178125 0.6024831359375 0.3974330359375 0.586384584375 0.38487723281249997
7 0.621381434375 0.4909040171875 0.6199815609375 0.40580357187500005 0.6101824437500001 0.3890625 0.603883009375 0.40580357187500005 0.604582946875 0.4811383921875 0.6017831984375 0.587165178125 0.61788175 0.601116071875 0.6339803015625 0.5829799109375 0.621381434375 0.4909040171875
7 0.654278475 0.5020647328125001 0.6535785375 0.38487723281249997 0.6339803015625 0.386272321875 0.6241811828125 0.4225446421875 0.62698093125 0.509040178125 0.6360801125 0.584375 0.6521786625 0.5885602671875 0.6647775296875 0.5732142859375 0.654278475 0.5020647328125001
5 0.711673309375 0.513225446875 0.7004743171875 0.47416294687500005 0.6913751359375 0.3890625 0.6591780328125 0.386272321875 0.6661774031250001 0.4727678578125 0.6605779078125 0.5215959828125001 0.665477465625 0.562053571875 0.6745766468750001 0.574609375 0.7088735609375 0.5508928578125001 0.711673309375 0.513225446875
5 0.747370096875 0.3541852671875 0.736871040625 0.379296875 0.73197148125 0.4755580359375 0.7298716703125 0.538337053125 0.7403707265625 0.552287946875 0.7536695296875 0.513225446875 0.7781673234375 0.5048549109375 0.7781673234375 0.40859375 0.7676682687499999 0.3541852671875 0.747370096875 0.3541852671875