11 0.5043169703125 0.58193359375 0.4957427421875 0.45498046875 0.4967926484375 0.3806919640625 0.49609271093749996 0.327678571875 0.46739529375 0.32628348281249997 0.4602209390625 0.48427734375 0.45164671093750003 0.555078125 0.4553213796875 0.584375 0.477369396875 0.584375 0.5043169703125 0.58193359375
11 0.44009774999999995 0.3290736609375 0.427148915625 0.45498046875 0.427148915625 0.48671875 0.41122534843749997 0.5501953125 0.45129674218750004 0.5704241078125001 0.454096490625 0.5202008921875 0.45059680625 0.4811383921875 0.46109586093750005 0.3290736609375 0.44009774999999995 0.3290736609375
9 0.43169850624999995 0.372321428125 0.42189938906249996 0.3416294640625 0.3988014671875 0.3513950890625 0.39110215937500004 0.44068080312499996 0.38270291562500003 0.5020647328125001 0.38270291562500003 0.532756696875 0.39040222343750003 0.5662388390624999 0.4051009 0.5634486609375 0.4162998921875 0.5271763390624999 0.422599325 0.4671875 0.43169850624999995 0.372321428125
15 0.37920323125 0.4630022328125 0.3890023484375 0.3541852671875 0.38270291562500003 0.32628348281249997 0.365204490625 0.3416294640625 0.356105309375 0.4169642859375 0.356105309375 0.45044642812499996 0.347006128125 0.4713727671875 0.34070669531250003 0.5243861609375 0.356805246875 0.5439174109375 0.3771034203125 0.538337053125 0.38060310468749997 0.48392857187500005 0.37920323125 0.4630022328125
12 0.3190086484375 0.5313616078125001 0.34280650625 0.5076450890624999 0.3456062546875 0.46997767812499996 0.34000675937499997 0.4616071421875 0.3232082703125 0.379296875 0.3274078921875 0.3318638390625 0.3099094671875 0.3220982140625 0.2931109796875 0.3290736609375 0.2980105375 0.4197544640625 0.2875114828125 0.4490513390625 0.286811546875 0.4825334828125 0.298710475 0.503459821875 0.3190086484375 0.5313616078125001
3 0.5415886171875 0.48950892812499996 0.5436884281250001 0.362555803125 0.52059050625 0.3611607140625 0.5156909468750001 0.42114955312499996 0.5030920812499999 0.5104352671875 0.5058918296875 0.577399553125 0.542288553125 0.5857700890624999 0.5450883015625 0.532756696875 0.5415886171875 0.48950892812499996
3 0.579385215625 0.52578125 0.5737857187500001 0.476953125 0.5758855296875 0.379296875 0.5611868531249999 0.36534598281249997 0.5492879234375 0.41138392812499996 0.5492879234375 0.4685825890625 0.5450883015625 0.516015625 0.5450883015625 0.581584821875 0.581485025 0.5760044640624999 0.579385215625 0.52578125
1 0.6157819390625 0.562053571875 0.6206814984375 0.528571428125 0.6122822546875 0.4727678578125 0.6108823796875 0.3444196421875 0.5968836390625001 0.3151227671875 0.5856846484375 0.3639508921875 0.5856846484375 0.4657924109375 0.5807850890624999 0.5020647328125001 0.5835848359375 0.555078125 0.5954837656249999 0.5732142859375 0.6157819390625 0.562053571875
7 0.665477465625 0.4002232140625 0.6696770890625 0.327678571875 0.6521786625 0.32628348281249997 0.6465791671875001 0.3513950890625 0.639579796875 0.40580357187500005 0.638879859375 0.4560267859375 0.630480615625 0.5020647328125001 0.6360801125 0.5313616078125001 0.6549784109375001 0.535546875 0.6738767109375 0.52578125 0.6696770890625 0.476953125 0.665477465625 0.4002232140625
5 0.711673309375 0.4295200890625 0.720072553125 0.333258928125 0.6955747578125 0.3193080359375 0.670377025 0.4825334828125 0.6731767734375 0.5146205359375 0.6815760171874999 0.5271763390624999 0.7039740015625 0.518805803125 0.719372615625 0.496484375 0.711673309375 0.4295200890625
5 0.7655684578125 0.48671875 0.7578691515625 0.4197544640625 0.7529695921874999 0.3876674109375 0.759269025 0.320703125 0.75086978125 0.3123325890625 0.7340712921875 0.3220982140625 0.7242721750000001 0.4127790171875 0.71517299375 0.46021205312499996 0.7207724890625 0.4922991078125 0.729171734375 0.5104352671875 0.7655684578125 0.48671875
2 0.5051918921875 0.6053013390624999 0.472294853125 0.5983258921875 0.4771944125 0.6583147328125001 0.4785942859375 0.6931919640624999 0.4827939078125 0.767131696875 0.4967926484375 0.7685267859375 0.49959239687499996 0.679241071875 0.5051918921875 0.6053013390624999
10 0.44919693125000004 0.5829799109375 0.44149762499999995 0.5857700890624999 0.4393978140625 0.6290178578125001 0.44009774999999995 0.753180803125 0.45059680625 0.7615513390624999 0.462495734375 0.7448102671875 0.4652954828125 0.669475446875 0.472294853125 0.6248325890624999 0.47089497812500003 0.5927455359375 0.44919693125000004 0.5829799109375
10 0.4393978140625 0.5829799109375 0.4253990734375 0.56484375 0.41490001875000004 0.5732142859375 0.4072007109375 0.6122767859375 0.3995014046875 0.6736607140624999 0.39670165625 0.747600446875 0.40370102656249995 0.7838727671875 0.419799578125 0.7713169640624999 0.43239844375 0.6973772328125001 0.437298003125 0.635993303125 0.4393978140625 0.5829799109375
2 0.5359891203125 0.655524553125 0.533189371875 0.606696428125 0.5058918296875 0.601116071875 0.5086915765625 0.669475446875 0.5121912625 0.7462053578125001 0.5184906953125 0.776897321875 0.5324894359375001 0.769921875 0.533189371875 0.6806361609375 0.5359891203125 0.655524553125
0 0.5604869156250001 0.6708705359375 0.5639866 0.6345982140624999 0.5639866 0.6053013390624999 0.5527876078125 0.5955357140624999 0.533889309375 0.5927455359375 0.53878886875 0.6638950890624999 0.53878886875 0.740625 0.5520876718750001 0.7657366078125001 0.565386475 0.7364397328125001 0.5604869156250001 0.6708705359375
6 0.603883009375 0.7741071421875 0.6059828203125 0.708537946875 0.5982835140625 0.6569196421875 0.5954837656249999 0.6192522328125001 0.5898842703125 0.5801897328125001 0.5576871671875 0.587165178125 0.5667863484375 0.601116071875 0.5646865375 0.6387834828125001 0.5737857187500001 0.6834263390624999 0.581485025 0.7517857140624999 0.59058420625 0.7810825890624999 0.603883009375 0.7741071421875
6 0.6241811828125 0.6276227671875 0.6276808671875 0.6080915171875 0.62698093125 0.5690290171875 0.59198408125 0.5787946421875 0.6031830734375 0.630412946875 0.6080826312500001 0.68203125 0.61788175 0.7392299109375 0.631880490625 0.7392299109375 0.635380175 0.711328125 0.6241811828125 0.6276227671875
4 0.6738767109375 0.714118303125 0.6682772140625 0.6290178578125001 0.6668773406249999 0.5634486609375 0.6514787265625 0.5508928578125001 0.6276808671875 0.5606584828125001 0.6360801125 0.626227678125 0.6451792937499999 0.6834263390624999 0.6528786 0.7350446421875 0.6668773406249999 0.7420200890624999 0.6738767109375 0.714118303125
14 0.339306821875 0.7462053578125001 0.356805246875 0.6904017859375 0.3757035453125 0.626227678125 0.3897022859375 0.5927455359375 0.38270291562500003 0.56484375 0.365904428125 0.5494977671875 0.347006128125 0.557868303125 0.347006128125 0.6080915171875 0.34000675937499997 0.6625 0.32180839687499996 0.7196986609375 0.339306821875 0.7462053578125001
12 0.321108459375 0.635993303125 0.3372070109375 0.60390625 0.3351072 0.567633928125 0.3239082078125 0.5508928578125001 0.3169088375 0.5215959828125001 0.302910096875 0.5271763390624999 0.2833118609375 0.5606584828125001 0.251114759375 0.5997209828125001 0.23781595625000002 0.640178571875 0.242715515625 0.665290178125 0.250414821875 0.675055803125 0.26861318437500004 0.649944196875 0.3057098453125 0.630412946875 0.321108459375 0.635993303125
12 0.2665133734375 0.44765625 0.2567142546875 0.45044642812499996 0.24971488437499997 0.4922991078125 0.207018728125 0.5829799109375 0.21751778281249998 0.6192522328125001 0.2357161453125 0.616462053125 0.2749126171875 0.5634486609375 0.29171110625 0.5467075890624999 0.30221016093749997 0.5076450890624999 0.2665133734375 0.44765625