11 0.47789434843749995 0.610881696875 0.50169220625 0.6080915171875 0.50169220625 0.5662388390624999 0.4967926484375 0.5411272328125001 0.4932929625 0.5104352671875 0.49259302656250004 0.391852678125 0.48559365625 0.366741071875 0.46739529375 0.3779017859375 0.4603959234375 0.52578125 0.4554963640625 0.5508928578125001 0.453396553125 0.5899553578125001 0.45759617500000005 0.613671875 0.47789434843749995 0.610881696875
11 0.44989686874999996 0.52578125 0.4603959234375 0.4141741078125 0.453396553125 0.3876674109375 0.44149762499999995 0.391852678125 0.4260990109375 0.4825334828125 0.422599325 0.5215959828125001 0.4169998296875 0.5439174109375 0.4162998921875 0.5899553578125001 0.42959869531250006 0.60390625 0.45129674218750004 0.6025111609375 0.454096490625 0.5453125 0.44989686874999996 0.52578125
9 0.37990316874999996 0.5732142859375 0.39600171875 0.591350446875 0.41210027031249996 0.5857700890624999 0.41839970312499997 0.5494977671875 0.41490001875000004 0.5174107140624999 0.4176997671875 0.5048549109375 0.4169998296875 0.4364955359375 0.4176997671875 0.36953125 0.4169998296875 0.3513950890625 0.4086005859375 0.3346540171875 0.400901278125 0.35558035781249997 0.39040222343750003 0.3904575890625 0.3855026640625 0.4909040171875 0.37780335625 0.5536830359375 0.37990316874999996 0.5732142859375
15 0.3274078921875 0.5494977671875 0.3498058765625 0.528571428125 0.348406003125 0.50625 0.3449063171875 0.4671875 0.3533055625 0.41138392812499996 0.35470543593750004 0.356975446875 0.34280650625 0.3444196421875 0.3323074515625 0.3583705359375 0.3274078921875 0.4071986609375 0.3197085859375 0.46997767812499996 0.30850959375000003 0.5006696421875 0.30920952968750004 0.5271763390624999 0.3274078921875 0.5494977671875
15 0.3596049953125 0.571819196875 0.375003609375 0.5606584828125001 0.3813030421875 0.509040178125 0.38060310468749997 0.4420758921875 0.3862026015625 0.3890625 0.3813030421875 0.3541852671875 0.3687041765625 0.35 0.36100486875 0.379296875 0.36100486875 0.4127790171875 0.35050581406250003 0.496484375 0.35470543593750004 0.52578125 0.34000675937499997 0.542522321875 0.3596049953125 0.571819196875
13 0.28121205 0.516015625 0.2931109796875 0.5271763390624999 0.30710971875 0.52578125 0.305009909375 0.5076450890624999 0.3162089015625 0.47416294687500005 0.312709215625 0.4434709828125 0.320408521875 0.3709263390625 0.3141090890625 0.3486049109375 0.27631249062499996 0.337444196875 0.2742126796875 0.4337053578125 0.2630136875 0.4616071421875 0.26021394062500003 0.5006696421875 0.269313121875 0.522991071875 0.28121205 0.516015625
13 0.2574141921875 0.513225446875 0.263713625 0.4532366078125 0.263713625 0.4323102671875 0.27351274375 0.3974330359375 0.27351274375 0.320703125 0.2525146328125 0.3151227671875 0.24061570312499997 0.3220982140625 0.23221645937500002 0.36534598281249997 0.2350162078125 0.41138392812499996 0.21751778281249998 0.4364955359375 0.2105184125 0.4630022328125 0.215417971875 0.4909040171875 0.22661696406249998 0.49369419687500005 0.23711601875000002 0.5174107140624999 0.2574141921875 0.513225446875
13 0.22591702656249998 0.391852678125 0.24061570312499997 0.313727678125 0.21751778281249998 0.288616071875 0.20071929531250002 0.29140625 0.1874204921875 0.356975446875 0.16572244375 0.3932477671875 0.162922696875 0.4169642859375 0.1874204921875 0.44068080312499996 0.20071929531250002 0.4685825890625 0.21261822343749998 0.4560267859375 0.2231172796875 0.42114955312499996 0.22591702656249998 0.391852678125
12 0.162922696875 0.581584821875 0.15592332656250002 0.6122767859375 0.1734217515625 0.6387834828125001 0.20281910625 0.633203125 0.22031753125 0.601116071875 0.251114759375 0.5899553578125001 0.25461444375000003 0.5536830359375 0.2448153265625 0.528571428125 0.2294167109375 0.5076450890624999 0.21261822343749998 0.48671875 0.19861948437500002 0.5076450890624999 0.19861948437500002 0.5271763390624999 0.19022023906250002 0.5397321421875 0.162922696875 0.581584821875
12 0.34000675937499997 0.6248325890624999 0.3519056875 0.5829799109375 0.3169088375 0.557868303125 0.30780965625 0.548102678125 0.2847117359375 0.5606584828125001 0.28121205 0.606696428125 0.286111609375 0.6276227671875 0.2707129953125 0.714118303125 0.2742126796875 0.7420200890624999 0.302910096875 0.7545758921875 0.32670795625000004 0.7015625 0.33440726249999997 0.645758928125 0.34000675937499997 0.6248325890624999
14 0.3449063171875 0.762946428125 0.3722038609375 0.6513392859375 0.3813030421875 0.6443638390624999 0.387602475 0.6080915171875 0.3694041125 0.5829799109375 0.35470543593750004 0.587165178125 0.3421065703125 0.616462053125 0.3414066328125 0.6806361609375 0.3246081453125 0.769921875 0.3288077671875 0.7880580359375 0.3449063171875 0.762946428125
14 0.3722038609375 0.7936383921875 0.4023011515625 0.7252790171875 0.4023011515625 0.7029575890624999 0.4086005859375 0.675055803125 0.41839970312499997 0.6373883921875 0.4079006484375 0.610881696875 0.3897022859375 0.6053013390624999 0.38410279062499997 0.6373883921875 0.37780335625 0.6485491078125001 0.3771034203125 0.7099330359375 0.357505184375 0.7838727671875 0.3722038609375 0.7936383921875
8 0.4477970578125 0.6778459828125001 0.453396553125 0.6583147328125001 0.454096490625 0.630412946875 0.4421975625 0.6094866078125001 0.427498884375 0.616462053125 0.419099640625 0.64296875 0.41420008125 0.669475446875 0.4086005859375 0.7196986609375 0.38830241249999997 0.796428571875 0.40650077500000004 0.808984375 0.42329926249999994 0.776897321875 0.44149762499999995 0.7224888390624999 0.4477970578125 0.6778459828125001
10 0.46809523124999997 0.8131696421875001 0.48139403437499995 0.769921875 0.48139403437499995 0.6959821421875 0.4834938453125 0.68203125 0.48139403437499995 0.6387834828125001 0.4743946640625 0.6276227671875 0.4554963640625 0.6234375 0.45269661718750004 0.665290178125 0.453396553125 0.694587053125 0.44289749843750004 0.76015625 0.4477970578125 0.811774553125 0.46809523124999997 0.8131696421875001
10 0.5240901906250001 0.7462053578125001 0.5142910734374999 0.7015625 0.5107913890625 0.6276227671875 0.4820939703125 0.6318080359375 0.48489371875 0.655524553125 0.4883934046875 0.6834263390624999 0.4974925859375 0.7350446421875 0.4932929625 0.8075892859374999 0.5191906328125 0.8201450890625 0.5240901906250001 0.7462053578125001
3 0.5450883015625 0.5760044640624999 0.5408886796875 0.5397321421875 0.5408886796875 0.49369419687500005 0.5366890578125 0.4434709828125 0.5317894984375 0.398828125 0.52059050625 0.3932477671875 0.5156909468750001 0.4337053578125 0.506591765625 0.518805803125 0.5023921437500001 0.5439174109375 0.50169220625 0.601116071875 0.542988490625 0.6053013390624999 0.5450883015625 0.5760044640624999
3 0.5716859078125001 0.6094866078125001 0.5807850890624999 0.596930803125 0.577985340625 0.5369419640624999 0.5751855921875 0.45463169687500005 0.5674862859375 0.41138392812499996 0.5618867890625 0.39464285781249997 0.5527876078125 0.4002232140625 0.5506877968749999 0.44068080312499996 0.5506877968749999 0.522991071875 0.5443883640625 0.5453125 0.5485879859375 0.6025111609375 0.5716859078125001 0.6094866078125001
1 0.5884843953125001 0.594140625 0.6080826312500001 0.601116071875 0.6199815609375 0.574609375 0.612982190625 0.5313616078125001 0.6150820015625 0.5104352671875 0.614382065625 0.4783482140625 0.6080826312500001 0.379296875 0.5940838921875 0.366741071875 0.587784459375 0.391852678125 0.5856846484375 0.44486607187500005 0.5856846484375 0.516015625 0.5800851515625001 0.5369419640624999 0.5821849625 0.5801897328125001 0.5884843953125001 0.594140625
7 0.6556783484375 0.5439174109375 0.64447935625 0.4978794640625 0.638879859375 0.43510044687500005 0.6346802390625 0.382087053125 0.62698093125 0.3709263390625 0.6199815609375 0.3806919640625 0.6164818765625 0.43510044687500005 0.622081371875 0.516015625 0.6171818124999999 0.5397321421875 0.622081371875 0.5760044640624999 0.631880490625 0.5787946421875 0.6416796078125 0.5829799109375 0.6549784109375001 0.5606584828125001 0.6556783484375 0.5439174109375
7 0.6710769625 0.5662388390624999 0.685075703125 0.5564732140624999 0.6836758281249999 0.522991071875 0.6773763953125 0.503459821875 0.667577278125 0.4518415171875 0.6647775296875 0.382087053125 0.6556783484375 0.376506696875 0.6451792937499999 0.41556919687500005 0.648678978125 0.4420758921875 0.649378915625 0.50625 0.6563782859375 0.5313616078125001 0.6563782859375 0.5592633921875 0.6710769625 0.5662388390624999
5 0.7074736859375 0.5369419640624999 0.7221723640625 0.5411272328125001 0.7347712296875 0.5118303578125001 0.73197148125 0.476953125 0.719372615625 0.45463169687500005 0.7158729312500001 0.37511160781249997 0.6857756390625 0.366741071875 0.6752765843749999 0.4239397328125 0.6836758281249999 0.46439732187500005 0.6822759546875 0.48671875 0.6864755765624999 0.5439174109375 0.6906751984375 0.5508928578125001 0.7074736859375 0.5369419640624999
5 0.7809670718749999 0.4881138390625 0.7949658125 0.48392857187500005 0.7949658125 0.44765625 0.7823669468750001 0.40859375 0.7844667578125 0.33604910781249997 0.7718678921875 0.323493303125 0.7438704109375001 0.333258928125 0.7438704109375001 0.3904575890625 0.75016984375 0.4239397328125 0.7480700328125 0.4825334828125 0.7648685203125 0.50625 0.7809670718749999 0.4881138390625
2 0.5415886171875 0.68203125 0.533189371875 0.6345982140624999 0.5121912625 0.626227678125 0.516390884375 0.6778459828125001 0.525490065625 0.7322544640624999 0.53878886875 0.769921875 0.5583871046875 0.7713169640624999 0.5415886171875 0.7001674109375 0.5415886171875 0.68203125
2 0.5660864125 0.68203125 0.5674862859375 0.6318080359375 0.5366890578125 0.6290178578125001 0.5450883015625 0.6876116078125001 0.5548874203125 0.7420200890624999 0.5646865375 0.7810825890624999 0.577985340625 0.789453125 0.578685278125 0.740625 0.5660864125 0.68203125
0 0.6297806796875001 0.8075892859374999 0.6059828203125 0.7029575890624999 0.603883009375 0.665290178125 0.5982835140625 0.6234375 0.5835848359375 0.6178571421875 0.568886159375 0.6276227671875 0.569586096875 0.672265625 0.5821849625 0.7155133921875 0.5982835140625 0.7782924109375 0.6192816234375 0.8131696421875001 0.6297806796875001 0.8075892859374999
6 0.6521786625 0.802008928125 0.6381799234375001 0.7252790171875 0.6325804265625 0.6778459828125001 0.6360801125 0.6708705359375 0.6346802390625 0.6276227671875 0.6122822546875 0.6122767859375 0.6024831359375 0.633203125 0.6073826953125 0.675055803125 0.612982190625 0.6904017859375 0.6206814984375 0.7364397328125001 0.6297806796875001 0.782477678125 0.6521786625 0.802008928125
6 0.67947620625 0.753180803125 0.670377025 0.6471540171875 0.6633776546875 0.6234375 0.6535785375 0.6080915171875 0.6332803640625 0.613671875 0.63678005 0.655524553125 0.64377941875 0.672265625 0.6528786 0.7350446421875 0.6731767734375 0.7810825890624999 0.67947620625 0.753180803125
4 0.6913751359375 0.7127232140624999 0.71517299375 0.7643415171875 0.7431704734375 0.747600446875 0.7158729312500001 0.6387834828125001 0.7165728671875 0.6178571421875 0.711673309375 0.5829799109375 0.710973371875 0.5690290171875 0.694174884375 0.574609375 0.6773763953125 0.5899553578125001 0.6640775921875 0.610881696875 0.6738767109375 0.6485491078125001 0.6822759546875 0.6666852671875 0.6913751359375 0.7127232140624999
4 0.7347712296875 0.669475446875 0.7697680796874999 0.72109375 0.7844667578125 0.714118303125 0.78586663125 0.669475446875 0.764168584375 0.606696428125 0.7669683328125 0.574609375 0.755769340625 0.538337053125 0.745270284375 0.52578125 0.7389708515625 0.538337053125 0.7270719234375 0.548102678125 0.7123732453125 0.5690290171875 0.7165728671875 0.613671875 0.73197148125 0.6276227671875 0.7347712296875 0.669475446875
4 0.80406499375 0.6541294640624999 0.8229632921875 0.6471540171875 0.8320624734375001 0.610881696875 0.8117642999999999 0.535546875 0.8117642999999999 0.5118303578125001 0.80266511875 0.48950892812499996 0.7844667578125 0.48950892812499996 0.7746676390625 0.5202008921875 0.7578691515625 0.5397321421875 0.7697680796874999 0.5704241078125001 0.7781673234375 0.5927455359375 0.7823669468750001 0.6290178578125001 0.80406499375 0.6541294640624999