11 0.49647959531249997 0.605126953125 0.49342036875 0.58193359375 0.4909729875 0.52578125 0.4854663796875 0.47939453125 0.46772286406249997 0.476953125 0.4603807203125 0.566064453125 0.45487411250000004 0.59169921875 0.45609780312500003 0.6625 0.46955840000000004 0.672265625 0.49586775000000005 0.671044921875 0.49647959531249997 0.605126953125
11 0.45242673125 0.580712890625 0.45303857656249996 0.5501953125 0.45426226718749996 0.49404296875 0.45426226718749996 0.47939453125 0.44936750468750003 0.456201171875 0.43896613437500004 0.4671875 0.42978845468750004 0.516015625 0.4273410734375 0.556298828125 0.41877523906249997 0.5892578125 0.41755154843750003 0.634423828125 0.43101214531250004 0.66005859375 0.45059119531249997 0.66005859375 0.45426226718749996 0.614892578125 0.45242673125 0.580712890625
15 0.4157160125 0.570947265625 0.41510416718750004 0.534326171875 0.41204494062499997 0.470849609375 0.39797249687499997 0.4671875 0.3961369609375 0.54287109375 0.390630353125 0.578271484375 0.3851237453125 0.60146484375 0.39124219843749997 0.641748046875 0.40592648750000004 0.6380859375 0.4157160125 0.622216796875 0.41816339375 0.58193359375 0.4157160125 0.570947265625
13 0.38879481718750003 0.4818359375 0.39124219843749997 0.446435546875 0.388182971875 0.426904296875 0.393077734375 0.378076171875 0.37411052968749997 0.36953125 0.3643210046875 0.398828125 0.35942624218749997 0.41591796875 0.34290641875 0.443994140625 0.33801165625 0.473291015625 0.34351826406249997 0.509912109375 0.35575517031250004 0.522119140625 0.373498684375 0.516015625 0.38879481718750003 0.4818359375
13 0.29334694687499996 0.54775390625 0.3074193890625 0.56484375 0.32149183125 0.57216796875 0.3361761203125 0.52822265625 0.33434058437499997 0.500146484375 0.33434058437499997 0.46962890625 0.34290641875 0.392724609375 0.34290641875 0.382958984375 0.3269984390625 0.36953125 0.2964061734375 0.45498046875 0.28233373125 0.475732421875 0.273767896875 0.51357421875 0.2817218859375 0.5453125 0.29334694687499996 0.54775390625
13 0.2976298640625 0.44765625 0.31659706875000004 0.392724609375 0.32149183125 0.37197265625 0.3306695125 0.346337890625 0.3208799859375 0.32314453125 0.3123141515625 0.321923828125 0.2964061734375 0.33779296875 0.263978371875 0.351220703125 0.25418884531249997 0.3890625 0.259083609375 0.407373046875 0.2682612890625 0.41103515625 0.270096825 0.44521484375 0.2866166484375 0.453759765625 0.2976298640625 0.44765625
3 0.536249540625 0.575830078125 0.533802159375 0.566064453125 0.526460015625 0.48671875 0.5197297171875 0.453759765625 0.5050454296875 0.457421875 0.5007625124999999 0.534326171875 0.50320989375 0.57705078125 0.49831513125000004 0.590478515625 0.5001506671875 0.671044921875 0.533802159375 0.6673828125 0.5399206125 0.64296875 0.53747323125 0.594140625 0.536249540625 0.575830078125
3 0.5454272203125 0.6576171875 0.557664128125 0.65517578125 0.5729602609375 0.636865234375 0.5754076421875001 0.60146484375 0.5680654984375 0.568505859375 0.5680654984375 0.53310546875 0.5613352 0.4818359375 0.5497101375 0.457421875 0.54236799375 0.48671875 0.5411443031250001 0.55751953125 0.53747323125 0.588037109375 0.5411443031250001 0.62587890625 0.5393087671875 0.6478515625 0.5454272203125 0.6576171875
1 0.6023288359375 0.5794921875 0.5986577640624999 0.55263671875 0.5882563937499999 0.52822265625 0.5778550234375001 0.5306640625 0.5778550234375001 0.590478515625 0.5766313328125 0.602685546875 0.577243178125 0.633203125 0.59315115625 0.649072265625 0.60294068125 0.64541015625 0.6059999078125 0.627099609375 0.60783544375 0.5990234375 0.6023288359375 0.5794921875
7 0.6255789593750001 0.500146484375 0.6194605046875 0.48427734375 0.621296040625 0.45009765625 0.628026340625 0.3939453125 0.6047762171875 0.385400390625 0.5962103828124999 0.418359375 0.5882563937499999 0.458642578125 0.5790787140625 0.478173828125 0.5790787140625 0.5208984375 0.5962103828124999 0.535546875 0.60783544375 0.56240234375 0.6231315765625001 0.54775390625 0.6274144953125 0.52333984375 0.6255789593750001 0.500146484375
5 0.6573949156250001 0.536767578125 0.667184440625 0.514794921875 0.6641252140625 0.4818359375 0.6494409265625001 0.4427734375 0.6420987828125 0.385400390625 0.6298618765625 0.38662109375 0.62680265 0.443994140625 0.6231315765625001 0.47939453125 0.630473721875 0.502587890625 0.6274144953125 0.5306640625 0.6463817 0.548974609375 0.6573949156250001 0.536767578125
5 0.694105634375 0.553857421875 0.708178078125 0.5599609375 0.7173557578125 0.53798828125 0.7136846859375 0.496484375 0.6965530156249999 0.458642578125 0.69288194375 0.426904296875 0.6824805734375 0.38173828125 0.6629015234375 0.38662109375 0.6604541421875 0.437890625 0.6610659875 0.478173828125 0.6610659875 0.5404296875 0.6702436671875 0.57705078125 0.68309241875 0.58193359375 0.694105634375 0.553857421875
5 0.72898081875 0.434228515625 0.739994034375 0.428125 0.7393821890625001 0.392724609375 0.7332637359375 0.365869140625 0.7100136140625 0.343896484375 0.6971648625 0.341455078125 0.68309241875 0.373193359375 0.6904345625 0.397607421875 0.6977767078125 0.461083984375 0.7075662328125001 0.46962890625 0.720414984375 0.4671875 0.72898081875 0.434228515625
10 0.48240715312500004 0.824853515625 0.4909729875 0.7796875 0.49709144062500005 0.736962890625 0.49709144062500005 0.69423828125 0.486078225 0.68935546875 0.4762886984375 0.6869140625 0.46955840000000004 0.691796875 0.46955840000000004 0.7259765625 0.47078209062500004 0.75283203125 0.47322947187500003 0.810205078125 0.4762886984375 0.828515625 0.48240715312500004 0.824853515625
10 0.468334709375 0.729638671875 0.46894655468749996 0.683251953125 0.45609780312500003 0.678369140625 0.4432490515625 0.68203125 0.43896613437500004 0.711328125 0.4432490515625 0.7650390625 0.44753196875 0.808984375 0.44997935 0.83583984375 0.4603807203125 0.83583984375 0.465887328125 0.800439453125 0.4646636375 0.750390625 0.468334709375 0.729638671875
8 0.4420253609375 0.785791015625 0.4395779796875 0.75283203125 0.43468321718749997 0.730859375 0.420610775 0.7259765625 0.40347910625 0.74794921875 0.39797249687499997 0.790673828125 0.39797249687499997 0.815087890625 0.388182971875 0.881005859375 0.40959755937500003 0.896875 0.42305815625000004 0.83583984375 0.43040029999999996 0.805322265625 0.4420253609375 0.785791015625
14 0.4126567859375 0.700341796875 0.4010317234375 0.68935546875 0.3845119 0.688134765625 0.37533422031249997 0.6966796875 0.3698276125 0.719873046875 0.3692157671875 0.7552734375 0.3600380875 0.8041015625 0.38328820937499997 0.8138671875 0.3924658890625 0.768701171875 0.4022554140625 0.7455078125 0.4114330953125 0.730859375 0.4126567859375 0.700341796875
14 0.33984719218750004 0.789453125 0.3520840984375 0.76748046875 0.35269594375 0.7455078125 0.341682728125 0.724755859375 0.3349524296875 0.714990234375 0.3123141515625 0.7259765625 0.3074193890625 0.74794921875 0.31170230625 0.778466796875 0.3043601625 0.84072265625 0.32638659375 0.856591796875 0.33984719218750004 0.789453125
12 0.3386235015625 0.6673828125 0.34780118125000004 0.651513671875 0.3496367171875 0.619775390625 0.34107088281250003 0.61123046875 0.3306695125 0.610009765625 0.31720891406249996 0.58681640625 0.2939587921875 0.574609375 0.2890640296875 0.583154296875 0.28233373125 0.639306640625 0.2749915875 0.6673828125 0.2603073 0.702783203125 0.23644533124999997 0.74794921875 0.271320515625 0.79921875 0.3061956984375 0.744287109375 0.3221036765625 0.693017578125 0.3386235015625 0.6673828125
12 0.2572480734375 0.617333984375 0.2492940828125 0.57705078125 0.240116403125 0.584375 0.21992550781250003 0.602685546875 0.20095830312500002 0.672265625 0.2346097953125 0.739404296875 0.2480703921875 0.710107421875 0.2645902171875 0.6869140625 0.2749915875 0.66005859375 0.26948497968749996 0.6234375 0.2572480734375 0.617333984375
2 0.5221770984375 0.76015625 0.5252363250000001 0.7357421875 0.5209534078125 0.6869140625 0.499538821875 0.688134765625 0.499538821875 0.7259765625 0.49709144062500005 0.74794921875 0.5013743578125001 0.7845703125 0.5038217390625 0.822412109375 0.521565253125 0.82607421875 0.5221770984375 0.76015625
2 0.550321984375 0.750390625 0.5539930562500001 0.722314453125 0.5515456750000001 0.6869140625 0.53747323125 0.68203125 0.524012634375 0.6869140625 0.526460015625 0.74306640625 0.5301310875 0.76748046875 0.5307429328125 0.83828125 0.5442035296875 0.83583984375 0.550321984375 0.750390625
0 0.6121183609374999 0.9212890625 0.5962103828124999 0.848046875 0.5962103828124999 0.8041015625 0.5882563937499999 0.773583984375 0.5674536531250001 0.76259765625 0.5546049015625 0.766259765625 0.5478746015625 0.802880859375 0.552769365625 0.83095703125 0.5656181171875 0.866357421875 0.5803024046874999 0.9310546875 0.6121183609374999 0.9212890625
6 0.6059999078125 0.711328125 0.5974340734375 0.711328125 0.5858090125000001 0.739404296875 0.5907037749999999 0.77236328125 0.6023288359375 0.795556640625 0.616401278125 0.859033203125 0.63903955625 0.8431640625 0.628026340625 0.763818359375 0.628026340625 0.73330078125 0.62435526875 0.71865234375 0.6059999078125 0.711328125
4 0.6298618765625 0.66005859375 0.6237434234375 0.683251953125 0.6206841953125 0.70888671875 0.6433224734375 0.7455078125 0.6690199765625 0.828515625 0.6898227171875 0.8041015625 0.66596075 0.72109375 0.6653489046875001 0.695458984375 0.6506646171875 0.6625 0.6298618765625 0.66005859375
4 0.69978705625 0.7657366078125001 0.7200653578125 0.792243303125 0.7557272 0.737834821875 0.7151705953125 0.6415736609375 0.7137720921875 0.601116071875 0.7053810703125001 0.581584821875 0.6934937890625 0.5857700890624999 0.6669222218749999 0.620647321875 0.6508394296875 0.626227678125 0.6466439187499999 0.655524553125 0.66622296875 0.684821428125 0.6788095015625 0.7001674109375 0.69978705625 0.7657366078125001
4 0.78719353125 0.675055803125 0.776005503125 0.620647321875 0.765516725 0.591350446875 0.7501331859375 0.581584821875 0.7403436609375 0.616462053125 0.73405039375 0.616462053125 0.7221631140625 0.6485491078125001 0.7452384234375 0.7071428578125001 0.759223459375 0.737834821875 0.78719353125 0.675055803125