11 0.47486105937499995 0.6315755203125 0.49199272968749996 0.6364583328125 0.5123875734375 0.633203125 0.5148349546875 0.5811197921875 0.5115717796875 0.5485677078125 0.5123875734375 0.4623046875 0.5050454296875 0.4525390625 0.49199272968749996 0.45416666718750004 0.4830189984375 0.476953125 0.47649264843749994 0.5339192703125 0.47078209062500004 0.5729817703125 0.469966296875 0.6169270828125 0.47486105937499995 0.6315755203125
11 0.4691505046875 0.5632161453125 0.46751891562500003 0.5501953125 0.472413678125 0.49485677031249997 0.4715978859375 0.46393229218750004 0.465071534375 0.44440104218750004 0.449571453125 0.44928385468750004 0.44141351562500003 0.5078776046875 0.43896613437500004 0.5453125 0.436518753125 0.5794921875 0.434887165625 0.6055338546875 0.44222930937499993 0.6299479171875 0.461808359375 0.6283203125 0.469966296875 0.6152994796875 0.4691505046875 0.5632161453125
9 0.434071371875 0.584375 0.43243978437499997 0.5567057296875 0.434071371875 0.5274088546875 0.433255578125 0.4916015625 0.429992403125 0.45091145781249997 0.412860734375 0.44440104218750004 0.3989922390625 0.5176432296875 0.3989922390625 0.5453125 0.39001850781249997 0.5892578125 0.398176446875 0.6266927078125 0.40796597187500006 0.6380859375 0.42101867187500003 0.6250651046875 0.42917660937499996 0.6087890625 0.434071371875 0.584375
15 0.39654485781250004 0.5436848953125 0.3916500953125 0.5078776046875 0.3924658890625 0.47858072968750004 0.3924658890625 0.45416666718750004 0.3737026328125 0.4525390625 0.3614657265625 0.5127604171875 0.3639131078125 0.5518229171875 0.3533077890625 0.6055338546875 0.3696236640625 0.6315755203125 0.3834921578125 0.6266927078125 0.3916500953125 0.6152994796875 0.3867553328125 0.594140625 0.39654485781250004 0.5436848953125
15 0.3598341390625 0.5583333328125 0.3590183453125 0.5111328125 0.36636048906249996 0.48020833281249997 0.3688078703125 0.457421875 0.3451498515625 0.44440104218750004 0.3337287390625 0.5029947921875 0.3312813578125 0.5453125 0.32149183125 0.5778645828125 0.32638659375 0.6120442703125 0.3361761203125 0.6201822921875 0.3533077890625 0.6152994796875 0.3541235828125 0.5860026046875 0.3598341390625 0.5583333328125
13 0.29422101093749997 0.5899553578125001 0.30680754375 0.60390625 0.32149183125 0.596930803125 0.31939407656249996 0.5760044640624999 0.32848435 0.5439174109375 0.31939407656249996 0.4978794640625 0.3221910828125 0.4657924109375 0.31659706875000004 0.43463541718750004 0.30191278125 0.428125 0.280935228125 0.43510044687500005 0.28582999062500003 0.4922991078125 0.2753412125 0.5341517859375 0.27184495468750003 0.5801897328125001 0.28233373125 0.5983258921875 0.29422101093749997 0.5899553578125001
13 0.2263935875 0.5453125 0.23478460937499998 0.5704241078125001 0.2515666515625 0.5829799109375 0.2697471984375 0.5732142859375 0.2753412125 0.5313616078125001 0.273942709375 0.5020647328125001 0.27743896874999996 0.42533482187500005 0.27254420625 0.3904575890625 0.247371140625 0.379296875 0.24387488125 0.43510044687500005 0.23548386093749998 0.47416294687500005 0.2298898453125 0.4950892859375 0.2221980765625 0.522991071875 0.2263935875 0.5453125
13 0.2431756296875 0.428125 0.2466718890625 0.3541852671875 0.2270928390625 0.352790178125 0.2166040625 0.3611607140625 0.201220521875 0.396037946875 0.18373922812500001 0.42533482187500005 0.1893332421875 0.45044642812499996 0.1970250109375 0.45044642812499996 0.208213040625 0.4811383921875 0.22919059375 0.4783482140625 0.23478460937499998 0.4630022328125 0.2431756296875 0.428125
3 0.5144853281249999 0.635993303125 0.521477846875 0.640178571875 0.5368613859375 0.6485491078125001 0.5515456750000001 0.6318080359375 0.5515456750000001 0.6178571421875 0.5550419328125 0.594140625 0.55434268125 0.56484375 0.5536434296875 0.532756696875 0.5557411859375 0.457421875 0.5522449265625 0.44765625 0.5438539046875001 0.4434709828125 0.52986886875 0.49369419687500005 0.5207785953124999 0.5397321421875 0.516583084375 0.5690290171875 0.516583084375 0.5997209828125001 0.5144853281249999 0.635993303125
3 0.5606359484375 0.6373883921875 0.571124725 0.640178571875 0.5830120046875 0.633203125 0.5865082640625 0.594140625 0.5830120046875 0.5634486609375 0.5886060203125 0.5174107140624999 0.5865082640625 0.4616071421875 0.5788164953125 0.4434709828125 0.571124725 0.4588169640625 0.5662299625 0.5020647328125001 0.5634329546875 0.5564732140624999 0.5571396890625 0.5732142859375 0.552944178125 0.6234375 0.5606359484375 0.6373883921875
1 0.599094796875 0.633203125 0.6116813296875 0.6471540171875 0.6242678625 0.6178571421875 0.62217010625 0.5927455359375 0.6186738468749999 0.5592633921875 0.6200723499999999 0.518805803125 0.6186738468749999 0.4950892859375 0.6186738468749999 0.44068080312499996 0.6053880625 0.44068080312499996 0.6011925515625001 0.4616071421875 0.596997040625 0.4922991078125 0.594200034375 0.5536830359375 0.5879067671875 0.577399553125 0.5886060203125 0.6122767859375 0.599094796875 0.633203125
7 0.6536364375 0.601116071875 0.6459446671875 0.555078125 0.6459446671875 0.522991071875 0.6424484078125 0.4630022328125 0.633358134375 0.46997767812499996 0.629162625 0.5508928578125001 0.62217010625 0.577399553125 0.62706486875 0.6220424109375 0.63685439375 0.6373883921875 0.6466439187499999 0.633203125 0.6536364375 0.601116071875
7 0.6774109984375001 0.620647321875 0.6788095015625 0.5704241078125001 0.6739147390625 0.5467075890624999 0.6690199765625 0.4462611609375 0.6585312 0.44486607187500005 0.65643344375 0.4783482140625 0.655034940625 0.552287946875 0.65153868125 0.5857700890624999 0.655034940625 0.6080915171875 0.6641252140625 0.6220424109375 0.6774109984375001 0.620647321875
5 0.698388553125 0.6122767859375 0.715869846875 0.613671875 0.722862365625 0.5787946421875 0.7172683515625 0.5341517859375 0.720764609375 0.476953125 0.7172683515625 0.4267299109375 0.7025840640625 0.4239397328125 0.6906967828125 0.4490513390625 0.6858020203125 0.48950892812499996 0.6858020203125 0.5271763390624999 0.6809072578124999 0.567633928125 0.6809072578124999 0.596930803125 0.698388553125 0.6122767859375
5 0.7368474015625 0.596930803125 0.7529301921875 0.587165178125 0.762020465625 0.555078125 0.7585242078125 0.5271763390624999 0.7515316890625 0.48950892812499996 0.7487346828125 0.4127790171875 0.7417421640625 0.41138392812499996 0.726358625 0.42533482187500005 0.7235616171875 0.457421875 0.7249601203125 0.518805803125 0.7200653578125 0.548102678125 0.72426086875 0.581584821875 0.7368474015625 0.596930803125
5 0.78229876875 0.4825334828125 0.7913890421875001 0.4755580359375 0.7885920343749999 0.4490513390625 0.7746069984374999 0.4169642859375 0.7634189703125001 0.3681361609375 0.7417421640625 0.3779017859375 0.7396444078125 0.4002232140625 0.7515316890625 0.41556919687500005 0.7529301921875 0.4727678578125 0.759223459375 0.5076450890624999 0.7746069984374999 0.509040178125 0.78229876875 0.4825334828125
10 0.47672573125 0.708537946875 0.47742498437499997 0.659709821875 0.47322947187500003 0.640178571875 0.45644742968749996 0.64296875 0.448755659375 0.655524553125 0.4466579046875 0.6862165171875 0.45295117031250004 0.72109375 0.45714668124999996 0.7755022328125001 0.4697332140625 0.828515625 0.4788234875 0.835491071875 0.482319746875 0.8103794640625 0.47742498437499997 0.772712053125 0.47672573125 0.708537946875
10 0.5005002921874999 0.8075892859374999 0.5005002921874999 0.7252790171875 0.5005002921874999 0.6569196421875 0.4788234875 0.652734375 0.4788234875 0.6973772328125001 0.48511675312499997 0.7587611609375 0.48511675312499997 0.7978236609375 0.48791376093750005 0.8201450890625 0.49630478125 0.8396763390625 0.5005002921874999 0.8075892859374999
8 0.45015416249999995 0.714118303125 0.44456014843749997 0.6862165171875 0.4480564078125 0.652734375 0.43756763125000003 0.635993303125 0.427078853125 0.6415736609375 0.41589082499999996 0.659709821875 0.41798857968750003 0.7029575890624999 0.42358259531250003 0.7643415171875 0.42777810625 0.835491071875 0.4403646375 0.8424665171875001 0.4480564078125 0.81875 0.45015416249999995 0.7685267859375 0.45015416249999995 0.714118303125
14 0.41589082499999996 0.7782924109375 0.41589082499999996 0.7266741078125001 0.4137930703125 0.7015625 0.41589082499999996 0.6876116078125001 0.4137930703125 0.6569196421875 0.4088983078125 0.640178571875 0.39771027812500004 0.6387834828125001 0.38931925624999997 0.6415736609375 0.3851237453125 0.6611049109375 0.3851237453125 0.6931919640624999 0.3851237453125 0.7169084828125001 0.3914170125 0.7936383921875 0.39421401875 0.8201450890625 0.40190578906249996 0.8229352671875001 0.41029681093750003 0.815959821875 0.41589082499999996 0.7782924109375
14 0.37463496875 0.7796875 0.37952973125 0.7350446421875 0.380928234375 0.708537946875 0.38442449375 0.691796875 0.38442449375 0.649944196875 0.3704394578125 0.6387834828125001 0.3571536734375 0.6443638390624999 0.346664896875 0.6638950890624999 0.3508604078125 0.6959821421875 0.3529581625 0.7685267859375 0.3508604078125 0.821540178125 0.35995068125 0.831305803125 0.36764245 0.8201450890625 0.371138709375 0.796428571875 0.37463496875 0.7796875
12 0.3389731265625 0.728069196875 0.3487626515625 0.6876116078125001 0.3459656453125 0.6583147328125001 0.3592514296875 0.635993303125 0.34526639375 0.6248325890624999 0.331980609375 0.630412946875 0.3179955734375 0.616462053125 0.3047097890625 0.6248325890624999 0.29422101093749997 0.6485491078125001 0.295619515625 0.689006696875 0.2893262484375 0.723883928125 0.2732434578125 0.769921875 0.3082060484375 0.8271205359374999 0.3242888390625 0.808984375 0.331980609375 0.7838727671875 0.3389731265625 0.728069196875
12 0.29142400468749996 0.645758928125 0.30191278125 0.6220424109375 0.2851307390625 0.60390625 0.27044645 0.5955357140624999 0.254363659375 0.5899553578125001 0.2431756296875 0.5997209828125001 0.23688236406250002 0.620647321875 0.23898011874999997 0.6625 0.2103107953125 0.740625 0.2466718890625 0.772712053125 0.26275468125 0.7489955359375 0.2781382203125 0.691796875 0.293521759375 0.6611049109375 0.29142400468749996 0.645758928125
12 0.2221980765625 0.601116071875 0.20401752968750003 0.5760044640624999 0.1788444640625 0.5927455359375 0.1613631703125 0.6513392859375 0.19073174531249998 0.7196986609375 0.21450630624999997 0.6904017859375 0.2298898453125 0.6778459828125001 0.23618311250000001 0.6583147328125001 0.2298898453125 0.6234375 0.2221980765625 0.601116071875
2 0.5284703656249999 0.8006138390625 0.5221770984375 0.7420200890624999 0.5256733578125 0.718303571875 0.5221770984375 0.6513392859375 0.5005002921874999 0.6513392859375 0.5039965515625 0.6904017859375 0.5032973000000001 0.7169084828125001 0.50539505625 0.7643415171875 0.5137860765625 0.828515625 0.5256733578125 0.825725446875 0.5284703656249999 0.8006138390625
2 0.54944791875 0.83828125 0.5515456750000001 0.72109375 0.5522449265625 0.6541294640624999 0.5347636312499999 0.6513392859375 0.5221770984375 0.6541294640624999 0.526372609375 0.691796875 0.52986886875 0.733649553125 0.5347636312499999 0.8047991078125 0.5417561484375 0.841071428125 0.54944791875 0.83828125
0 0.5634329546875 0.8564174109374999 0.5732224796875001 0.864787946875 0.582312753125 0.81875 0.5844105093749999 0.7420200890624999 0.5830120046875 0.7155133921875 0.5837112578125 0.689006696875 0.5767187390624999 0.655524553125 0.5648314578125 0.64296875 0.55434268125 0.6513392859375 0.55434268125 0.6959821421875 0.5578389406250001 0.7169084828125001 0.5585381921875 0.7392299109375 0.5648314578125 0.786662946875 0.5634329546875 0.8564174109374999
6 0.6067865671875 0.8368861609374999 0.6130798328125 0.750390625 0.6109820765625 0.7169084828125001 0.6151775875000001 0.6973772328125001 0.61238058125 0.659709821875 0.5962977890625 0.640178571875 0.5816135015625 0.665290178125 0.5851097609375 0.6959821421875 0.5935007828125001 0.72109375 0.5921022781249999 0.7741071421875 0.5962977890625 0.81875 0.6067865671875 0.8368861609374999
6 0.640350653125 0.8327008921875001 0.648741675 0.8006138390625 0.645245415625 0.7001674109375 0.645245415625 0.6680803578125001 0.6389521499999999 0.6485491078125001 0.625666365625 0.635993303125 0.6144783359375 0.6541294640624999 0.6179745953125 0.7057477671875 0.6214708546875001 0.718303571875 0.628463371875 0.7741071421875 0.6298618765625 0.8201450890625 0.640350653125 0.8327008921875001
4 0.6697192281250001 0.8299107140625 0.713072840625 0.7950334828125001 0.7039825671875 0.740625 0.6969900484375 0.718303571875 0.698388553125 0.6806361609375 0.694193040625 0.6415736609375 0.6746139906249999 0.6387834828125001 0.66132820625 0.6373883921875 0.645245415625 0.652734375 0.6473431703125 0.679241071875 0.65643344375 0.7322544640624999 0.6585312 0.806194196875 0.6697192281250001 0.8299107140625
4 0.7333511421875001 0.7908482140624999 0.7585242078125 0.7657366078125001 0.7578249546875 0.728069196875 0.7452384234375 0.6764508921875 0.749433934375 0.630412946875 0.73405039375 0.6094866078125001 0.717967603125 0.613671875 0.703283315625 0.616462053125 0.696290796875 0.6387834828125001 0.69978705625 0.675055803125 0.710975084375 0.7099330359375 0.7193661062500001 0.7545758921875 0.7333511421875001 0.7908482140624999
4 0.7997800640625 0.694587053125 0.7913890421875001 0.6834263390624999 0.7892912859375001 0.6290178578125001 0.7815995171875 0.596930803125 0.7613212140625001 0.6122767859375 0.7501331859375 0.6290178578125001 0.7473361781250001 0.6736607140624999 0.754328696875 0.704352678125 0.765516725 0.7155133921875 0.7711107390625 0.7364397328125001 0.7997800640625 0.694587053125