11 0.4871685140625 0.56728515625 0.507991640625 0.55263671875 0.5104414203125 0.47939453125 0.5030920812499999 0.45498046875 0.5055418609375 0.34267578125 0.4908431828125 0.33291015625 0.47614450625 0.34267578125 0.4736947265625 0.4037109375 0.463895609375 0.4623046875 0.4528716015625 0.52822265625 0.46267071875 0.55751953125 0.4871685140625 0.56728515625
11 0.4176997671875 0.5104352671875 0.419099640625 0.5397321421875 0.427498884375 0.5494977671875 0.4393978140625 0.552287946875 0.4554963640625 0.5411272328125001 0.45059680625 0.5299665171875 0.45759617500000005 0.49369419687500005 0.4554963640625 0.4671875 0.463895609375 0.41556919687500005 0.46739529375 0.323493303125 0.46739529375 0.3025669640625 0.454096490625 0.3053571421875 0.444297371875 0.3486049109375 0.437298003125 0.39464285781249997 0.427498884375 0.4560267859375 0.42119945156250005 0.4811383921875 0.4176997671875 0.5104352671875
9 0.37850329375 0.52578125 0.39040222343750003 0.5397321421875 0.40370102656249995 0.5397321421875 0.41420008125 0.518805803125 0.419099640625 0.476953125 0.4155999546875 0.4532366078125 0.42189938906249996 0.4364955359375 0.42189938906249996 0.4071986609375 0.42189938906249996 0.294196428125 0.41000045937499996 0.284430803125 0.4023011515625 0.3053571421875 0.3988014671875 0.340234375 0.39110215937500004 0.39464285781249997 0.38410279062499997 0.4434709828125 0.3708039875 0.4755580359375 0.37850329375 0.52578125
15 0.357505184375 0.518805803125 0.37640348281249997 0.5118303578125001 0.3694041125 0.4713727671875 0.38060310468749997 0.4434709828125 0.391802096875 0.3709263390625 0.391802096875 0.3220982140625 0.3848027265625 0.308147321875 0.3687041765625 0.320703125 0.365204490625 0.376506696875 0.3596049953125 0.398828125 0.352605625 0.42114955312499996 0.3540054984375 0.4392857140625 0.3414066328125 0.4630022328125 0.339306821875 0.49369419687500005 0.347706065625 0.5174107140624999 0.357505184375 0.518805803125
15 0.339306821875 0.48671875 0.34070669531250003 0.4588169640625 0.35050581406250003 0.4434709828125 0.352605625 0.3709263390625 0.35470543593750004 0.3290736609375 0.349105940625 0.30675223281249997 0.34000675937499997 0.3025669640625 0.32530808125 0.3416294640625 0.3190086484375 0.4002232140625 0.3141090890625 0.41556919687500005 0.302910096875 0.44486607187500005 0.303610034375 0.4811383921875 0.317608775 0.4978794640625 0.3281078296875 0.4909040171875 0.339306821875 0.48671875
13 0.25531438125 0.4713727671875 0.26441356250000003 0.4783482140625 0.2756125546875 0.47416294687500005 0.28961129375 0.4909040171875 0.30221016093749997 0.4881138390625 0.30011035 0.44068080312499996 0.30850959375000003 0.42533482187500005 0.30710971875 0.3890625 0.312709215625 0.3123325890625 0.30780965625 0.301171875 0.2805121140625 0.2955915171875 0.27351274375 0.35558035781249997 0.2630136875 0.3904575890625 0.25811412968749997 0.396037946875 0.24971488437499997 0.4267299109375 0.25531438125 0.4713727671875
13 0.1993194203125 0.3639508921875 0.19861948437500002 0.396037946875 0.205618853125 0.4169642859375 0.2119182875 0.42533482187500005 0.224517153125 0.4323102671875 0.2364160828125 0.44486607187500005 0.247615075 0.4364955359375 0.2483150109375 0.4225446421875 0.25391450625 0.40161830312499996 0.25601431875 0.3834821421875 0.2658134359375 0.3220982140625 0.26861318437500004 0.27745535781249997 0.258814065625 0.255133928125 0.23781595625000002 0.255133928125 0.2357161453125 0.271875 0.2273169015625 0.308147321875 0.21751778281249998 0.3346540171875 0.20841860156249997 0.3416294640625 0.1993194203125 0.3639508921875
13 0.2231172796875 0.2328125 0.21681784531249998 0.2244419640625 0.1951197984375 0.23560267812500002 0.193719925 0.281640625 0.19162011406249999 0.298381696875 0.1993194203125 0.3248883921875 0.2105184125 0.3193080359375 0.223817215625 0.3193080359375 0.23221645937500002 0.27745535781249997 0.2315165234375 0.255133928125 0.2231172796875 0.2328125
3 0.5135911359375 0.5690290171875 0.5352891828125 0.574609375 0.5506877968749999 0.567633928125 0.55698723125 0.5508928578125001 0.5583871046875 0.5076450890624999 0.5527876078125 0.46997767812499996 0.5576871671875 0.4002232140625 0.5548874203125 0.3416294640625 0.5436884281250001 0.313727678125 0.5352891828125 0.3318638390625 0.5275898765625 0.386272321875 0.5177907578125 0.4630022328125 0.5107913890625 0.4909040171875 0.507991640625 0.562053571875 0.5135911359375 0.5690290171875
3 0.5576871671875 0.50625 0.5576871671875 0.5508928578125001 0.5611868531249999 0.562053571875 0.579385215625 0.5704241078125001 0.5940838921875 0.552287946875 0.5954837656249999 0.5104352671875 0.59128414375 0.476953125 0.59058420625 0.40580357187500005 0.59058420625 0.34581473281249997 0.587784459375 0.3346540171875 0.578685278125 0.3346540171875 0.569586096875 0.36534598281249997 0.569586096875 0.4002232140625 0.5660864125 0.4337053578125 0.5667863484375 0.476953125 0.5576871671875 0.50625
1 0.596183703125 0.5020647328125001 0.596183703125 0.5453125 0.6087825687499999 0.562053571875 0.6276808671875 0.557868303125 0.6346802390625 0.5411272328125001 0.6332803640625 0.47416294687500005 0.6297806796875001 0.4588169640625 0.6234812468750001 0.3639508921875 0.62698093125 0.301171875 0.61788175 0.294196428125 0.6108823796875 0.313727678125 0.605282884375 0.352790178125 0.6059828203125 0.3904575890625 0.6010832625 0.437890625 0.6010832625 0.47974330312499996 0.596183703125 0.5020647328125001
7 0.6514787265625 0.5453125 0.6633776546875 0.5439174109375 0.6717769 0.518805803125 0.670377025 0.5020647328125001 0.6633776546875 0.4685825890625 0.6633776546875 0.437890625 0.6563782859375 0.356975446875 0.6423795453125 0.352790178125 0.635380175 0.3834821421875 0.6339803015625 0.4267299109375 0.6332803640625 0.4588169640625 0.635380175 0.4713727671875 0.6374799859375 0.528571428125 0.6514787265625 0.5453125
7 0.6836758281249999 0.5271763390624999 0.6990744421875 0.5174107140624999 0.7046739390625001 0.5006696421875 0.701174253125 0.46997767812499996 0.6920750734375 0.4239397328125 0.6871755140625 0.366741071875 0.6780763328125 0.3444196421875 0.6696770890625 0.3513950890625 0.6689771515625 0.4044084828125 0.6689771515625 0.4532366078125 0.6668773406249999 0.476953125 0.6738767109375 0.5146205359375 0.6836758281249999 0.5271763390624999
5 0.71517299375 0.5104352671875 0.7312715453124999 0.496484375 0.7431704734375 0.496484375 0.75156971875 0.46439732187500005 0.75156971875 0.43510044687500005 0.7459702218750001 0.4225446421875 0.736871040625 0.386272321875 0.73197148125 0.3109375 0.702574128125 0.32628348281249997 0.702574128125 0.362555803125 0.7039740015625 0.396037946875 0.7039740015625 0.437890625 0.701174253125 0.4588169640625 0.70677375 0.5020647328125001 0.71517299375 0.5104352671875
5 0.7529695921874999 0.4337053578125 0.7529695921874999 0.46021205312499996 0.7655684578125 0.4685825890625 0.7746676390625 0.4616071421875 0.7802671359375 0.4616071421875 0.7872665046875 0.44486607187500005 0.7963656859375 0.4434709828125 0.799865371875 0.42533482187500005 0.7977655609375 0.3876674109375 0.7844667578125 0.3639508921875 0.7718678921875 0.340234375 0.7662683953125 0.28722098281249997 0.75016984375 0.281640625 0.736871040625 0.29698660781249997 0.7403707265625 0.337444196875 0.7410706625000001 0.36953125 0.75016984375 0.4030133921875 0.7487699703125 0.42114955312499996 0.7529695921874999 0.4337053578125
5 0.7935659390625001 0.356975446875 0.799165434375 0.33604910781249997 0.8103644265625001 0.333258928125 0.8124642375000001 0.3025669640625 0.799165434375 0.2830357140625 0.7928660015625 0.23560267812500002 0.7921660640625 0.223046875 0.7823669468750001 0.2244419640625 0.7739677031250001 0.2704799109375 0.76906814375 0.29140625 0.7725678281249999 0.33046875 0.7823669468750001 0.35 0.7935659390625001 0.356975446875
10 0.49819252187499996 0.672265625 0.50169220625 0.645758928125 0.5023921437500001 0.584375 0.4834938453125 0.5885602671875 0.47299479062499994 0.581584821875 0.4750946015625 0.6373883921875 0.476494475 0.6625 0.4785942859375 0.704352678125 0.4939929 0.708537946875 0.49819252187499996 0.672265625
10 0.45899605 0.577399553125 0.4393978140625 0.581584821875 0.436598065625 0.6122767859375 0.4435974359375 0.704352678125 0.4561963015625 0.728069196875 0.4652954828125 0.7155133921875 0.4652954828125 0.6708705359375 0.472294853125 0.620647321875 0.472294853125 0.5829799109375 0.45899605 0.577399553125
8 0.42119945156250005 0.6931919640624999 0.42959869531250006 0.659709821875 0.43239844375 0.6318080359375 0.435898128125 0.620647321875 0.437298003125 0.5885602671875 0.427498884375 0.5606584828125001 0.4072007109375 0.5732142859375 0.3988014671875 0.5885602671875 0.3981015296875 0.620647321875 0.3939019078125 0.649944196875 0.3897022859375 0.7350446421875 0.3890023484375 0.7587611609375 0.39670165625 0.7643415171875 0.4086005859375 0.7517857140624999 0.42119945156250005 0.6931919640624999
14 0.356805246875 0.5857700890624999 0.3694041125 0.5606584828125001 0.3694041125 0.5397321421875 0.356105309375 0.5202008921875 0.34000675937499997 0.518805803125 0.3225083328125 0.5243861609375 0.3183087109375 0.5508928578125001 0.32180839687499996 0.577399553125 0.30710971875 0.6708705359375 0.312709215625 0.723883928125 0.3239082078125 0.7057477671875 0.3379069484375 0.6541294640624999 0.347706065625 0.613671875 0.356805246875 0.5857700890624999
12 0.1818209953125 0.591350446875 0.1951197984375 0.6345982140624999 0.2119182875 0.6345982140624999 0.23781595625000002 0.6025111609375 0.258814065625 0.571819196875 0.28121205 0.557868303125 0.2889113578125 0.5202008921875 0.2840117984375 0.49927455312499996 0.2658134359375 0.4853236609375 0.2434154515625 0.4560267859375 0.228716775 0.4671875 0.21961759375 0.5104352671875 0.205618853125 0.5494977671875 0.1818209953125 0.591350446875
12 0.21681784531249998 0.516015625 0.209818475 0.48950892812499996 0.209818475 0.4713727671875 0.1993194203125 0.44068080312499996 0.1755215625 0.45463169687500005 0.145424271875 0.47974330312499996 0.1384249015625 0.503459821875 0.1412246484375 0.5411272328125001 0.162222759375 0.5467075890624999 0.18462074374999998 0.548102678125 0.20211916875 0.5494977671875 0.21681784531249998 0.516015625
2 0.5394888046874999 0.723883928125 0.5310895609374999 0.6638950890624999 0.5324894359375001 0.6443638390624999 0.530389625 0.5997209828125001 0.52129044375 0.5899553578125001 0.5044919546875 0.5885602671875 0.5044919546875 0.6373883921875 0.5121912625 0.6834263390624999 0.5177907578125 0.7224888390624999 0.5296896875 0.7364397328125001 0.5394888046874999 0.723883928125
2 0.5646865375 0.6276227671875 0.5618867890625 0.5955357140624999 0.5499878609375 0.581584821875 0.52898975 0.584375 0.5352891828125 0.640178571875 0.53808893125 0.6583147328125001 0.54788805 0.7266741078125001 0.5611868531249999 0.7266741078125001 0.5646865375 0.6276227671875
0 0.60948250625 0.796428571875 0.6108823796875 0.769921875 0.6108823796875 0.7196986609375 0.6024831359375 0.675055803125 0.6024831359375 0.640178571875 0.6017831984375 0.610881696875 0.596183703125 0.5801897328125001 0.57238584375 0.577399553125 0.5639866 0.591350446875 0.568886159375 0.6387834828125001 0.5800851515625001 0.7057477671875 0.587784459375 0.7462053578125001 0.5975835765624999 0.7810825890624999 0.60948250625 0.796428571875
6 0.6290807421875 0.730859375 0.640279734375 0.7448102671875 0.649378915625 0.730859375 0.6374799859375 0.6680803578125001 0.6360801125 0.626227678125 0.6374799859375 0.6080915171875 0.6381799234375001 0.5732142859375 0.631880490625 0.5662388390624999 0.6024831359375 0.567633928125 0.5989834515625 0.5857700890624999 0.6031830734375 0.620647321875 0.6101824437500001 0.6373883921875 0.6192816234375 0.68203125 0.6290807421875 0.730859375
6 0.66127784375 0.6778459828125001 0.6689771515625 0.7169084828125001 0.67947620625 0.7420200890624999 0.6906751984375 0.737834821875 0.6815760171874999 0.6764508921875 0.6738767109375 0.601116071875 0.6773763953125 0.5857700890624999 0.6724768359375 0.557868303125 0.6682772140625 0.542522321875 0.66127784375 0.552287946875 0.6423795453125 0.542522321875 0.6360801125 0.562053571875 0.639579796875 0.6053013390624999 0.648678978125 0.6234375 0.66127784375 0.6778459828125001
4 0.69767456875 0.665290178125 0.709573496875 0.714118303125 0.745270284375 0.6834263390624999 0.7298716703125 0.5760044640624999 0.73197148125 0.5494977671875 0.7256720484375 0.5146205359375 0.7074736859375 0.509040178125 0.6913751359375 0.5299665171875 0.6773763953125 0.52578125 0.6696770890625 0.5453125 0.6780763328125 0.5760044640624999 0.689275325 0.6122767859375 0.69767456875 0.665290178125
4 0.7823669468750001 0.48671875 0.773267765625 0.4713727671875 0.7606689 0.4727678578125 0.746670159375 0.4909040171875 0.7431704734375 0.503459821875 0.729171734375 0.50625 0.7312715453124999 0.5467075890624999 0.7424705375 0.5634486609375 0.7578691515625 0.6318080359375 0.7760675125 0.6541294640624999 0.7970656234375 0.6220424109375 0.7886663796875 0.5564732140624999 0.7844667578125 0.5118303578125001 0.7823669468750001 0.48671875
4 0.8222633546875 0.48950892812499996 0.818063734375 0.4657924109375 0.8019651828125 0.4588169640625 0.791466128125 0.4588169640625 0.7837668203125 0.4909040171875 0.794265875 0.567633928125 0.8068647421874999 0.5662388390624999 0.84046171875 0.571819196875 0.8481610249999999 0.50625 0.8222633546875 0.48950892812499996
14 0.3848027265625 0.64296875 0.39600171875 0.6053013390624999 0.3995014046875 0.5787946421875 0.4051009 0.5704241078125001 0.39670165625 0.5494977671875 0.383402853125 0.542522321875 0.3722038609375 0.5508928578125001 0.3687041765625 0.5690290171875 0.3596049953125 0.5829799109375 0.356105309375 0.635993303125 0.3554053734375 0.659709821875 0.34350644375 0.7350446421875 0.36100486875 0.7294642859375 0.37010405 0.7127232140624999 0.3848027265625 0.64296875