11 0.463895609375 0.590478515625 0.4969676328125 0.59169921875 0.49758007656250003 0.56728515625 0.4957427421875 0.5111328125 0.4963551875 0.473291015625 0.49268051875 0.404931640625 0.48961829375 0.390283203125 0.47553206093749995 0.385400390625 0.46940761249999996 0.400048828125 0.463895609375 0.436669921875 0.464508053125 0.496484375 0.46205827343749994 0.56728515625 0.463895609375 0.590478515625
11 0.46205827343749994 0.580712890625 0.4632831640625 0.50625 0.4602209390625 0.434228515625 0.45593382499999996 0.3939453125 0.4534840453125 0.3646484375 0.440622703125 0.380517578125 0.43511069999999996 0.395166015625 0.43511069999999996 0.451318359375 0.43511069999999996 0.4818359375 0.433885809375 0.516015625 0.43204847500000004 0.553857421875 0.43204847500000004 0.583154296875 0.44001025781249997 0.59169921875 0.460833384375 0.588037109375 0.46205827343749994 0.580712890625
9 0.4008137859375 0.4916015625 0.399588896875 0.52822265625 0.3977515625 0.558740234375 0.4008137859375 0.584375 0.40877557031249995 0.594140625 0.41857468750000004 0.594140625 0.4314360296875 0.580712890625 0.43204847500000004 0.5111328125 0.43204847500000004 0.485498046875 0.43204847500000004 0.446435546875 0.42898625 0.41591796875 0.4246991359375 0.380517578125 0.4155124625 0.356103515625 0.406938234375 0.334130859375 0.3977515625 0.336572265625 0.3953017828125 0.3646484375 0.399588896875 0.38662109375 0.4008137859375 0.443994140625 0.4008137859375 0.4916015625
15 0.3971391171875 0.580712890625 0.3959142265625 0.5404296875 0.3940768921875 0.50380859375 0.3971391171875 0.446435546875 0.3959142265625 0.412255859375 0.3959142265625 0.38662109375 0.38795244375000004 0.35732421875 0.37876577031249997 0.368310546875 0.3738662109375 0.3841796875 0.3738662109375 0.44765625 0.369579096875 0.487939453125 0.369579096875 0.517236328125 0.359167534375 0.566064453125 0.36345464843749997 0.588037109375 0.3738662109375 0.59658203125 0.3836653296875 0.590478515625 0.3971391171875 0.580712890625
13 0.2936359328125 0.536767578125 0.29976038125 0.555078125 0.3089470546875 0.56728515625 0.31935861718749997 0.556298828125 0.33099507031250003 0.56728515625 0.34446885781250003 0.56484375 0.354267975 0.54287109375 0.3548804203125 0.516015625 0.3469186359375 0.490380859375 0.3432439671875 0.458642578125 0.34446885781250003 0.4232421875 0.3377319640625 0.3646484375 0.32854529062500004 0.35732421875 0.294860821875 0.37197265625 0.2973106015625 0.397607421875 0.298535490625 0.4330078125 0.29976038125 0.473291015625 0.291798596875 0.500146484375 0.2936359328125 0.536767578125
13 0.282611925 0.556298828125 0.2924110421875 0.546533203125 0.2899612625 0.519677734375 0.2924110421875 0.48671875 0.2942483765625 0.451318359375 0.2930234875 0.40126953125 0.284449259375 0.3744140625 0.27465014062500004 0.356103515625 0.25995146406249997 0.34755859375 0.2513772359375 0.365869140625 0.2550519046875 0.428125 0.257501684375 0.453759765625 0.24219056249999998 0.5013671875 0.24402789687499998 0.534326171875 0.25198967968749997 0.5453125 0.25933901875 0.541650390625 0.26975058125 0.563623046875 0.282611925 0.556298828125
3 0.5202405375 0.590478515625 0.531876990625 0.58193359375 0.531876990625 0.553857421875 0.5337143249999999 0.5208984375 0.5337143249999999 0.50380859375 0.5294272109375 0.4525390625 0.5312645453125 0.375634765625 0.5233027625 0.3646484375 0.5000298562500001 0.363427734375 0.5000298562500001 0.4037109375 0.5000298562500001 0.4525390625 0.49758007656250003 0.509912109375 0.4988049671875 0.588037109375 0.5202405375 0.590478515625
3 0.5459632234375 0.58193359375 0.5631116796875 0.578271484375 0.5680112390625001 0.5599609375 0.565561459375 0.534326171875 0.5631116796875 0.50625 0.56739879375 0.470849609375 0.56433656875 0.422021484375 0.56739879375 0.363427734375 0.5582121203125 0.351220703125 0.5520876718750001 0.3646484375 0.54045121875 0.390283203125 0.5398387734375001 0.439111328125 0.535551659375 0.505029296875 0.5337143249999999 0.5794921875 0.5459632234375 0.58193359375
1 0.5710734625 0.575830078125 0.579647690625 0.58681640625 0.5949588125 0.57705078125 0.5992459265625001 0.5501953125 0.6023081515625 0.514794921875 0.599858371875 0.490380859375 0.6041454859375001 0.453759765625 0.6004708171875001 0.417138671875 0.6010832625 0.359765625 0.5937339234375 0.353662109375 0.579647690625 0.353662109375 0.5735232421875 0.38662109375 0.5698485734375 0.428125 0.5698485734375 0.46962890625 0.56739879375 0.519677734375 0.5710734625 0.575830078125
7 0.6139446046875 0.527001953125 0.6182317187499999 0.5501953125 0.6255810578125 0.56484375 0.6359926203125 0.5599609375 0.64211706875 0.57705078125 0.6513037421875 0.574609375 0.6598779703125001 0.551416015625 0.6580406359375 0.52822265625 0.6562033015625001 0.502587890625 0.6598779703125001 0.46474609375 0.65559085625 0.428125 0.6543659671875 0.36953125 0.650691296875 0.359765625 0.6347677296875001 0.3548828125 0.6280308359375 0.387841796875 0.6255810578125 0.404931640625 0.6225188328125 0.44521484375 0.6176192734375 0.4916015625 0.6139446046875 0.527001953125
5 0.6580406359375 0.505029296875 0.6617153046875 0.551416015625 0.6684521984375 0.5599609375 0.680701096875 0.558740234375 0.689275325 0.54775390625 0.6990744421875 0.55751953125 0.70642378125 0.546533203125 0.711323340625 0.51845703125 0.7082611156249999 0.500146484375 0.70336155625 0.475732421875 0.6996868875 0.451318359375 0.7027491125 0.43056640625 0.7045864468749999 0.360986328125 0.6996868875 0.35244140625 0.6715144234375 0.348779296875 0.665389975 0.3890625 0.66232775 0.41591796875 0.66232775 0.44521484375 0.66232775 0.47451171875 0.6580406359375 0.505029296875
5 0.7094860062499999 0.45986328125 0.7070362265625 0.4818359375 0.713160675 0.52333984375 0.725409571875 0.53798828125 0.732146465625 0.52822265625 0.7431704734375 0.516015625 0.75419448125 0.50380859375 0.7548069265625 0.475732421875 0.7480700328125 0.456201171875 0.7394958046875 0.4232421875 0.7394958046875 0.382958984375 0.7370460249999999 0.340234375 0.7370460249999999 0.32802734375 0.7266344625000001 0.319482421875 0.7205100140625 0.334130859375 0.7107108953125 0.356103515625 0.7076486703125 0.385400390625 0.7076486703125 0.4232421875 0.7094860062499999 0.45986328125
10 0.4963551875 0.758935546875 0.4963551875 0.79921875 0.5030920812499999 0.8236328125 0.51656586875 0.8236328125 0.514728534375 0.758935546875 0.5122787546875001 0.710107421875 0.5104414203125 0.6771484375 0.5104414203125 0.6478515625 0.507991640625 0.61611328125 0.5037045265625 0.610009765625 0.4828814 0.61611328125 0.485943625 0.641748046875 0.49023073906250003 0.66494140625 0.4920680734375 0.693017578125 0.49268051875 0.7259765625 0.4963551875 0.758935546875
10 0.49513029687500004 0.80654296875 0.49513029687500004 0.75771484375 0.4908431828125 0.734521484375 0.4908431828125 0.705224609375 0.48900584843750006 0.67470703125 0.4883934046875 0.656396484375 0.4828814 0.6234375 0.464508053125 0.614892578125 0.4602209390625 0.656396484375 0.45838360468749995 0.69912109375 0.45838360468749995 0.74306640625 0.46512049843750003 0.807763671875 0.4736947265625 0.8529296875 0.49023073906250003 0.849267578125 0.49819252187499996 0.837060546875 0.49513029687500004 0.80654296875
8 0.47063250312499993 0.85048828125 0.464508053125 0.82607421875 0.457771159375 0.74306640625 0.4565462703125 0.69912109375 0.45838360468749995 0.6576171875 0.4632831640625 0.614892578125 0.457158715625 0.5990234375 0.4430724828125 0.610009765625 0.43511069999999996 0.639306640625 0.42959869531250006 0.673486328125 0.42959869531250006 0.70888671875 0.43082358593750003 0.751611328125 0.436948034375 0.79189453125 0.4449098171875 0.822412109375 0.447359596875 0.8626953125 0.47063250312499993 0.85048828125
14 0.36345464843749997 0.71865234375 0.3536555296875 0.751611328125 0.3377319640625 0.788232421875 0.33589462812500004 0.812646484375 0.349368415625 0.81630859375 0.3677417625 0.79677734375 0.3799906609375 0.768701171875 0.3873399984375 0.734521484375 0.40142623125 0.702783203125 0.4142875734375 0.680810546875 0.4277613609375 0.661279296875 0.427148915625 0.639306640625 0.41490001875000004 0.62587890625 0.40632579062499996 0.607568359375 0.3873399984375 0.607568359375 0.38244043906249997 0.6234375 0.376315990625 0.649072265625 0.368966653125 0.67958984375 0.36345464843749997 0.71865234375
12 0.3407941875 0.776025390625 0.355492865625 0.740625 0.365904428125 0.693017578125 0.3750911015625 0.64296875 0.3855026640625 0.6087890625 0.3720288765625 0.607568359375 0.36100486875 0.59658203125 0.35059330625 0.59658203125 0.338956853125 0.58681640625 0.3297701796875 0.592919921875 0.3181337265625 0.595361328125 0.311396834375 0.6234375 0.3138466125 0.651513671875 0.3156839484375 0.6771484375 0.2973106015625 0.734521484375 0.2905737078125 0.76748046875 0.3138466125 0.805322265625 0.33221995937500004 0.800439453125 0.3407941875 0.776025390625
12 0.2262669953125 0.575830078125 0.1993194203125 0.59169921875 0.1974820859375 0.60390625 0.19503230625 0.634423828125 0.1956447515625 0.66005859375 0.20544386874999998 0.673486328125 0.220142546875 0.66494140625 0.230554109375 0.651513671875 0.2446403421875 0.64541015625 0.25811412968749997 0.649072265625 0.27648747500000004 0.6478515625 0.2838368140625 0.639306640625 0.2875114828125 0.612451171875 0.2887363734375 0.5990234375 0.2752625859375 0.580712890625 0.26607591249999996 0.5697265625 0.25627679375 0.551416015625 0.2446403421875 0.558740234375 0.23239144375 0.570947265625 0.2262669953125 0.575830078125
2 0.5300396562499999 0.8333984375 0.54351344375 0.8333984375 0.54351344375 0.788232421875 0.54045121875 0.750390625 0.53677655 0.714990234375 0.534939215625 0.672265625 0.53677655 0.651513671875 0.5337143249999999 0.61123046875 0.5092165296875 0.605126953125 0.51350364375 0.6380859375 0.5141160890625 0.668603515625 0.5159534234375001 0.71376953125 0.5196280921875001 0.77236328125 0.522077871875 0.8041015625 0.5300396562499999 0.8333984375
2 0.5380014390625 0.68447265625 0.5410636640625001 0.727197265625 0.54351344375 0.754052734375 0.545350778125 0.808984375 0.5471881125 0.8431640625 0.5588245656249999 0.846826171875 0.5624992343749999 0.815087890625 0.5612743453125 0.77236328125 0.5637241234375 0.719873046875 0.5637241234375 0.6771484375 0.5637241234375 0.652734375 0.5624992343749999 0.613671875 0.55392500625 0.605126953125 0.5416761078125 0.600244140625 0.5324894359375001 0.602685546875 0.535551659375 0.6185546875 0.5380014390625 0.639306640625 0.5392263296875 0.66005859375 0.5380014390625 0.68447265625
0 0.569236128125 0.80166015625 0.5735232421875 0.834619140625 0.581485025 0.8529296875 0.58822191875 0.790673828125 0.59434636875 0.75283203125 0.596183703125 0.711328125 0.5937339234375 0.673486328125 0.5937339234375 0.646630859375 0.5900592546875 0.610009765625 0.572298353125 0.594140625 0.5631116796875 0.610009765625 0.5649490140625 0.65517578125 0.569236128125 0.693017578125 0.569236128125 0.729638671875 0.5667863484375 0.76748046875 0.569236128125 0.80166015625
6 0.6004708171875001 0.7796875 0.6053703765625 0.810205078125 0.6145570499999999 0.81142578125 0.6219063874999999 0.75771484375 0.6219063874999999 0.717431640625 0.6219063874999999 0.6869140625 0.6255810578125 0.66494140625 0.626805946875 0.636865234375 0.6255810578125 0.605126953125 0.6090450453125 0.5892578125 0.5937339234375 0.610009765625 0.5937339234375 0.641748046875 0.5980210375 0.666162109375 0.5980210375 0.70888671875 0.5974085921875 0.744287109375 0.6004708171875001 0.7796875
4 0.718060234375 0.7015625 0.7051988921875 0.673486328125 0.70336155625 0.651513671875 0.7002993328125 0.63564453125 0.7027491125 0.610009765625 0.701524221875 0.5697265625 0.6751890921875 0.574609375 0.6635526390625001 0.59169921875 0.6457917375 0.594140625 0.63905484375 0.60146484375 0.6427295140625 0.617333984375 0.6488539624999999 0.653955078125 0.657428190625 0.661279296875 0.6666148640625 0.700341796875 0.6751890921875 0.740625 0.68253843125 0.771142578125 0.701524221875 0.7796875 0.7278593515625 0.754052734375 0.718060234375 0.7015625
4 0.7235722375 0.68203125 0.7339838015625 0.7064453125 0.7511322578125 0.736962890625 0.779304721875 0.702783203125 0.7750176078125001 0.68203125 0.7652184890625 0.653955078125 0.7535820375 0.627099609375 0.7535820375 0.602685546875 0.7529695921874999 0.5697265625 0.7480700328125 0.544091796875 0.731534021875 0.53798828125 0.7211224578125 0.556298828125 0.714998009375 0.553857421875 0.7027491125 0.5697265625 0.7045864468749999 0.6185546875 0.71989756875 0.64296875 0.7235722375 0.68203125