11 0.45470893593749995 0.45498046875 0.4534840453125 0.483056640625 0.4553213796875 0.527001953125 0.45899605 0.53798828125 0.47920673125 0.541650390625 0.49268051875 0.529443359375 0.48900584843750006 0.475732421875 0.48533117968750006 0.453759765625 0.4822689546875 0.4134765625 0.47798184062500004 0.353662109375 0.4736947265625 0.29384765625 0.46573294374999996 0.295068359375 0.4528716015625 0.28896484375 0.4461347078125 0.307275390625 0.4467471515625 0.329248046875 0.44797204218750003 0.380517578125 0.4534840453125 0.419580078125 0.45470893593749995 0.45498046875
11 0.43082358593750003 0.53310546875 0.443684928125 0.53798828125 0.4534840453125 0.531884765625 0.4534840453125 0.47939453125 0.450421821875 0.44521484375 0.450421821875 0.41591796875 0.444297371875 0.358544921875 0.444297371875 0.33046875 0.444297371875 0.29140625 0.43817292343750003 0.28408203125 0.42837380625000004 0.295068359375 0.42592402656250006 0.340234375 0.4277613609375 0.375634765625 0.427148915625 0.398828125 0.427148915625 0.439111328125 0.42592402656250006 0.461083984375 0.423474246875 0.483056640625 0.42531158125 0.516015625 0.43082358593750003 0.53310546875
9 0.4038760109375 0.534326171875 0.41490001875000004 0.5306640625 0.4228618015625 0.517236328125 0.4216369125 0.476953125 0.4246991359375 0.44765625 0.4246991359375 0.42080078125 0.42592402656250006 0.37685546875 0.4216369125 0.3255859375 0.4179622421875 0.295068359375 0.4093880140625 0.287744140625 0.40020134062499996 0.29140625 0.3971391171875 0.307275390625 0.39836400625 0.360986328125 0.3989764515625 0.398828125 0.3977515625 0.431787109375 0.3946893375 0.453759765625 0.38978977812500004 0.47451171875 0.3891773328125 0.49892578125 0.39346444687500004 0.52333984375 0.4038760109375 0.534326171875
15 0.3432439671875 0.41591796875 0.33711951875 0.441552734375 0.33405729375000004 0.473291015625 0.33589462812500004 0.4916015625 0.342019078125 0.50869140625 0.3536555296875 0.512353515625 0.3646795375 0.496484375 0.37141643125 0.480615234375 0.3720288765625 0.46474609375 0.3708039875 0.443994140625 0.3701915421875 0.417138671875 0.37141643125 0.39150390625 0.3738662109375 0.360986328125 0.369579096875 0.30361328125 0.3701915421875 0.29140625 0.362229759375 0.280419921875 0.3530430859375 0.285302734375 0.35059330625 0.304833984375 0.3512057515625 0.343896484375 0.34753108125 0.382958984375 0.3432439671875 0.41591796875
3 0.48900584843750006 0.461083984375 0.49390540781250003 0.529443359375 0.51350364375 0.5306640625 0.528202321875 0.52333984375 0.5257525421875 0.480615234375 0.5226903171874999 0.456201171875 0.5190156484374999 0.428125 0.5190156484374999 0.402490234375 0.5141160890625 0.356103515625 0.509828975 0.29873046875 0.5043169703125 0.292626953125 0.49390540781250003 0.292626953125 0.4871685140625 0.3060546875 0.4871685140625 0.33779296875 0.48961829375 0.37685546875 0.48900584843750006 0.42080078125 0.48900584843750006 0.461083984375
3 0.52391520625 0.4525390625 0.5300396562499999 0.517236328125 0.5471881125 0.51357421875 0.5582121203125 0.497705078125 0.5563747859375 0.470849609375 0.5551498953125 0.439111328125 0.5459632234375 0.39638671875 0.542288553125 0.35732421875 0.53677655 0.28896484375 0.528814765625 0.2767578125 0.51656586875 0.27919921875 0.515340978125 0.29384765625 0.515340978125 0.336572265625 0.5190156484374999 0.373193359375 0.5233027625 0.419580078125 0.52391520625 0.4525390625
1 0.557599675 0.431787109375 0.5582121203125 0.485498046875 0.5765854671875 0.5013671875 0.58454725 0.496484375 0.5900592546875 0.478173828125 0.5918965890625 0.453759765625 0.5888343640625 0.43544921875 0.581485025 0.4037109375 0.5753605765625001 0.360986328125 0.5704610171875 0.285302734375 0.5588245656249999 0.26943359375 0.54351344375 0.263330078125 0.54351344375 0.29873046875 0.54351344375 0.321923828125 0.5459632234375 0.356103515625 0.5496378921875 0.397607421875 0.557599675 0.431787109375
7 0.6059828203125 0.402490234375 0.6090450453125 0.44521484375 0.6188441640625 0.457421875 0.63231795 0.45498046875 0.643341959375 0.4720703125 0.6525286312499999 0.456201171875 0.657428190625 0.431787109375 0.6500788515625 0.41103515625 0.6464041828125 0.38662109375 0.643954403125 0.359765625 0.636605065625 0.31337890625 0.6310930609375001 0.256005859375 0.6176192734375 0.2328125 0.609657490625 0.238916015625 0.6023081515625 0.268212890625 0.603533040625 0.3060546875 0.60475793125 0.346337890625 0.6078201562500001 0.387841796875 0.6059828203125 0.402490234375
5 0.6482415171875 0.385400390625 0.6549784109375001 0.419580078125 0.6709019781250001 0.4330078125 0.6782513171875 0.428125 0.68988776875 0.426904296875 0.69601221875 0.417138671875 0.694787328125 0.392724609375 0.6923375484375 0.37197265625 0.691112659375 0.3353515625 0.6972371078124999 0.2669921875 0.6923375484375 0.246240234375 0.6770264265625 0.236474609375 0.6629401953125 0.25234375 0.6580406359375 0.282861328125 0.6562033015625001 0.3158203125 0.653753521875 0.356103515625 0.6482415171875 0.385400390625
6 0.6072077109375 0.602685546875 0.6078201562500001 0.6283203125 0.6139446046875 0.6625 0.6188441640625 0.6966796875 0.6274183921875001 0.72353515625 0.64211706875 0.734521484375 0.6549784109375001 0.717431640625 0.6500788515625 0.700341796875 0.6451792937499999 0.666162109375 0.6378299546874999 0.62587890625 0.636605065625 0.583154296875 0.637217509375 0.561181640625 0.6359926203125 0.52578125 0.6249686125 0.512353515625 0.6176192734375 0.517236328125 0.6108823796875 0.50869140625 0.5967961484375001 0.527001953125 0.5980210375 0.54287109375 0.602920596875 0.57216796875 0.6072077109375 0.602685546875
6 0.60475793125 0.693017578125 0.6023081515625 0.644189453125 0.599858371875 0.56728515625 0.5937339234375 0.529443359375 0.581485025 0.516015625 0.572298353125 0.529443359375 0.56739879375 0.5404296875 0.5649490140625 0.56484375 0.572910796875 0.600244140625 0.5802601359375 0.64541015625 0.58454725 0.683251953125 0.587609475 0.72353515625 0.5980210375 0.751611328125 0.609657490625 0.734521484375 0.60475793125 0.693017578125
0 0.5771979109375 0.740625 0.5771979109375 0.71376953125 0.572910796875 0.668603515625 0.5710734625 0.62587890625 0.56739879375 0.585595703125 0.5631116796875 0.56728515625 0.5637241234375 0.53310546875 0.5478005578125 0.529443359375 0.53677655 0.544091796875 0.53738899375 0.583154296875 0.54045121875 0.61123046875 0.542288553125 0.64052734375 0.549025446875 0.680810546875 0.5557623406250001 0.72353515625 0.5594370093750001 0.76015625 0.5686236828125 0.761376953125 0.5771979109375 0.740625
2 0.542288553125 0.7015625 0.5410636640625001 0.6576171875 0.538613884375 0.62099609375 0.535551659375 0.59169921875 0.5337143249999999 0.544091796875 0.5177907578125 0.546533203125 0.5104414203125 0.556298828125 0.5122787546875001 0.60146484375 0.5159534234375001 0.617333984375 0.518403203125 0.644189453125 0.5226903171874999 0.68447265625 0.5257525421875 0.722314453125 0.534939215625 0.74794921875 0.5459632234375 0.74794921875 0.542288553125 0.7015625
2 0.5171783140625 0.658837890625 0.51350364375 0.624658203125 0.5122787546875001 0.607568359375 0.509828975 0.566064453125 0.5092165296875 0.546533203125 0.49819252187499996 0.539208984375 0.48655606875 0.54287109375 0.485943625 0.553857421875 0.49023073906250003 0.585595703125 0.49268051875 0.614892578125 0.49513029687500004 0.649072265625 0.5000298562500001 0.68935546875 0.5067667499999999 0.729638671875 0.521465428125 0.740625 0.525140096875 0.7064453125 0.5171783140625 0.658837890625
10 0.4957427421875 0.672265625 0.49145562812500004 0.629541015625 0.4883934046875 0.614892578125 0.48900584843750006 0.59169921875 0.4834938453125 0.555078125 0.46573294374999996 0.558740234375 0.467570278125 0.597802734375 0.47063250312499993 0.62587890625 0.47675695156250003 0.66982421875 0.48165651093750006 0.700341796875 0.48778095937500004 0.739404296875 0.4988049671875 0.73330078125 0.5000298562500001 0.70400390625 0.4957427421875 0.672265625
10 0.479819175 0.7015625 0.47430717187500004 0.671044921875 0.4669578328125 0.612451171875 0.464508053125 0.555078125 0.44552226250000004 0.5501953125 0.43817292343750003 0.548974609375 0.44184759375000004 0.60146484375 0.4467471515625 0.627099609375 0.4498093765625 0.66982421875 0.45470893593749995 0.69912109375 0.46144582968750003 0.724755859375 0.47063250312499993 0.736962890625 0.4785942859375 0.729638671875 0.479819175 0.7015625
8 0.4449098171875 0.78701171875 0.44919693125000004 0.75771484375 0.4467471515625 0.724755859375 0.4449098171875 0.68935546875 0.4467471515625 0.6576171875 0.444297371875 0.624658203125 0.440622703125 0.60390625 0.4375604796875 0.56484375 0.4326609203125 0.5453125 0.42224935625000004 0.5453125 0.40877557031249995 0.555078125 0.40571334531250003 0.588037109375 0.41367512812499996 0.627099609375 0.416737353125 0.651513671875 0.4216369125 0.685693359375 0.4246991359375 0.734521484375 0.42531158125 0.7650390625 0.4314360296875 0.793115234375 0.4449098171875 0.78701171875
14 0.406938234375 0.72353515625 0.4075506796875 0.678369140625 0.4106129046875 0.64052734375 0.4093880140625 0.61123046875 0.4038760109375 0.583154296875 0.4051009 0.556298828125 0.3946893375 0.539208984375 0.3855026640625 0.54287109375 0.37876577031249997 0.55263671875 0.3750911015625 0.59169921875 0.3769284359375 0.6185546875 0.3799906609375 0.661279296875 0.38244043906249997 0.691796875 0.3836653296875 0.72109375 0.39162711250000004 0.7650390625 0.40571334531250003 0.75771484375 0.406938234375 0.72353515625
14 0.3536555296875 0.74794921875 0.3579426453125 0.710107421875 0.36345464843749997 0.66982421875 0.37141643125 0.634423828125 0.3750911015625 0.60634765625 0.3732537671875 0.584375 0.38121554999999996 0.5453125 0.3677417625 0.535546875 0.3518181953125 0.53798828125 0.34446885781250003 0.55263671875 0.34446885781250003 0.600244140625 0.3383444078125 0.636865234375 0.3383444078125 0.66982421875 0.33405729375000004 0.707666015625 0.32854529062500004 0.729638671875 0.3316075140625 0.76259765625 0.34446885781250003 0.763818359375 0.3536555296875 0.74794921875
12 0.2587265734375 0.5208984375 0.2434154515625 0.53798828125 0.228716775 0.548974609375 0.21891765625 0.57216796875 0.21279320781250002 0.610009765625 0.2244296609375 0.6283203125 0.2366785578125 0.6283203125 0.25627679375 0.624658203125 0.2685256921875 0.607568359375 0.2887363734375 0.5892578125 0.298535490625 0.5892578125 0.3138466125 0.580712890625 0.3224208421875 0.553857421875 0.31997106249999996 0.541650390625 0.3107843890625 0.52822265625 0.306497275 0.50869140625 0.297923046875 0.485498046875 0.2905737078125 0.478173828125 0.2740376953125 0.497705078125 0.2587265734375 0.5208984375