11 0.457158715625 0.584375 0.4596084953125 0.614892578125 0.47920673125 0.617333984375 0.49268051875 0.617333984375 0.49268051875 0.561181640625 0.49023073906250003 0.5404296875 0.49023073906250003 0.50380859375 0.48900584843750006 0.431787109375 0.481044065625 0.424462890625 0.471244946875 0.42080078125 0.4632831640625 0.44765625 0.460833384375 0.4818359375 0.45899605 0.522119140625 0.457158715625 0.5453125 0.457158715625 0.584375
11 0.45470893593749995 0.524560546875 0.4553213796875 0.48916015625 0.4553213796875 0.45986328125 0.451034265625 0.436669921875 0.4430724828125 0.441552734375 0.43817292343750003 0.45009765625 0.43327336406250005 0.5111328125 0.43327336406250005 0.5453125 0.427148915625 0.566064453125 0.4314360296875 0.610009765625 0.44184759375000004 0.617333984375 0.457771159375 0.61123046875 0.4565462703125 0.568505859375 0.45470893593749995 0.524560546875
9 0.4228618015625 0.610009765625 0.42837380625000004 0.595361328125 0.4277613609375 0.556298828125 0.42531158125 0.53310546875 0.42531158125 0.47451171875 0.42531158125 0.44033203125 0.4216369125 0.417138671875 0.4191871328125 0.392724609375 0.40877557031249995 0.392724609375 0.40632579062499996 0.43056640625 0.4044884546875 0.476953125 0.4008137859375 0.516015625 0.4008137859375 0.546533203125 0.3940768921875 0.573388671875 0.3946893375 0.59658203125 0.40142623125 0.619775390625 0.41367512812499996 0.6234375 0.4228618015625 0.610009765625
15 0.3946893375 0.605126953125 0.39101466875 0.583154296875 0.3971391171875 0.5453125 0.396526671875 0.505029296875 0.396526671875 0.458642578125 0.39346444687500004 0.434228515625 0.39162711250000004 0.41591796875 0.3855026640625 0.41103515625 0.37876577031249997 0.42568359375 0.372641321875 0.490380859375 0.37141643125 0.52333984375 0.369579096875 0.548974609375 0.36529198281249997 0.570947265625 0.3683542078125 0.592919921875 0.376315990625 0.595361328125 0.3836653296875 0.610009765625 0.3946893375 0.605126953125
15 0.36712931718749997 0.59658203125 0.36406709375 0.57216796875 0.365904428125 0.553857421875 0.3683542078125 0.544091796875 0.3683542078125 0.522119140625 0.3683542078125 0.485498046875 0.36712931718749997 0.45986328125 0.3603924234375 0.437890625 0.352430640625 0.44033203125 0.3469186359375 0.45009765625 0.34753108125 0.487939453125 0.3432439671875 0.52578125 0.338956853125 0.54775390625 0.33711951875 0.5697265625 0.335282184375 0.590478515625 0.3512057515625 0.597802734375 0.3616173140625 0.60146484375 0.36712931718749997 0.59658203125
13 0.308334609375 0.585595703125 0.31935861718749997 0.595361328125 0.32915773593750003 0.59658203125 0.3346697390625 0.59169921875 0.338956853125 0.5453125 0.33405729375000004 0.519677734375 0.3365070734375 0.483056640625 0.33344485 0.441552734375 0.33221995937500004 0.414697265625 0.32303328593749997 0.400048828125 0.3126217234375 0.4037109375 0.30955949843749997 0.41591796875 0.30588482968749997 0.46962890625 0.3003728265625 0.505029296875 0.294860821875 0.5208984375 0.2905737078125 0.54775390625 0.2887363734375 0.570947265625 0.2930234875 0.58681640625 0.2991479359375 0.592919921875 0.308334609375 0.585595703125
13 0.2795497 0.573388671875 0.2868990390625 0.56728515625 0.291798596875 0.52822265625 0.298535490625 0.487939453125 0.304659940625 0.453759765625 0.305272384375 0.42080078125 0.3107843890625 0.3939453125 0.2973106015625 0.382958984375 0.2936359328125 0.40126953125 0.27097547187500004 0.4525390625 0.2630136875 0.478173828125 0.24770256562499998 0.505029296875 0.24586523124999998 0.5404296875 0.2550519046875 0.54775390625 0.26730080156249997 0.558740234375 0.27281280625000004 0.568505859375 0.2795497 0.573388671875
13 0.2262669953125 0.546533203125 0.231779 0.546533203125 0.2452527859375 0.531884765625 0.24709012187499999 0.5013671875 0.25995146406249997 0.476953125 0.2734252515625 0.441552734375 0.2942483765625 0.392724609375 0.2960857109375 0.380517578125 0.2875114828125 0.363427734375 0.27648747500000004 0.375634765625 0.250764790625 0.40859375 0.2385158921875 0.428125 0.21953010156250002 0.44033203125 0.20911853906250003 0.45986328125 0.20973098281250002 0.507470703125 0.2183052125 0.524560546875 0.22320477031250002 0.52333984375 0.2262669953125 0.546533203125
3 0.49513029687500004 0.563623046875 0.49513029687500004 0.617333984375 0.50615430625 0.622216796875 0.5245276515625 0.62099609375 0.525140096875 0.5599609375 0.5226903171874999 0.541650390625 0.5226903171874999 0.497705078125 0.5208529828125 0.439111328125 0.514728534375 0.431787109375 0.5055418609375 0.429345703125 0.501867190625 0.446435546875 0.4994174125 0.47451171875 0.4963551875 0.50869140625 0.4932929625 0.53798828125 0.49513029687500004 0.563623046875
3 0.5294272109375 0.62099609375 0.5398387734375001 0.619775390625 0.55086278125 0.614892578125 0.5551498953125 0.595361328125 0.5533125609375 0.561181640625 0.5520876718750001 0.5404296875 0.5514752265625 0.51845703125 0.549025446875 0.480615234375 0.5429009984375 0.4330078125 0.535551659375 0.42568359375 0.528814765625 0.44521484375 0.528814765625 0.468408203125 0.528814765625 0.512353515625 0.5263649859374999 0.546533203125 0.5257525421875 0.612451171875 0.5294272109375 0.62099609375
1 0.5545374515625 0.555078125 0.5563747859375 0.583154296875 0.5551498953125 0.60390625 0.5618867890625 0.61611328125 0.5716859078125001 0.62099609375 0.5851596953125 0.595361328125 0.5851596953125 0.56728515625 0.5839348046875 0.527001953125 0.582709915625 0.492822265625 0.579035246875 0.458642578125 0.5771979109375 0.41103515625 0.572910796875 0.3939453125 0.565561459375 0.3939453125 0.5612743453125 0.419580078125 0.5588245656249999 0.4525390625 0.55698723125 0.483056640625 0.55698723125 0.52578125 0.5545374515625 0.555078125
7 0.586384584375 0.58681640625 0.5888343640625 0.59658203125 0.5931214781249999 0.60390625 0.6041454859375001 0.600244140625 0.6121072703125 0.5892578125 0.617006828125 0.57216796875 0.6151694937500001 0.539208984375 0.6127197140625 0.495263671875 0.6121072703125 0.434228515625 0.609657490625 0.424462890625 0.6004708171875001 0.422021484375 0.5937339234375 0.43056640625 0.5888343640625 0.456201171875 0.5851596953125 0.490380859375 0.586384584375 0.52333984375 0.586384584375 0.58681640625
7 0.6139446046875 0.590478515625 0.620069053125 0.595361328125 0.6292557265625 0.595361328125 0.6378299546874999 0.605126953125 0.6445668484375 0.59658203125 0.6513037421875 0.58681640625 0.6457917375 0.556298828125 0.64211706875 0.531884765625 0.6427295140625 0.50869140625 0.63905484375 0.48671875 0.63170550625 0.44033203125 0.623743721875 0.429345703125 0.6182317187499999 0.436669921875 0.616394384375 0.465966796875 0.616394384375 0.492822265625 0.6176192734375 0.531884765625 0.6188441640625 0.566064453125 0.6139446046875 0.590478515625
5 0.66232775 0.584375 0.6684521984375 0.574609375 0.6776388718749999 0.568505859375 0.6923375484375 0.5599609375 0.6966246625 0.54775390625 0.6917251046875 0.522119140625 0.6849882109375 0.509912109375 0.6788637609375 0.480615234375 0.6819259859375 0.426904296875 0.665389975 0.417138671875 0.640279734375 0.419580078125 0.643954403125 0.461083984375 0.643954403125 0.497705078125 0.6427295140625 0.52333984375 0.6531410765625 0.584375 0.66232775 0.584375
5 0.697849553125 0.551416015625 0.7058113359375 0.56240234375 0.7119357843749999 0.556298828125 0.7290842421875 0.536767578125 0.735208690625 0.514794921875 0.7290842421875 0.490380859375 0.725409571875 0.451318359375 0.725409571875 0.390283203125 0.7205100140625 0.375634765625 0.7125482296875 0.37685546875 0.6984619984375 0.398828125 0.694787328125 0.434228515625 0.6935624390624999 0.4720703125 0.689275325 0.509912109375 0.697849553125 0.551416015625
10 0.49513029687500004 0.714990234375 0.49513029687500004 0.6625 0.4932929625 0.6234375 0.4828814 0.622216796875 0.4749196171875 0.62099609375 0.4749196171875 0.67470703125 0.4785942859375 0.710107421875 0.47920673125 0.74794921875 0.48410628906250003 0.773583984375 0.48961829375 0.797998046875 0.4963551875 0.77724609375 0.4963551875 0.74306640625 0.49513029687500004 0.714990234375
2 0.5006423015625 0.714990234375 0.501254746875 0.758935546875 0.5037045265625 0.800439453125 0.5171783140625 0.79921875 0.5177907578125 0.761376953125 0.51656586875 0.717431640625 0.518403203125 0.67958984375 0.5202405375 0.636865234375 0.5190156484374999 0.624658203125 0.5122787546875001 0.624658203125 0.49758007656250003 0.624658203125 0.4957427421875 0.641748046875 0.4988049671875 0.661279296875 0.4988049671875 0.6869140625 0.5006423015625 0.714990234375
2 0.521465428125 0.79677734375 0.528202321875 0.80654296875 0.5398387734375001 0.73330078125 0.54351344375 0.702783203125 0.5441258875 0.67958984375 0.5484130015625001 0.639306640625 0.5447383328125001 0.629541015625 0.5361641046875001 0.624658203125 0.5202405375 0.627099609375 0.5202405375 0.67958984375 0.522077871875 0.693017578125 0.522077871875 0.746728515625 0.521465428125 0.79677734375
0 0.586384584375 0.73818359375 0.581485025 0.69912109375 0.5747481328124999 0.661279296875 0.569236128125 0.64296875 0.565561459375 0.62587890625 0.5533125609375 0.6185546875 0.55086278125 0.636865234375 0.5465756671875 0.66982421875 0.545350778125 0.691796875 0.549025446875 0.746728515625 0.5600494546875 0.79189453125 0.5784228015624999 0.79189453125 0.58454725 0.778466796875 0.586384584375 0.73818359375
6 0.587609475 0.717431640625 0.5931214781249999 0.75283203125 0.60169570625 0.780908203125 0.6090450453125 0.77236328125 0.6059828203125 0.74306640625 0.60475793125 0.70888671875 0.6053703765625 0.67470703125 0.603533040625 0.64296875 0.6010832625 0.613671875 0.5925090328125 0.610009765625 0.586384584375 0.5990234375 0.579035246875 0.612451171875 0.5680112390625001 0.6283203125 0.57781035625 0.66005859375 0.58087258125 0.68203125 0.587609475 0.717431640625
6 0.609657490625 0.671044921875 0.613332159375 0.697900390625 0.6188441640625 0.7357421875 0.6261935015625 0.771142578125 0.6359926203125 0.780908203125 0.6408921796875 0.77236328125 0.6408921796875 0.7357421875 0.6384424 0.707666015625 0.6347677296875001 0.675927734375 0.6347677296875001 0.64296875 0.6384424 0.614892578125 0.6292557265625 0.600244140625 0.6176192734375 0.597802734375 0.6090450453125 0.597802734375 0.6004708171875001 0.60634765625 0.6041454859375001 0.614892578125 0.606595265625 0.6478515625 0.609657490625 0.671044921875
4 0.6464041828125 0.663720703125 0.6525286312499999 0.697900390625 0.6568157453125 0.73818359375 0.6709019781250001 0.771142578125 0.6935624390624999 0.761376953125 0.7094860062499999 0.739404296875 0.7002993328125 0.70400390625 0.6917251046875 0.6771484375 0.6886628796875 0.64052734375 0.688050434375 0.61123046875 0.684375765625 0.5794921875 0.6788637609375 0.573388671875 0.6721268671875 0.574609375 0.6647775296875 0.585595703125 0.653753521875 0.588037109375 0.6384424 0.607568359375 0.6378299546874999 0.63564453125 0.6464041828125 0.663720703125
4 0.7051988921875 0.653955078125 0.7125482296875 0.6966796875 0.731534021875 0.722314453125 0.751744703125 0.70400390625 0.7505198125 0.671044921875 0.745007809375 0.644189453125 0.7394958046875 0.61123046875 0.7407206937499999 0.584375 0.7370460249999999 0.5404296875 0.732146465625 0.53310546875 0.721734903125 0.551416015625 0.7088735609375 0.56728515625 0.694787328125 0.5599609375 0.6831508765625001 0.5697265625 0.689275325 0.6087890625 0.7051988921875 0.653955078125
10 0.4736947265625 0.717431640625 0.47063250312499993 0.6869140625 0.47308228124999996 0.671044921875 0.47308228124999996 0.633203125 0.46144582968750003 0.63076171875 0.4528716015625 0.634423828125 0.4449098171875 0.6283203125 0.4467471515625 0.65517578125 0.45164671093750003 0.67958984375 0.4553213796875 0.711328125 0.4553213796875 0.749169921875 0.4602209390625 0.783349609375 0.46940761249999996 0.802880859375 0.47430717187500004 0.758935546875 0.4736947265625 0.717431640625
8 0.433885809375 0.8041015625 0.4412351484375 0.769921875 0.4461347078125 0.740625 0.44858448749999996 0.711328125 0.44919693125000004 0.685693359375 0.4449098171875 0.6576171875 0.4430724828125 0.6283203125 0.4363355890625 0.617333984375 0.42653647031249997 0.619775390625 0.416737353125 0.649072265625 0.416737353125 0.671044921875 0.41367512812499996 0.7015625 0.408163125 0.732080078125 0.4075506796875 0.76259765625 0.413062684375 0.790673828125 0.42102446718750003 0.807763671875 0.433885809375 0.8041015625
14 0.3732537671875 0.783349609375 0.38121554999999996 0.739404296875 0.38427777500000004 0.69912109375 0.38672755312499996 0.678369140625 0.3891773328125 0.653955078125 0.39346444687500004 0.6234375 0.39346444687500004 0.610009765625 0.38427777500000004 0.614892578125 0.3769284359375 0.60390625 0.3701915421875 0.5990234375 0.36100486875 0.602685546875 0.3548804203125 0.614892578125 0.3573302 0.65029296875 0.362842203125 0.6771484375 0.362842203125 0.712548828125 0.36345464843749997 0.734521484375 0.36345464843749997 0.76259765625 0.3567177546875 0.783349609375 0.36529198281249997 0.795556640625 0.3732537671875 0.783349609375
14 0.4044884546875 0.75283203125 0.408163125 0.71865234375 0.41122534843749997 0.68935546875 0.4142875734375 0.6625 0.4155124625 0.64296875 0.4216369125 0.6234375 0.416737353125 0.6234375 0.41000045937499996 0.627099609375 0.4008137859375 0.6234375 0.3953017828125 0.610009765625 0.39223955781250003 0.646630859375 0.38856488906250003 0.66005859375 0.38856488906250003 0.691796875 0.3891773328125 0.729638671875 0.38856488906250003 0.758935546875 0.38856488906250003 0.78212890625 0.39836400625 0.7845703125 0.4044884546875 0.75283203125
12 0.3395692984375 0.750390625 0.34446885781250003 0.7162109375 0.3450813015625 0.67958984375 0.35059330625 0.6625 0.355492865625 0.64296875 0.355492865625 0.605126953125 0.3365070734375 0.594140625 0.32670795625000004 0.597802734375 0.31323416875 0.594140625 0.306497275 0.594140625 0.2991479359375 0.60146484375 0.30221016093749997 0.6380859375 0.304659940625 0.656396484375 0.3009852703125 0.690576171875 0.2954732671875 0.724755859375 0.288123928125 0.75283203125 0.2991479359375 0.771142578125 0.3316075140625 0.77236328125 0.3395692984375 0.750390625
12 0.26607591249999996 0.66005859375 0.27648747500000004 0.646630859375 0.2899612625 0.631982421875 0.2960857109375 0.607568359375 0.2936359328125 0.595361328125 0.2819994796875 0.574609375 0.2734252515625 0.573388671875 0.26240124374999996 0.55751953125 0.25566435 0.548974609375 0.2495399015625 0.546533203125 0.24586523124999998 0.555078125 0.2397407828125 0.57705078125 0.234228778125 0.60390625 0.226879440625 0.636865234375 0.21156831875 0.6673828125 0.2207549921875 0.6966796875 0.2360661140625 0.68935546875 0.25198967968749997 0.675927734375 0.26607591249999996 0.66005859375