11 0.463895609375 0.473291015625 0.460833384375 0.500146484375 0.45899605 0.5306640625 0.4602209390625 0.55263671875 0.471244946875 0.556298828125 0.48165651093750006 0.5599609375 0.49268051875 0.561181640625 0.5037045265625 0.5501953125 0.501867190625 0.50869140625 0.49819252187499996 0.480615234375 0.49819252187499996 0.458642578125 0.49451785312499996 0.42080078125 0.49451785312499996 0.37685546875 0.48961829375 0.36953125 0.484718734375 0.35732421875 0.47063250312499993 0.360986328125 0.467570278125 0.38173828125 0.463895609375 0.412255859375 0.463895609375 0.44521484375 0.463895609375 0.473291015625
11 0.4596084953125 0.49404296875 0.4596084953125 0.461083984375 0.460833384375 0.42080078125 0.464508053125 0.38662109375 0.4700200578125 0.36220703125 0.4596084953125 0.34755859375 0.44797204218750003 0.35 0.444297371875 0.356103515625 0.4375604796875 0.412255859375 0.4363355890625 0.446435546875 0.4326609203125 0.48427734375 0.427148915625 0.51357421875 0.42837380625000004 0.541650390625 0.440622703125 0.5501953125 0.457158715625 0.5501953125 0.4596084953125 0.49404296875
9 0.42592402656250006 0.529443359375 0.42531158125 0.5111328125 0.42959869531250006 0.4916015625 0.42653647031249997 0.473291015625 0.42653647031249997 0.44765625 0.42592402656250006 0.414697265625 0.4228618015625 0.379296875 0.420412021875 0.353662109375 0.41183779375 0.3451171875 0.40265112031249994 0.356103515625 0.399588896875 0.36708984375 0.3989764515625 0.41103515625 0.39836400625 0.457421875 0.39346444687500004 0.48671875 0.38978977812500004 0.50380859375 0.396526671875 0.53310546875 0.403263565625 0.5453125 0.41183779375 0.546533203125 0.42592402656250006 0.529443359375
13 0.37937821562499996 0.5404296875 0.3855026640625 0.531884765625 0.39223955781250003 0.527001953125 0.38795244375000004 0.500146484375 0.392852003125 0.47451171875 0.3959142265625 0.45498046875 0.396526671875 0.429345703125 0.39836400625 0.392724609375 0.3946893375 0.3744140625 0.38978977812500004 0.359765625 0.3750911015625 0.35732421875 0.365904428125 0.368310546875 0.3701915421875 0.418359375 0.3701915421875 0.44033203125 0.3646795375 0.473291015625 0.3597799796875 0.497705078125 0.3567177546875 0.514794921875 0.365904428125 0.53310546875 0.3708039875 0.541650390625 0.37937821562499996 0.5404296875
13 0.338956853125 0.52333984375 0.3548804203125 0.52578125 0.356105309375 0.50380859375 0.3603924234375 0.47939453125 0.36712931718749997 0.446435546875 0.36529198281249997 0.409814453125 0.3603924234375 0.3841796875 0.3597799796875 0.359765625 0.359167534375 0.33291015625 0.342019078125 0.3353515625 0.3328324046875 0.343896484375 0.3242581765625 0.3548828125 0.3224208421875 0.419580078125 0.3224208421875 0.44033203125 0.32119595156249997 0.461083984375 0.311396834375 0.4818359375 0.3126217234375 0.50869140625 0.31997106249999996 0.527001953125 0.3316075140625 0.52822265625 0.338956853125 0.52333984375
13 0.284449259375 0.5013671875 0.2973106015625 0.50380859375 0.31017194375 0.497705078125 0.3126217234375 0.4671875 0.3156839484375 0.453759765625 0.3181337265625 0.428125 0.32058350625 0.39150390625 0.32058350625 0.3548828125 0.3169088375 0.339013671875 0.308334609375 0.32314453125 0.2960857109375 0.324365234375 0.2875114828125 0.32802734375 0.28628659375 0.339013671875 0.281387034375 0.385400390625 0.2795497 0.40615234375 0.2666883578125 0.422021484375 0.2630136875 0.44765625 0.26240124374999996 0.470849609375 0.26730080156249997 0.490380859375 0.277712365625 0.48916015625 0.284449259375 0.5013671875
10 0.4743946640625 0.6583147328125001 0.4750946015625 0.6345982140624999 0.4743946640625 0.6122767859375 0.47089497812500003 0.5955357140624999 0.46109586093750005 0.594140625 0.45059680625 0.5997209828125001 0.454096490625 0.6373883921875 0.454096490625 0.6625 0.454096490625 0.68203125 0.454096490625 0.72109375 0.463895609375 0.7364397328125001 0.4743946640625 0.72109375 0.476494475 0.689006696875 0.4743946640625 0.6583147328125001
10 0.484718734375 0.717431640625 0.4871685140625 0.739404296875 0.501254746875 0.734521484375 0.501254746875 0.70400390625 0.501254746875 0.68447265625 0.5000298562500001 0.663720703125 0.5024796359375 0.6234375 0.5037045265625 0.583154296875 0.4963551875 0.578271484375 0.479819175 0.575830078125 0.47675695156250003 0.594140625 0.47675695156250003 0.6185546875 0.481044065625 0.66005859375 0.4828814 0.68935546875 0.484718734375 0.717431640625
14 0.436598065625 0.694587053125 0.4421975625 0.669475446875 0.45059680625 0.6150669640624999 0.4484969953125 0.5955357140624999 0.426798946875 0.5955357140624999 0.4169998296875 0.6248325890624999 0.4169998296875 0.6513392859375 0.41000045937499996 0.6806361609375 0.39740159375 0.7057477671875 0.4023011515625 0.7448102671875 0.41210027031249996 0.747600446875 0.426798946875 0.730859375 0.436598065625 0.694587053125
14 0.4079006484375 0.645758928125 0.41490001875000004 0.620647321875 0.42189938906249996 0.6025111609375 0.41140033281250005 0.5801897328125001 0.400901278125 0.574609375 0.392502034375 0.5732142859375 0.38270291562500003 0.5801897328125001 0.38060310468749997 0.620647321875 0.38060310468749997 0.64296875 0.3757035453125 0.6806361609375 0.3729037984375 0.698772321875 0.37850329375 0.7364397328125001 0.3897022859375 0.7364397328125001 0.40370102656249995 0.675055803125 0.4079006484375 0.645758928125
12 0.364504553125 0.645758928125 0.37850329375 0.6094866078125001 0.3862026015625 0.5704241078125001 0.36240474375 0.557868303125 0.3533055625 0.5494977671875 0.3358071375 0.557868303125 0.321108459375 0.5885602671875 0.3197085859375 0.6345982140624999 0.3099094671875 0.6708705359375 0.2980105375 0.7127232140624999 0.3421065703125 0.7462053578125001 0.352605625 0.740625 0.35820512031249996 0.698772321875 0.364504553125 0.645758928125
12 0.3197085859375 0.5997209828125001 0.320408521875 0.5801897328125001 0.333707325 0.555078125 0.3316075140625 0.5453125 0.3197085859375 0.5341517859375 0.30710971875 0.528571428125 0.2959107265625 0.513225446875 0.2847117359375 0.513225446875 0.27281280625000004 0.5174107140624999 0.2714129328125 0.577399553125 0.2623137515625 0.610881696875 0.24621520000000002 0.6569196421875 0.2616138140625 0.6862165171875 0.27631249062499996 0.689006696875 0.29171110625 0.669475446875 0.3057098453125 0.633203125 0.3197085859375 0.5997209828125001
2 0.5086915765625 0.7266741078125001 0.524790128125 0.7420200890624999 0.5296896875 0.718303571875 0.5275898765625 0.675055803125 0.525490065625 0.640178571875 0.52898975 0.6094866078125001 0.5296896875 0.594140625 0.52059050625 0.581584821875 0.5058918296875 0.5829799109375 0.5044919546875 0.606696428125 0.5058918296875 0.6443638390624999 0.5058918296875 0.6764508921875 0.5086915765625 0.7266741078125001
2 0.542988490625 0.7364397328125001 0.5541874828125 0.7420200890624999 0.5590870406249999 0.7322544640624999 0.5583871046875 0.694587053125 0.55628729375 0.6513392859375 0.55628729375 0.626227678125 0.5534875453125 0.5885602671875 0.5527876078125 0.5732142859375 0.5240901906250001 0.5760044640624999 0.530389625 0.601116071875 0.5282898125 0.6248325890624999 0.5324894359375001 0.6443638390624999 0.53738899375 0.689006696875 0.542988490625 0.7364397328125001
6 0.5982835140625 0.6583147328125001 0.5926840171875 0.6192522328125001 0.5898842703125 0.5857700890624999 0.578685278125 0.5732142859375 0.5618867890625 0.5704241078125001 0.5618867890625 0.5927455359375 0.5590870406249999 0.620647321875 0.5709859703125 0.665290178125 0.5758855296875 0.704352678125 0.586384584375 0.7322544640624999 0.596183703125 0.7489955359375 0.6108823796875 0.733649553125 0.6066827578125 0.694587053125 0.5982835140625 0.6583147328125001
6 0.613682128125 0.714118303125 0.6199815609375 0.7364397328125001 0.635380175 0.7322544640624999 0.6346802390625 0.7001674109375 0.6325804265625 0.6778459828125001 0.62698093125 0.6318080359375 0.631180553125 0.6122767859375 0.631880490625 0.5760044640624999 0.6157819390625 0.571819196875 0.6066827578125 0.5662388390624999 0.59128414375 0.5801897328125001 0.5954837656249999 0.616462053125 0.6003833249999999 0.6318080359375 0.6080826312500001 0.6666852671875 0.613682128125 0.714118303125
4 0.6661774031250001 0.728069196875 0.68017614375 0.733649553125 0.692775009375 0.7266741078125001 0.7123732453125 0.6959821421875 0.7053738765625 0.669475446875 0.6857756390625 0.606696428125 0.68787545 0.584375 0.6815760171874999 0.5453125 0.6528786 0.552287946875 0.631180553125 0.574609375 0.630480615625 0.6220424109375 0.640279734375 0.6318080359375 0.648678978125 0.652734375 0.6549784109375001 0.684821428125 0.6661774031250001 0.728069196875
4 0.711673309375 0.649944196875 0.7298716703125 0.6680803578125001 0.7487699703125 0.669475446875 0.76906814375 0.6345982140624999 0.7522696546875001 0.5983258921875 0.736871040625 0.5690290171875 0.7403707265625 0.5439174109375 0.7312715453124999 0.513225446875 0.7249721124999999 0.50625 0.71447305625 0.5202008921875 0.69767456875 0.5271763390624999 0.6829758921875 0.5467075890624999 0.692775009375 0.601116071875 0.7060738125 0.6234375 0.711673309375 0.649944196875
3 0.5128911984375 0.5662388390624999 0.52898975 0.562053571875 0.5415886171875 0.555078125 0.5408886796875 0.5243861609375 0.53808893125 0.48392857187500005 0.5359891203125 0.45463169687500005 0.5359891203125 0.3876674109375 0.524790128125 0.362555803125 0.5114913249999999 0.36953125 0.5037920171875 0.40859375 0.5037920171875 0.45044642812499996 0.50169220625 0.4909040171875 0.5044919546875 0.557868303125 0.5128911984375 0.5662388390624999
3 0.542988490625 0.5494977671875 0.5639866 0.5508928578125001 0.5709859703125 0.5369419640624999 0.57238584375 0.5076450890624999 0.5681862234375 0.48392857187500005 0.565386475 0.44765625 0.5632866640625 0.38487723281249997 0.559786978125 0.37511160781249997 0.5499878609375 0.372321428125 0.5408886796875 0.38487723281249997 0.5394888046874999 0.4225446421875 0.5401887421875 0.4657924109375 0.542288553125 0.5006696421875 0.542988490625 0.5494977671875
1 0.6073826953125 0.496484375 0.603883009375 0.4532366078125 0.603883009375 0.4044084828125 0.603883009375 0.36534598281249997 0.59198408125 0.347209821875 0.586384584375 0.3639508921875 0.5828849 0.3806919640625 0.5807850890624999 0.43091517812499996 0.5765854671875 0.4727678578125 0.57308578125 0.4922991078125 0.57308578125 0.5341517859375 0.581485025 0.5508928578125001 0.5954837656249999 0.548102678125 0.6073826953125 0.5341517859375 0.6073826953125 0.496484375
7 0.6255810578125 0.5369419640624999 0.6374799859375 0.52578125 0.6374799859375 0.5118303578125001 0.6360801125 0.48950892812499996 0.6297806796875001 0.4616071421875 0.631180553125 0.44068080312499996 0.6283808046875 0.372321428125 0.6255810578125 0.352790178125 0.6059828203125 0.3541852671875 0.6066827578125 0.40859375 0.6059828203125 0.45463169687500005 0.6108823796875 0.5243861609375 0.6150820015625 0.5313616078125001 0.6255810578125 0.5369419640624999
5 0.638879859375 0.518805803125 0.6535785375 0.52578125 0.6633776546875 0.5174107140624999 0.6738767109375 0.518805803125 0.6885753875 0.5076450890624999 0.6885753875 0.4909040171875 0.685075703125 0.46021205312499996 0.67947620625 0.44068080312499996 0.68017614375 0.4071986609375 0.6857756390625 0.352790178125 0.6787762703125 0.337444196875 0.6521786625 0.340234375 0.6409796703125 0.3583705359375 0.635380175 0.398828125 0.6332803640625 0.4490513390625 0.638879859375 0.47416294687500005 0.638879859375 0.518805803125
5 0.710973371875 0.516015625 0.7172728046875 0.5006696421875 0.7340712921875 0.5006696421875 0.7396707890625 0.4755580359375 0.738270915625 0.44486607187500005 0.73197148125 0.4295200890625 0.7207724890625 0.396037946875 0.7179727421875 0.33046875 0.70677375 0.32628348281249997 0.6906751984375 0.333258928125 0.685075703125 0.36534598281249997 0.684375765625 0.4071986609375 0.684375765625 0.4532366078125 0.6899752609375 0.5006696421875 0.710973371875 0.516015625