11 0.45225915624999996 0.52578125 0.4663453890625 0.529443359375 0.477369396875 0.514794921875 0.47798184062500004 0.48916015625 0.479819175 0.457421875 0.47675695156250003 0.382958984375 0.4724698375 0.319482421875 0.467570278125 0.3060546875 0.45470893593749995 0.314599609375 0.45470893593749995 0.3451171875 0.45470893593749995 0.375634765625 0.4553213796875 0.407373046875 0.4553213796875 0.44521484375 0.45225915624999996 0.52578125
11 0.4528716015625 0.485498046875 0.4528716015625 0.44521484375 0.4528716015625 0.402490234375 0.45164671093750003 0.351220703125 0.45164671093750003 0.33046875 0.4430724828125 0.314599609375 0.43327336406250005 0.31337890625 0.4314360296875 0.3646484375 0.43082358593750003 0.41103515625 0.427148915625 0.468408203125 0.4228618015625 0.50380859375 0.42837380625000004 0.52578125 0.433885809375 0.53310546875 0.450421821875 0.53310546875 0.4528716015625 0.485498046875
15 0.41857468750000004 0.49404296875 0.4216369125 0.45986328125 0.419799578125 0.4330078125 0.416737353125 0.400048828125 0.41612490781249994 0.36708984375 0.416737353125 0.34267578125 0.41183779375 0.30849609375 0.39836400625 0.297509765625 0.38795244375000004 0.307275390625 0.38489021874999996 0.329248046875 0.38489021874999996 0.378076171875 0.38672755312499996 0.426904296875 0.38672755312499996 0.4427734375 0.37754088124999996 0.47451171875 0.38244043906249997 0.50625 0.39223955781250003 0.514794921875 0.4008137859375 0.50869140625 0.41857468750000004 0.49404296875
13 0.3003728265625 0.431787109375 0.2954732671875 0.461083984375 0.3009852703125 0.480615234375 0.308334609375 0.48671875 0.31935861718749997 0.485498046875 0.3316075140625 0.49404296875 0.34446885781250003 0.480615234375 0.349368415625 0.456201171875 0.35059330625 0.43544921875 0.3481435265625 0.40126953125 0.3450813015625 0.378076171875 0.3438564125 0.30361328125 0.34446885781250003 0.281640625 0.3242581765625 0.2767578125 0.31997106249999996 0.290185546875 0.315071503125 0.32314453125 0.30710971875 0.380517578125 0.305272384375 0.41103515625 0.3003728265625 0.431787109375
13 0.291798596875 0.4623046875 0.30221016093749997 0.412255859375 0.30404749531249997 0.3890625 0.30772216406249997 0.353662109375 0.3144590578125 0.30361328125 0.3126217234375 0.26455078125 0.2936359328125 0.25478515625 0.2875114828125 0.2669921875 0.2789372546875 0.2865234375 0.26913813750000004 0.33779296875 0.2648510234375 0.373193359375 0.2532145703125 0.39638671875 0.25198967968749997 0.434228515625 0.26056390937499996 0.441552734375 0.267913246875 0.448876953125 0.27648747500000004 0.46474609375 0.291798596875 0.4623046875
3 0.48410628906250003 0.50625 0.5037045265625 0.50625 0.518403203125 0.50380859375 0.518403203125 0.492822265625 0.5171783140625 0.458642578125 0.5122787546875001 0.414697265625 0.518403203125 0.297509765625 0.5073791953125 0.2865234375 0.49268051875 0.29140625 0.48655606875 0.30849609375 0.48655606875 0.348779296875 0.4871685140625 0.39150390625 0.48533117968750006 0.448876953125 0.48410628906250003 0.50625
1 0.5716859078125001 0.546533203125 0.57781035625 0.53798828125 0.581485025 0.519677734375 0.579647690625 0.4818359375 0.579647690625 0.44033203125 0.579647690625 0.404931640625 0.579647690625 0.370751953125 0.5765854671875 0.33779296875 0.572910796875 0.319482421875 0.5637241234375 0.309716796875 0.557599675 0.3255859375 0.5545374515625 0.351220703125 0.552700115625 0.387841796875 0.552700115625 0.437890625 0.5502503375 0.470849609375 0.549025446875 0.505029296875 0.5471881125 0.527001953125 0.5520876718750001 0.546533203125 0.5594370093750001 0.54775390625 0.5716859078125001 0.546533203125
5 0.6519161875 0.531884765625 0.6635526390625001 0.53310546875 0.6715144234375 0.51845703125 0.6696770890625 0.47451171875 0.6666148640625 0.4427734375 0.6629401953125 0.40615234375 0.65865308125 0.36708984375 0.6568157453125 0.32314453125 0.6500788515625 0.30361328125 0.6292557265625 0.31337890625 0.6249686125 0.3548828125 0.623743721875 0.4232421875 0.623743721875 0.457421875 0.6182317187499999 0.47939453125 0.6188441640625 0.500146484375 0.6212939421875 0.519677734375 0.6310930609375001 0.5306640625 0.633542840625 0.54287109375 0.6519161875 0.531884765625
5 0.665389975 0.390283203125 0.667839753125 0.4232421875 0.6709019781250001 0.470849609375 0.6721268671875 0.512353515625 0.688050434375 0.52333984375 0.697849553125 0.50869140625 0.7076486703125 0.507470703125 0.7119357843749999 0.490380859375 0.7119357843749999 0.465966796875 0.7076486703125 0.436669921875 0.7021366671875 0.395166015625 0.6990744421875 0.326806640625 0.69294999375 0.31337890625 0.688050434375 0.307275390625 0.6813135406249999 0.301171875 0.6598779703125001 0.30361328125 0.6598779703125001 0.317041015625 0.660490415625 0.35 0.665389975 0.390283203125
5 0.7107108953125 0.436669921875 0.71683534375 0.465966796875 0.714998009375 0.48671875 0.7088735609375 0.509912109375 0.718672678125 0.5208984375 0.7260220171875 0.522119140625 0.735208690625 0.519677734375 0.7443953640625 0.50625 0.7511322578125 0.512353515625 0.7560318171875 0.505029296875 0.7566442609374999 0.487939453125 0.7548069265625 0.46474609375 0.7505198125 0.44033203125 0.7425580296875001 0.412255859375 0.741945584375 0.387841796875 0.738270915625 0.368310546875 0.7339838015625 0.32314453125 0.7260220171875 0.302392578125 0.713160675 0.29873046875 0.7002993328125 0.307275390625 0.7009117765624999 0.336572265625 0.70336155625 0.365869140625 0.70642378125 0.412255859375 0.7107108953125 0.436669921875
4 0.759094040625 0.700341796875 0.7682807140625 0.688134765625 0.7688931593749999 0.65029296875 0.7646060453125 0.62099609375 0.748682478125 0.592919921875 0.7407206937499999 0.570947265625 0.7345962453125 0.5453125 0.724797128125 0.52822265625 0.7082611156249999 0.514794921875 0.6990744421875 0.529443359375 0.684375765625 0.541650390625 0.6782513171875 0.561181640625 0.6837633203125 0.594140625 0.6923375484375 0.61123046875 0.7002993328125 0.622216796875 0.714998009375 0.651513671875 0.724797128125 0.680810546875 0.7370460249999999 0.712548828125 0.74010825 0.722314453125 0.759094040625 0.700341796875
6 0.6243561671875 0.641748046875 0.6255810578125 0.678369140625 0.62864328125 0.72353515625 0.6359926203125 0.758935546875 0.643954403125 0.77236328125 0.6519161875 0.739404296875 0.6519161875 0.722314453125 0.6494664078125 0.688134765625 0.6513037421875 0.652734375 0.6513037421875 0.62587890625 0.6513037421875 0.605126953125 0.653753521875 0.561181640625 0.6415046234374999 0.544091796875 0.62864328125 0.5453125 0.6219063874999999 0.541650390625 0.6157819390625 0.556298828125 0.6182317187499999 0.592919921875 0.6225188328125 0.61611328125 0.6243561671875 0.641748046875
6 0.6078201562500001 0.749169921875 0.6078201562500001 0.700341796875 0.610269934375 0.649072265625 0.610269934375 0.627099609375 0.617006828125 0.59658203125 0.6151694937500001 0.5453125 0.60475793125 0.536767578125 0.5955712578125001 0.5404296875 0.5869970296875 0.55263671875 0.5857721406249999 0.5794921875 0.58822191875 0.607568359375 0.5851596953125 0.639306640625 0.5869970296875 0.673486328125 0.587609475 0.693017578125 0.59128414375 0.73330078125 0.5980210375 0.76015625 0.6078201562500001 0.749169921875
0 0.5716859078125001 0.74794921875 0.5747481328124999 0.691796875 0.5765854671875 0.673486328125 0.582709915625 0.639306640625 0.5857721406249999 0.5990234375 0.5839348046875 0.551416015625 0.572298353125 0.54775390625 0.5631116796875 0.553857421875 0.5588245656249999 0.56240234375 0.5588245656249999 0.6087890625 0.5551498953125 0.636865234375 0.5551498953125 0.675927734375 0.5533125609375 0.719873046875 0.5533125609375 0.74306640625 0.5563747859375 0.77724609375 0.5661739031249999 0.77236328125 0.5716859078125001 0.74794921875
10 0.49390540781250003 0.651513671875 0.4908431828125 0.624658203125 0.49023073906250003 0.585595703125 0.49145562812500004 0.5501953125 0.49145562812500004 0.527001953125 0.48655606875 0.524560546875 0.4749196171875 0.527001953125 0.4663453890625 0.541650390625 0.4669578328125 0.57705078125 0.46818272343749995 0.60634765625 0.47308228124999996 0.646630859375 0.477369396875 0.693017578125 0.4828814 0.70888671875 0.49513029687500004 0.697900390625 0.49451785312499996 0.683251953125 0.49390540781250003 0.651513671875
10 0.5104414203125 0.641748046875 0.5104414203125 0.610009765625 0.5104414203125 0.58681640625 0.5128911984375 0.555078125 0.51350364375 0.536767578125 0.51350364375 0.514794921875 0.5043169703125 0.507470703125 0.49758007656250003 0.516015625 0.49451785312499996 0.527001953125 0.49451785312499996 0.5599609375 0.49451785312499996 0.5892578125 0.49390540781250003 0.6283203125 0.49513029687500004 0.66005859375 0.49819252187499996 0.69912109375 0.5092165296875 0.700341796875 0.5104414203125 0.6771484375 0.5104414203125 0.641748046875
2 0.5159534234375001 0.672265625 0.522077871875 0.697900390625 0.5306521 0.685693359375 0.5306521 0.65029296875 0.5306521 0.622216796875 0.5331018796875 0.588037109375 0.534939215625 0.558740234375 0.5392263296875 0.51845703125 0.5337143249999999 0.502587890625 0.5208529828125 0.497705078125 0.515340978125 0.512353515625 0.515340978125 0.555078125 0.51350364375 0.583154296875 0.51350364375 0.612451171875 0.5159534234375001 0.672265625
8 0.46879516718750003 0.683251953125 0.46879516718750003 0.6478515625 0.4669578328125 0.61611328125 0.46573294374999996 0.5892578125 0.464508053125 0.563623046875 0.464508053125 0.5404296875 0.45899605 0.536767578125 0.447359596875 0.53798828125 0.44001025781249997 0.539208984375 0.43511069999999996 0.5453125 0.4363355890625 0.590478515625 0.440622703125 0.64296875 0.44246003749999996 0.6966796875 0.4430724828125 0.730859375 0.44552226250000004 0.749169921875 0.46205827343749994 0.744287109375 0.46573294374999996 0.7259765625 0.46879516718750003 0.683251953125
14 0.41183779375 0.734521484375 0.4179622421875 0.732080078125 0.42592402656250006 0.714990234375 0.42898625 0.685693359375 0.43082358593750003 0.653955078125 0.43327336406250005 0.63076171875 0.43511069999999996 0.595361328125 0.43511069999999996 0.539208984375 0.42898625 0.5306640625 0.420412021875 0.529443359375 0.41122534843749997 0.529443359375 0.4051009 0.541650390625 0.40203867656250003 0.561181640625 0.4051009 0.575830078125 0.40571334531250003 0.5990234375 0.406938234375 0.629541015625 0.40877557031249995 0.678369140625 0.408163125 0.6966796875 0.41000045937499996 0.7162109375 0.41183779375 0.734521484375
14 0.3720288765625 0.751611328125 0.3799906609375 0.734521484375 0.38611510937500004 0.711328125 0.39040222343750003 0.675927734375 0.3940768921875 0.64541015625 0.39836400625 0.61611328125 0.3989764515625 0.590478515625 0.403263565625 0.575830078125 0.399588896875 0.556298828125 0.40632579062499996 0.527001953125 0.40203867656250003 0.514794921875 0.3946893375 0.51845703125 0.38489021874999996 0.51357421875 0.3757035453125 0.519677734375 0.368966653125 0.52333984375 0.3683542078125 0.531884765625 0.365904428125 0.551416015625 0.369579096875 0.583154296875 0.369579096875 0.612451171875 0.369579096875 0.6625 0.3683542078125 0.691796875 0.365904428125 0.724755859375 0.3683542078125 0.746728515625 0.3720288765625 0.751611328125
12 0.27832480937500004 0.536767578125 0.26913813750000004 0.56728515625 0.25566435 0.5892578125 0.24770256562499998 0.619775390625 0.25015234531249997 0.651513671875 0.267913246875 0.680810546875 0.2838368140625 0.672265625 0.294860821875 0.646630859375 0.301597715625 0.627099609375 0.3156839484375 0.605126953125 0.32487062031249997 0.592919921875 0.3365070734375 0.57705078125 0.342019078125 0.539208984375 0.33589462812500004 0.519677734375 0.31997106249999996 0.512353515625 0.3162963921875 0.500146484375 0.306497275 0.487939453125 0.29669815625 0.48916015625 0.284449259375 0.516015625 0.27832480937500004 0.536767578125
12 0.261176353125 0.56484375 0.26913813750000004 0.551416015625 0.27587503125 0.534326171875 0.2868990390625 0.50869140625 0.28934881875 0.496484375 0.28934881875 0.48916015625 0.2795497 0.475732421875 0.2722003609375 0.4671875 0.26730080156249997 0.465966796875 0.257501684375 0.461083984375 0.253827015625 0.4525390625 0.24770256562499998 0.4525390625 0.23545366875 0.4720703125 0.233616334375 0.500146484375 0.22197988125 0.53798828125 0.20973098281250002 0.56728515625 0.228716775 0.62099609375 0.240965671875 0.614892578125 0.25015234531249997 0.59658203125 0.261176353125 0.56484375