11 0.46459554531249997 0.5983258921875 0.471594915625 0.610881696875 0.5037920171875 0.6150669640624999 0.5114913249999999 0.5983258921875 0.5128911984375 0.5508928578125001 0.5135911359375 0.509040178125 0.5114913249999999 0.4239397328125 0.5093915140624999 0.396037946875 0.48489371875 0.396037946875 0.4743946640625 0.428125 0.46879516718750003 0.4909040171875 0.46879516718750003 0.522991071875 0.46459554531249997 0.5536830359375 0.46459554531249997 0.5983258921875
11 0.463895609375 0.535546875 0.46809523124999997 0.4713727671875 0.47089497812500003 0.4295200890625 0.47299479062499994 0.4030133921875 0.4659954203125 0.38487723281249997 0.44289749843750004 0.3834821421875 0.436598065625 0.40580357187500005 0.4337983171875 0.4978794640625 0.43169850624999995 0.5299665171875 0.428898759375 0.567633928125 0.42959869531250006 0.5997209828125001 0.44079768750000003 0.6094866078125001 0.45759617500000005 0.6094866078125001 0.462495734375 0.5997209828125001 0.463895609375 0.535546875
9 0.4169998296875 0.6053013390624999 0.42959869531250006 0.5885602671875 0.43029863281249997 0.5271763390624999 0.42819882187499997 0.47416294687500005 0.42329926249999994 0.4141741078125 0.42119945156250005 0.3806919640625 0.41000045937499996 0.366741071875 0.40020134062499996 0.36953125 0.39670165625 0.3932477671875 0.3953017828125 0.4560267859375 0.3988014671875 0.503459821875 0.3939019078125 0.5313616078125001 0.38830241249999997 0.552287946875 0.38830241249999997 0.577399553125 0.39460184531250003 0.60390625 0.40370102656249995 0.6094866078125001 0.4169998296875 0.6053013390624999
13 0.313409153125 0.552287946875 0.3197085859375 0.528571428125 0.3148090265625 0.48671875 0.305009909375 0.4490513390625 0.30221016093749997 0.40859375 0.295210790625 0.382087053125 0.2882114203125 0.359765625 0.2714129328125 0.333258928125 0.247615075 0.35558035781249997 0.24971488437499997 0.37511160781249997 0.2574141921875 0.43091517812499996 0.267913246875 0.4713727671875 0.26441356250000003 0.5006696421875 0.26441356250000003 0.5369419640624999 0.277712365625 0.5536830359375 0.2924110421875 0.5536830359375 0.3015102234375 0.5606584828125001 0.313409153125 0.552287946875
3 0.5142910734374999 0.5411272328125001 0.5128911984375 0.606696428125 0.5275898765625 0.6122767859375 0.5527876078125 0.613671875 0.5583871046875 0.596930803125 0.5576871671875 0.555078125 0.55628729375 0.5215959828125001 0.55628729375 0.4825334828125 0.5499878609375 0.386272321875 0.5324894359375001 0.382087053125 0.5268899390625 0.4071986609375 0.5226903171874999 0.4323102671875 0.52059050625 0.46439732187500005 0.5191906328125 0.5104352671875 0.5142910734374999 0.5411272328125001
3 0.5583871046875 0.532756696875 0.5604869156250001 0.584375 0.55698723125 0.613671875 0.577985340625 0.613671875 0.594783828125 0.6094866078125001 0.59128414375 0.5690290171875 0.59058420625 0.535546875 0.59128414375 0.5118303578125001 0.59128414375 0.4671875 0.5926840171875 0.4141741078125 0.5933839546875 0.3904575890625 0.5891843328124999 0.379296875 0.569586096875 0.396037946875 0.5667863484375 0.41138392812499996 0.5583871046875 0.44068080312499996 0.5583871046875 0.4713727671875 0.5583871046875 0.532756696875
1 0.5954837656249999 0.516015625 0.59198408125 0.5564732140624999 0.594783828125 0.5983258921875 0.6059828203125 0.6150669640624999 0.6206814984375 0.6150669640624999 0.6297806796875001 0.596930803125 0.6325804265625 0.5787946421875 0.6283808046875 0.5564732140624999 0.6234812468750001 0.5271763390624999 0.622781309375 0.49927455312499996 0.621381434375 0.45463169687500005 0.622081371875 0.40580357187500005 0.6206814984375 0.3904575890625 0.6157819390625 0.359765625 0.5996833875 0.382087053125 0.5982835140625 0.398828125 0.5933839546875 0.437890625 0.5933839546875 0.4755580359375 0.5954837656249999 0.516015625
7 0.6857756390625 0.509040178125 0.68017614375 0.4616071421875 0.675976521875 0.4267299109375 0.6724768359375 0.4030133921875 0.6633776546875 0.3876674109375 0.6535785375 0.3974330359375 0.648678978125 0.4099888390625 0.648678978125 0.4267299109375 0.6549784109375001 0.50625 0.6549784109375001 0.5467075890624999 0.654278475 0.587165178125 0.6633776546875 0.606696428125 0.6745766468750001 0.60390625 0.6871755140625 0.5857700890624999 0.6871755140625 0.542522321875 0.6857756390625 0.509040178125
5 0.68787545 0.5048549109375 0.68787545 0.594140625 0.6948748203124999 0.596930803125 0.7074736859375 0.596930803125 0.719372615625 0.5899553578125001 0.7298716703125 0.571819196875 0.7263719859375 0.5453125 0.7235722375 0.528571428125 0.7207724890625 0.503459821875 0.7214724265625 0.47974330312499996 0.7228723015625 0.41556919687500005 0.720072553125 0.398828125 0.7081736234375 0.3932477671875 0.6990744421875 0.40580357187500005 0.692775009375 0.4267299109375 0.6906751984375 0.4420758921875 0.6885753875 0.4755580359375 0.68787545 0.5048549109375
5 0.7249721124999999 0.5271763390624999 0.7298716703125 0.557868303125 0.7417706 0.5704241078125001 0.7494699078125 0.5592633921875 0.7536695296875 0.538337053125 0.7662683953125 0.509040178125 0.764168584375 0.48392857187500005 0.7627687109375 0.45463169687500005 0.7676682687499999 0.382087053125 0.7585690875 0.366741071875 0.7438704109375001 0.36534598281249997 0.7347712296875 0.3834821421875 0.7326714187500001 0.40859375 0.7298716703125 0.44486607187500005 0.729171734375 0.47974330312499996 0.7249721124999999 0.5271763390624999
10 0.45759617500000005 0.7880580359375 0.46809523124999997 0.8340959828125 0.47929422343750006 0.831305803125 0.48139403437499995 0.7587611609375 0.47929422343750006 0.7224888390624999 0.47929422343750006 0.6862165171875 0.4827939078125 0.6373883921875 0.4736947265625 0.6234375 0.46109586093750005 0.620647321875 0.4435974359375 0.635993303125 0.4477970578125 0.6806361609375 0.45059680625 0.7029575890624999 0.454796428125 0.740625 0.45759617500000005 0.7880580359375
10 0.49259302656250004 0.8340959828125 0.5093915140624999 0.835491071875 0.5128911984375 0.815959821875 0.5128911984375 0.786662946875 0.5128911984375 0.7462053578125001 0.5086915765625 0.698772321875 0.5058918296875 0.665290178125 0.5023921437500001 0.6345982140624999 0.48489371875 0.630412946875 0.48489371875 0.6569196421875 0.48489371875 0.691796875 0.48489371875 0.7252790171875 0.48489371875 0.767131696875 0.48489371875 0.8075892859374999 0.49259302656250004 0.8340959828125
8 0.4309985703125 0.831305803125 0.44149762499999995 0.802008928125 0.445697246875 0.743415178125 0.445697246875 0.698772321875 0.444297371875 0.6569196421875 0.44079768750000003 0.6290178578125001 0.43239844375 0.620647321875 0.42119945156250005 0.610881696875 0.4079006484375 0.6234375 0.4058008375 0.6569196421875 0.4086005859375 0.6904017859375 0.4086005859375 0.7224888390624999 0.4086005859375 0.750390625 0.40440096406250003 0.79921875 0.4058008375 0.8229352671875001 0.41490001875000004 0.8396763390625 0.4309985703125 0.831305803125
12 0.30780965625 0.7420200890624999 0.3169088375 0.7169084828125001 0.3232082703125 0.6862165171875 0.33020764062499997 0.655524553125 0.34070669531250003 0.640178571875 0.3449063171875 0.6178571421875 0.34280650625 0.5983258921875 0.3316075140625 0.5927455359375 0.3141090890625 0.591350446875 0.302910096875 0.5801897328125001 0.2882114203125 0.581584821875 0.2833118609375 0.5927455359375 0.2791122390625 0.645758928125 0.2714129328125 0.6736607140624999 0.24971488437499997 0.7252790171875 0.2315165234375 0.7392299109375 0.247615075 0.7657366078125001 0.2672133109375 0.789453125 0.29031123124999997 0.776897321875 0.30780965625 0.7420200890624999
12 0.2231172796875 0.7071428578125001 0.242715515625 0.672265625 0.25461444375000003 0.6485491078125001 0.27351274375 0.6290178578125001 0.2798121765625 0.616462053125 0.2847117359375 0.5760044640624999 0.2700130578125 0.555078125 0.25531438125 0.542522321875 0.2448153265625 0.5411272328125001 0.233616334375 0.555078125 0.2273169015625 0.5829799109375 0.223817215625 0.601116071875 0.20281910625 0.6122767859375 0.188820365625 0.6387834828125001 0.1811210578125 0.669475446875 0.1958197359375 0.7169084828125001 0.2231172796875 0.7071428578125001
2 0.5499878609375 0.8173549109374999 0.5499878609375 0.7936383921875 0.5499878609375 0.7657366078125001 0.5443883640625 0.730859375 0.5366890578125 0.694587053125 0.533889309375 0.6415736609375 0.533889309375 0.630412946875 0.5051918921875 0.6276227671875 0.5114913249999999 0.689006696875 0.5156909468750001 0.7015625 0.52059050625 0.7643415171875 0.530389625 0.8145647328125 0.5499878609375 0.8173549109374999
2 0.569586096875 0.8006138390625 0.5842847734375 0.7978236609375 0.579385215625 0.767131696875 0.5709859703125 0.7364397328125001 0.5674862859375 0.7015625 0.5646865375 0.6736607140624999 0.5646865375 0.640178571875 0.5576871671875 0.6318080359375 0.534589246875 0.6345982140624999 0.5394888046874999 0.689006696875 0.542288553125 0.7071428578125001 0.5534875453125 0.762946428125 0.559786978125 0.786662946875 0.569586096875 0.8006138390625
0 0.57448565625 0.7266741078125001 0.5828849 0.7545758921875 0.59058420625 0.7741071421875 0.5996833875 0.79921875 0.6192816234375 0.825725446875 0.631180553125 0.8340959828125 0.6409796703125 0.8229352671875001 0.6290807421875 0.8034040171875001 0.622081371875 0.7713169640624999 0.612982190625 0.750390625 0.6059828203125 0.7224888390624999 0.6017831984375 0.689006696875 0.6017831984375 0.6708705359375 0.5982835140625 0.630412946875 0.59198408125 0.6234375 0.5716859078125001 0.6234375 0.565386475 0.6345982140624999 0.5667863484375 0.655524553125 0.5667863484375 0.669475446875 0.569586096875 0.7001674109375 0.57448565625 0.7266741078125001
4 0.8194636078125 0.6443638390624999 0.799165434375 0.6485491078125001 0.78656656875 0.6387834828125001 0.773267765625 0.6220424109375 0.7711679546875 0.601116071875 0.7669683328125 0.5787946421875 0.7529695921874999 0.5634486609375 0.737570978125 0.581584821875 0.7256720484375 0.6025111609375 0.7172728046875 0.6234375 0.7235722375 0.655524553125 0.7410706625000001 0.672265625 0.75156971875 0.6862165171875 0.7697680796874999 0.7224888390624999 0.7935659390625001 0.723883928125 0.8117642999999999 0.7169084828125001 0.8222633546875 0.6736607140624999 0.8194636078125 0.6443638390624999