11 0.47089497812500003 0.620647321875 0.46739529375 0.633203125 0.46459554531249997 0.6625 0.463895609375 0.68203125 0.48139403437499995 0.6834263390624999 0.5023921437500001 0.684821428125 0.5037920171875 0.6638950890624999 0.5030920812499999 0.6485491078125001 0.5009922703125 0.6290178578125001 0.5009922703125 0.6094866078125001 0.5023921437500001 0.5787946421875 0.5037920171875 0.5215959828125001 0.49889245937500004 0.5048549109375 0.48629359375 0.49369419687500005 0.48139403437499995 0.5104352671875 0.47929422343750006 0.528571428125 0.47789434843749995 0.557868303125 0.4743946640625 0.5885602671875 0.47089497812500003 0.620647321875
11 0.43169850624999995 0.613671875 0.426798946875 0.6680803578125001 0.42959869531250006 0.6834263390624999 0.435198190625 0.6959821421875 0.45059680625 0.6931919640624999 0.46109586093750005 0.6708705359375 0.46459554531249997 0.64296875 0.4659954203125 0.6178571421875 0.46879516718750003 0.5787946421875 0.47019504218749997 0.5048549109375 0.46809523124999997 0.4811383921875 0.4561963015625 0.4783482140625 0.454096490625 0.4978794640625 0.45129674218750004 0.5174107140624999 0.4477970578125 0.5439174109375 0.4386978765625 0.584375 0.43169850624999995 0.613671875
3 0.5044919546875 0.6415736609375 0.5037920171875 0.675055803125 0.5100914515625 0.689006696875 0.5191906328125 0.6876116078125001 0.5366890578125 0.6862165171875 0.5394888046874999 0.6569196421875 0.53808893125 0.6387834828125001 0.53808893125 0.620647321875 0.53878886875 0.5997209828125001 0.5394888046874999 0.5732142859375 0.53878886875 0.513225446875 0.5317894984375 0.50625 0.5261900015625 0.50625 0.51989056875 0.5215959828125001 0.5177907578125 0.538337053125 0.5142910734374999 0.567633928125 0.5086915765625 0.60390625 0.5044919546875 0.6415736609375
3 0.5415886171875 0.6373883921875 0.5394888046874999 0.684821428125 0.5471881125 0.684821428125 0.5667863484375 0.6876116078125001 0.569586096875 0.6485491078125001 0.5674862859375 0.6220424109375 0.5674862859375 0.5955357140624999 0.5646865375 0.5536830359375 0.5639866 0.49927455312499996 0.55628729375 0.48950892812499996 0.5506877968749999 0.5006696421875 0.5485879859375 0.5174107140624999 0.5457882390625 0.542522321875 0.5443883640625 0.5760044640624999 0.5436884281250001 0.6094866078125001 0.5415886171875 0.6373883921875
1 0.5681862234375 0.689006696875 0.568886159375 0.7099330359375 0.579385215625 0.72109375 0.596183703125 0.718303571875 0.6003833249999999 0.689006696875 0.6017831984375 0.665290178125 0.5989834515625 0.6569196421875 0.5968836390625001 0.6178571421875 0.5954837656249999 0.587165178125 0.59198408125 0.5313616078125001 0.587084521875 0.4825334828125 0.579385215625 0.47974330312499996 0.5716859078125001 0.4909040171875 0.5716859078125001 0.5174107140624999 0.5716859078125001 0.5592633921875 0.5702860328125 0.6220424109375 0.5716859078125001 0.6471540171875 0.5681862234375 0.689006696875
7 0.6241811828125 0.6150669640624999 0.622781309375 0.6443638390624999 0.6248811203125 0.679241071875 0.6332803640625 0.684821428125 0.6423795453125 0.6876116078125001 0.647979040625 0.6931919640624999 0.66127784375 0.684821428125 0.6682772140625 0.6513392859375 0.6640775921875 0.635993303125 0.657078221875 0.613671875 0.657078221875 0.5983258921875 0.6528786 0.5606584828125001 0.64447935625 0.4825334828125 0.635380175 0.4727678578125 0.622781309375 0.4727678578125 0.612982190625 0.496484375 0.6101824437500001 0.5299665171875 0.614382065625 0.5494977671875 0.6206814984375 0.581584821875 0.6241811828125 0.6150669640624999
5 0.6661774031250001 0.620647321875 0.6689771515625 0.635993303125 0.6752765843749999 0.645758928125 0.6815760171874999 0.6569196421875 0.6955747578125 0.6680803578125001 0.7032740656249999 0.6583147328125001 0.709573496875 0.669475446875 0.7228723015625 0.6611049109375 0.73197148125 0.6248325890624999 0.7312715453124999 0.601116071875 0.7263719859375 0.574609375 0.7263719859375 0.542522321875 0.7333713562499999 0.476953125 0.736871040625 0.4434709828125 0.6836758281249999 0.42114955312499996 0.6766764578125 0.4825334828125 0.6766764578125 0.5215959828125001 0.6773763953125 0.548102678125 0.6745766468750001 0.574609375 0.6661774031250001 0.620647321875
2 0.52898975 0.806194196875 0.530389625 0.828515625 0.542288553125 0.8340959828125 0.5457882390625 0.8034040171875001 0.5471881125 0.7810825890624999 0.5506877968749999 0.7489955359375 0.5520876718750001 0.728069196875 0.55558735625 0.6931919640624999 0.5450883015625 0.6876116078125001 0.525490065625 0.6904017859375 0.5268899390625 0.7169084828125001 0.52898975 0.7350446421875 0.5296896875 0.7587611609375 0.52898975 0.782477678125 0.52898975 0.806194196875
11 0.4757945375 0.740625 0.47299479062499994 0.6931919640624999 0.4561963015625 0.6904017859375 0.4470971203125 0.7057477671875 0.4519966796875 0.7448102671875 0.454096490625 0.767131696875 0.45759617500000005 0.802008928125 0.45899605 0.8424665171875001 0.472294853125 0.835491071875 0.4750946015625 0.796428571875 0.4757945375 0.757366071875 0.4757945375 0.740625
11 0.4939929 0.7810825890624999 0.4974925859375 0.7462053578125001 0.49889245937500004 0.733649553125 0.4946928375 0.6862165171875 0.4827939078125 0.684821428125 0.4743946640625 0.6862165171875 0.4757945375 0.718303571875 0.479994159375 0.7448102671875 0.47929422343750006 0.7782924109375 0.4771944125 0.8006138390625 0.4750946015625 0.8340959828125 0.48769346718750006 0.8368861609374999 0.4939929 0.8047991078125 0.4939929 0.7810825890624999
2 0.5226903171874999 0.7713169640624999 0.5226903171874999 0.7489955359375 0.524790128125 0.7224888390624999 0.524790128125 0.6931919640624999 0.5107913890625 0.6904017859375 0.5023921437500001 0.6904017859375 0.4967926484375 0.694587053125 0.5002923328125 0.7266741078125001 0.5051918921875 0.7615513390624999 0.5051918921875 0.786662946875 0.506591765625 0.815959821875 0.5121912625 0.845256696875 0.5184906953125 0.831305803125 0.52129044375 0.8006138390625 0.5226903171874999 0.7713169640624999
14 0.39460184531250003 0.8424665171875001 0.40440096406250003 0.786662946875 0.41210027031249996 0.7587611609375 0.419799578125 0.730859375 0.42959869531250006 0.698772321875 0.427498884375 0.6834263390624999 0.42119945156250005 0.6513392859375 0.40650077500000004 0.645758928125 0.39740159375 0.6513392859375 0.3855026640625 0.6904017859375 0.3820029796875 0.723883928125 0.37780335625 0.76015625 0.3771034203125 0.786662946875 0.3736037359375 0.8103794640625 0.3722038609375 0.8438616078125 0.38410279062499997 0.8578125 0.39460184531250003 0.8424665171875001
12 0.29031123124999997 0.6959821421875 0.28121205 0.72109375 0.2651134984375 0.7489955359375 0.2616138140625 0.7838727671875 0.30430997187500003 0.8368861609374999 0.3190086484375 0.815959821875 0.3246081453125 0.789453125 0.33020764062499997 0.762946428125 0.33440726249999997 0.740625 0.3456062546875 0.7057477671875 0.3554053734375 0.6931919640624999 0.36100486875 0.6471540171875 0.35050581406250003 0.635993303125 0.3316075140625 0.6387834828125001 0.329507703125 0.616462053125 0.3106094046875 0.6094866078125001 0.298710475 0.6248325890624999 0.29661066406250003 0.640178571875 0.29031123124999997 0.6959821421875
6 0.6584780968749999 0.811774553125 0.6500788515625 0.782477678125 0.6465791671875001 0.753180803125 0.638879859375 0.7224888390624999 0.63678005 0.7029575890624999 0.6325804265625 0.6862165171875 0.621381434375 0.6708705359375 0.6108823796875 0.675055803125 0.6066827578125 0.684821428125 0.5982835140625 0.7057477671875 0.5982835140625 0.72109375 0.6108823796875 0.76015625 0.6192816234375 0.782477678125 0.630480615625 0.815959821875 0.6374799859375 0.8396763390625 0.6472791046874999 0.855022321875 0.6584780968749999 0.860602678125 0.6633776546875 0.8466517859374999 0.6584780968749999 0.811774553125