11 0.4659954203125 0.5439174109375 0.462495734375 0.5787946421875 0.47089497812500003 0.5787946421875 0.48909334062500004 0.5787946421875 0.5030920812499999 0.5760044640624999 0.5030920812499999 0.557868303125 0.5009922703125 0.538337053125 0.5002923328125 0.516015625 0.50169220625 0.4727678578125 0.5044919546875 0.4099888390625 0.50169220625 0.3974330359375 0.4918930890625 0.3834821421875 0.48139403437499995 0.40859375 0.4743946640625 0.4392857140625 0.47019504218749997 0.4727678578125 0.4659954203125 0.5104352671875 0.4659954203125 0.5439174109375
11 0.463895609375 0.518805803125 0.46669535624999997 0.47416294687500005 0.46949510468750005 0.42533482187500005 0.471594915625 0.4071986609375 0.4603959234375 0.396037946875 0.453396553125 0.396037946875 0.444997309375 0.41138392812499996 0.4386978765625 0.46997767812499996 0.435198190625 0.5118303578125001 0.4337983171875 0.5341517859375 0.427498884375 0.5787946421875 0.45899605 0.5955357140624999 0.4652954828125 0.5857700890624999 0.46109586093750005 0.5662388390624999 0.463895609375 0.518805803125
9 0.427498884375 0.577399553125 0.43169850624999995 0.5299665171875 0.43169850624999995 0.48671875 0.43169850624999995 0.4560267859375 0.435898128125 0.398828125 0.41490001875000004 0.3890625 0.4051009 0.39464285781249997 0.40300108906250004 0.4071986609375 0.40160121562500006 0.46021205312499996 0.40370102656249995 0.496484375 0.40370102656249995 0.513225446875 0.39600171875 0.532756696875 0.3939019078125 0.5536830359375 0.39670165625 0.584375 0.4051009 0.5885602671875 0.427498884375 0.577399553125
15 0.387602475 0.571819196875 0.3939019078125 0.5606584828125001 0.393201971875 0.52578125 0.3953017828125 0.5048549109375 0.3953017828125 0.4811383921875 0.39600171875 0.4490513390625 0.39600171875 0.4197544640625 0.39600171875 0.391852678125 0.38690253750000003 0.3806919640625 0.3813030421875 0.386272321875 0.374303671875 0.41138392812499996 0.3694041125 0.4588169640625 0.3694041125 0.47974330312499996 0.3694041125 0.4978794640625 0.3680042390625 0.522991071875 0.3596049953125 0.552287946875 0.3715039234375 0.577399553125 0.37780335625 0.584375 0.387602475 0.571819196875
13 0.2567142546875 0.535546875 0.26441356250000003 0.574609375 0.2784123015625 0.5787946421875 0.29171110625 0.5787946421875 0.30430997187500003 0.5564732140624999 0.3155089640625 0.52578125 0.312009278125 0.5076450890624999 0.302910096875 0.49369419687500005 0.295210790625 0.4727678578125 0.286111609375 0.44765625 0.277712365625 0.40859375 0.2672133109375 0.38487723281249997 0.250414821875 0.4002232140625 0.250414821875 0.4225446421875 0.250414821875 0.4462611609375 0.2525146328125 0.476953125 0.2567142546875 0.5118303578125001 0.2567142546875 0.535546875
3 0.5044919546875 0.56484375 0.5086915765625 0.5787946421875 0.52129044375 0.5885602671875 0.5324894359375001 0.5927455359375 0.5436884281250001 0.5829799109375 0.5436884281250001 0.5564732140624999 0.5457882390625 0.5397321421875 0.546488175 0.5215959828125001 0.5499878609375 0.476953125 0.5485879859375 0.4267299109375 0.5436884281250001 0.40859375 0.52898975 0.4030133921875 0.5184906953125 0.4323102671875 0.5184906953125 0.45463169687500005 0.514991009375 0.48392857187500005 0.507291703125 0.5341517859375 0.5044919546875 0.56484375
5 0.69837450625 0.591350446875 0.7130731828125 0.5899553578125001 0.7256720484375 0.577399553125 0.73197148125 0.548102678125 0.7361711046875 0.516015625 0.7396707890625 0.48950892812499996 0.7480700328125 0.46021205312499996 0.75086978125 0.43091517812499996 0.747370096875 0.4044084828125 0.7305716078125 0.4030133921875 0.711673309375 0.42114955312499996 0.701874190625 0.4588169640625 0.692775009375 0.4950892859375 0.6857756390625 0.516015625 0.6738767109375 0.5313616078125001 0.68087608125 0.5690290171875 0.694174884375 0.5787946421875 0.69837450625 0.591350446875
10 0.45759617500000005 0.750390625 0.46109586093750005 0.7169084828125001 0.46179579843749996 0.6931919640624999 0.46179579843749996 0.6708705359375 0.46179579843749996 0.6415736609375 0.4659954203125 0.5997209828125001 0.45129674218750004 0.5955357140624999 0.44149762499999995 0.587165178125 0.44289749843750004 0.6192522328125001 0.44289749843750004 0.6443638390624999 0.44009774999999995 0.6959821421875 0.44149762499999995 0.7294642859375 0.44149762499999995 0.7615513390624999 0.444997309375 0.776897321875 0.454796428125 0.776897321875 0.45759617500000005 0.750390625
10 0.46879516718750003 0.7322544640624999 0.471594915625 0.7782924109375 0.48769346718750006 0.7782924109375 0.49049321562500003 0.7252790171875 0.4932929625 0.6876116078125001 0.4932929625 0.655524553125 0.4911931515625 0.6318080359375 0.4939929 0.606696428125 0.4911931515625 0.596930803125 0.46879516718750003 0.596930803125 0.46669535624999997 0.620647321875 0.46669535624999997 0.6387834828125001 0.4659954203125 0.6666852671875 0.46879516718750003 0.694587053125 0.46879516718750003 0.7322544640624999
2 0.4932929625 0.7587611609375 0.4939929 0.789453125 0.507291703125 0.792243303125 0.5121912625 0.7796875 0.5142910734374999 0.7462053578125001 0.516390884375 0.7155133921875 0.5191906328125 0.665290178125 0.5191906328125 0.6094866078125001 0.5156909468750001 0.5983258921875 0.4953927734375 0.5997209828125001 0.4953927734375 0.6345982140624999 0.4953927734375 0.645758928125 0.4953927734375 0.679241071875 0.4974925859375 0.7071428578125001 0.4932929625 0.7587611609375
2 0.517090821875 0.7657366078125001 0.5142910734374999 0.79921875 0.52059050625 0.815959821875 0.5317894984375 0.806194196875 0.5401887421875 0.772712053125 0.5401887421875 0.750390625 0.5401887421875 0.728069196875 0.5415886171875 0.7015625 0.5415886171875 0.675055803125 0.5415886171875 0.640178571875 0.5443883640625 0.626227678125 0.5471881125 0.591350446875 0.5394888046874999 0.5927455359375 0.51989056875 0.596930803125 0.5226903171874999 0.630412946875 0.524790128125 0.645758928125 0.525490065625 0.672265625 0.52129044375 0.7169084828125001 0.517090821875 0.7657366078125001
0 0.5457882390625 0.7517857140624999 0.546488175 0.789453125 0.5506877968749999 0.8173549109374999 0.5632866640625 0.8243303578125 0.569586096875 0.8006138390625 0.5765854671875 0.769921875 0.57448565625 0.7294642859375 0.577985340625 0.6736607140624999 0.5758855296875 0.6373883921875 0.577285403125 0.626227678125 0.578685278125 0.587165178125 0.5674862859375 0.574609375 0.5471881125 0.587165178125 0.54788805 0.6178571421875 0.5499878609375 0.6415736609375 0.5485879859375 0.6708705359375 0.54788805 0.7127232140624999 0.5457882390625 0.7517857140624999
6 0.5800851515625001 0.747600446875 0.5856846484375 0.7796875 0.59058420625 0.8131696421875001 0.605282884375 0.8145647328125 0.6066827578125 0.7615513390624999 0.6066827578125 0.7322544640624999 0.6066827578125 0.698772321875 0.6066827578125 0.6569196421875 0.6101824437500001 0.6373883921875 0.6122822546875 0.606696428125 0.60948250625 0.5760044640624999 0.5975835765624999 0.5704241078125001 0.5800851515625001 0.5829799109375 0.577985340625 0.6248325890624999 0.5807850890624999 0.640178571875 0.5821849625 0.6680803578125001 0.5800851515625001 0.7071428578125001 0.5800851515625001 0.747600446875
6 0.612982190625 0.7015625 0.613682128125 0.7420200890624999 0.61788175 0.772712053125 0.6241811828125 0.79921875 0.638879859375 0.8103794640625 0.6430794828125 0.7685267859375 0.6430794828125 0.7294642859375 0.6423795453125 0.6959821421875 0.64377941875 0.665290178125 0.6458792296875 0.635993303125 0.647979040625 0.5955357140624999 0.640279734375 0.5885602671875 0.6297806796875001 0.5732142859375 0.6122822546875 0.5857700890624999 0.6122822546875 0.630412946875 0.6122822546875 0.6513392859375 0.6122822546875 0.6764508921875 0.612982190625 0.7015625
8 0.4246991359375 0.8034040171875001 0.4309985703125 0.7880580359375 0.42819882187499997 0.7545758921875 0.428898759375 0.723883928125 0.43169850624999995 0.6959821421875 0.43449825468750003 0.6736607140624999 0.436598065625 0.649944196875 0.44079768750000003 0.6192522328125001 0.4393978140625 0.591350446875 0.42329926249999994 0.584375 0.41280020781250004 0.5885602671875 0.409300521875 0.5983258921875 0.41000045937499996 0.633203125 0.41000045937499996 0.669475446875 0.41000045937499996 0.7015625 0.40650077500000004 0.72109375 0.40300108906250004 0.76015625 0.40300108906250004 0.802008928125 0.410700396875 0.8145647328125 0.4246991359375 0.8034040171875001
14 0.39110215937500004 0.7838727671875 0.3953017828125 0.7448102671875 0.3981015296875 0.714118303125 0.400901278125 0.684821428125 0.40300108906250004 0.6625 0.4072007109375 0.6345982140624999 0.4079006484375 0.5927455359375 0.3939019078125 0.591350446875 0.391802096875 0.5787946421875 0.3855026640625 0.5829799109375 0.3729037984375 0.5829799109375 0.374303671875 0.5955357140624999 0.3771034203125 0.633203125 0.3771034203125 0.649944196875 0.3771034203125 0.6834263390624999 0.3771034203125 0.718303571875 0.3736037359375 0.7587611609375 0.374303671875 0.789453125 0.37850329375 0.8047991078125 0.39110215937500004 0.7838727671875
14 0.36100486875 0.7364397328125001 0.3673043015625 0.7001674109375 0.3694041125 0.659709821875 0.3694041125 0.6387834828125001 0.374303671875 0.620647321875 0.3708039875 0.581584821875 0.3603049328125 0.555078125 0.3456062546875 0.5606584828125001 0.3414066328125 0.5787946421875 0.34280650625 0.6220424109375 0.34280650625 0.649944196875 0.34280650625 0.6806361609375 0.3421065703125 0.7127232140624999 0.3316075140625 0.753180803125 0.3372070109375 0.786662946875 0.348406003125 0.7755022328125001 0.36100486875 0.7364397328125001
12 0.34070669531250003 0.6541294640624999 0.34070669531250003 0.6178571421875 0.34000675937499997 0.574609375 0.34420638124999997 0.5606584828125001 0.33020764062499997 0.5508928578125001 0.3169088375 0.5564732140624999 0.30221016093749997 0.5634486609375 0.2959107265625 0.5760044640624999 0.28961129375 0.587165178125 0.29171110625 0.6318080359375 0.2875114828125 0.672265625 0.2798121765625 0.7155133921875 0.2791122390625 0.747600446875 0.30710971875 0.772712053125 0.329507703125 0.743415178125 0.338606884375 0.7071428578125001 0.34070669531250003 0.6541294640624999