13 0.3224208421875 0.5306640625 0.32487062031249997 0.561181640625 0.32487062031249997 0.595361328125 0.32303328593749997 0.61611328125 0.32303328593749997 0.641748046875 0.32364573124999996 0.658837890625 0.3279328453125 0.6869140625 0.3432439671875 0.68447265625 0.3567177546875 0.680810546875 0.3677417625 0.666162109375 0.3750911015625 0.644189453125 0.3757035453125 0.622216796875 0.372641321875 0.605126953125 0.3665168734375 0.59658203125 0.3597799796875 0.57216796875 0.3573302 0.541650390625 0.3548804203125 0.487939453125 0.3438564125 0.463525390625 0.33344485 0.45498046875 0.315071503125 0.451318359375 0.3169088375 0.46962890625 0.31997106249999996 0.496484375 0.32058350625 0.512353515625 0.3224208421875 0.5306640625
13 0.305272384375 0.668603515625 0.311396834375 0.672265625 0.3224208421875 0.6576171875 0.32119595156249997 0.62587890625 0.3224208421875 0.6087890625 0.31997106249999996 0.58681640625 0.3162963921875 0.544091796875 0.3144590578125 0.51845703125 0.31323416875 0.4916015625 0.311396834375 0.47451171875 0.30710971875 0.45986328125 0.2924110421875 0.4525390625 0.2875114828125 0.4720703125 0.288123928125 0.522119140625 0.2887363734375 0.556298828125 0.2856741484375 0.585595703125 0.282611925 0.602685546875 0.2770999203125 0.619775390625 0.2807745890625 0.639306640625 0.2942483765625 0.6576171875 0.305272384375 0.668603515625
5 0.6543659671875 0.6478515625 0.6684521984375 0.6380859375 0.6776388718749999 0.6380859375 0.687437990625 0.613671875 0.6837633203125 0.57705078125 0.6764139828125 0.5501953125 0.6715144234375 0.507470703125 0.66906464375 0.476953125 0.6672273093750001 0.45986328125 0.661102859375 0.437890625 0.6549784109375001 0.43056640625 0.6451792937499999 0.441552734375 0.6384424 0.4671875 0.6384424 0.502587890625 0.6384424 0.53310546875 0.6347677296875001 0.56728515625 0.6329303953125 0.5892578125 0.633542840625 0.60146484375 0.635380175 0.624658203125 0.64211706875 0.641748046875 0.6543659671875 0.6478515625
5 0.6800886515625 0.49892578125 0.6831508765625001 0.534326171875 0.6837633203125 0.566064453125 0.689275325 0.619775390625 0.6953997734375 0.62587890625 0.7045864468749999 0.629541015625 0.7107108953125 0.61611328125 0.7260220171875 0.6087890625 0.7278593515625 0.592919921875 0.7241846828125 0.570947265625 0.718672678125 0.54775390625 0.711323340625 0.517236328125 0.7070362265625 0.48427734375 0.7045864468749999 0.43056640625 0.6996868875 0.42080078125 0.6917251046875 0.414697265625 0.6819259859375 0.4134765625 0.6745766468750001 0.4232421875 0.6739642031249999 0.44765625 0.6770264265625 0.47451171875 0.6800886515625 0.49892578125
5 0.7125482296875 0.5111328125 0.7174477890625 0.53310546875 0.7266344625000001 0.574609375 0.7296966859375 0.602685546875 0.731534021875 0.610009765625 0.74378291875 0.60390625 0.7505198125 0.594140625 0.7548069265625 0.58193359375 0.751744703125 0.5501953125 0.741945584375 0.52822265625 0.7309215765625 0.48671875 0.7205100140625 0.4330078125 0.718060234375 0.417138671875 0.7094860062499999 0.407373046875 0.7045864468749999 0.418359375 0.7058113359375 0.429345703125 0.7076486703125 0.45498046875 0.7094860062499999 0.48671875 0.7125482296875 0.5111328125
0 0.5618867890625 0.73330078125 0.5661739031249999 0.75771484375 0.572298353125 0.785791015625 0.5833223609375 0.82607421875 0.6023081515625 0.85048828125 0.6053703765625 0.8333984375 0.6059828203125 0.80654296875 0.5980210375 0.76015625 0.59434636875 0.72841796875 0.5900592546875 0.697900390625 0.5857721406249999 0.6380859375 0.5771979109375 0.631982421875 0.5533125609375 0.624658203125 0.5520876718750001 0.646630859375 0.552700115625 0.661279296875 0.5545374515625 0.680810546875 0.5582121203125 0.69912109375 0.5618867890625 0.73330078125
2 0.569236128125 0.810205078125 0.5637241234375 0.773583984375 0.5594370093750001 0.741845703125 0.557599675 0.719873046875 0.5563747859375 0.7015625 0.552700115625 0.680810546875 0.5514752265625 0.64052734375 0.5275898765625 0.6478515625 0.528202321875 0.66005859375 0.5331018796875 0.690576171875 0.5380014390625 0.7259765625 0.54045121875 0.751611328125 0.5429009984375 0.783349609375 0.5496378921875 0.810205078125 0.5545374515625 0.846826171875 0.569236128125 0.83828125 0.569236128125 0.810205078125
2 0.538613884375 0.778466796875 0.535551659375 0.751611328125 0.5331018796875 0.727197265625 0.5300396562499999 0.67958984375 0.525140096875 0.65029296875 0.5055418609375 0.65029296875 0.5043169703125 0.66982421875 0.5110538640625 0.693017578125 0.5141160890625 0.727197265625 0.518403203125 0.750390625 0.522077871875 0.780908203125 0.5294272109375 0.817529296875 0.5398387734375001 0.83095703125 0.5447383328125001 0.8236328125 0.538613884375 0.778466796875
10 0.5141160890625 0.828515625 0.5104414203125 0.780908203125 0.5092165296875 0.74794921875 0.50615430625 0.7162109375 0.50615430625 0.680810546875 0.501867190625 0.671044921875 0.501867190625 0.656396484375 0.4834938453125 0.656396484375 0.4785942859375 0.668603515625 0.4828814 0.693017578125 0.4883934046875 0.71865234375 0.48961829375 0.74306640625 0.49451785312499996 0.78212890625 0.49513029687500004 0.795556640625 0.501867190625 0.832177734375 0.5073791953125 0.837060546875 0.5141160890625 0.828515625
10 0.48961829375 0.84072265625 0.49023073906250003 0.812646484375 0.48900584843750006 0.7845703125 0.485943625 0.76015625 0.48410628906250003 0.736962890625 0.48410628906250003 0.71865234375 0.4822689546875 0.6966796875 0.477369396875 0.6625 0.467570278125 0.661279296875 0.45899605 0.66494140625 0.460833384375 0.700341796875 0.46267071875 0.72841796875 0.46573294374999996 0.76015625 0.46818272343749995 0.79677734375 0.4700200578125 0.82607421875 0.4749196171875 0.849267578125 0.479819175 0.859033203125 0.48961829375 0.84072265625
8 0.430211140625 0.88466796875 0.44184759375000004 0.883447265625 0.4534840453125 0.8626953125 0.45838360468749995 0.827294921875 0.460833384375 0.7845703125 0.460833384375 0.75771484375 0.460833384375 0.72353515625 0.457158715625 0.64296875 0.42531158125 0.653955078125 0.42653647031249997 0.663720703125 0.4246991359375 0.685693359375 0.42837380625000004 0.710107421875 0.43327336406250005 0.74794921875 0.433885809375 0.7845703125 0.43511069999999996 0.8138671875 0.43204847500000004 0.8431640625 0.4240866921875 0.8578125 0.430211140625 0.88466796875
14 0.413062684375 0.839501953125 0.420412021875 0.79677734375 0.4246991359375 0.76259765625 0.42837380625000004 0.7357421875 0.42837380625000004 0.714990234375 0.4228618015625 0.6966796875 0.427148915625 0.6478515625 0.41183779375 0.6478515625 0.40203867656250003 0.6576171875 0.3946893375 0.668603515625 0.3940768921875 0.702783203125 0.39836400625 0.724755859375 0.3989764515625 0.751611328125 0.39836400625 0.780908203125 0.3940768921875 0.82119140625 0.38856488906250003 0.846826171875 0.4051009 0.859033203125 0.413062684375 0.839501953125
14 0.3597799796875 0.846826171875 0.3701915421875 0.81142578125 0.3769284359375 0.78212890625 0.3836653296875 0.756494140625 0.38795244375000004 0.736962890625 0.3953017828125 0.714990234375 0.39223955781250003 0.700341796875 0.39223955781250003 0.672265625 0.399588896875 0.651513671875 0.38489021874999996 0.656396484375 0.378153325 0.649072265625 0.3750911015625 0.658837890625 0.3603924234375 0.688134765625 0.3579426453125 0.72353515625 0.3512057515625 0.7748046875 0.34446885781250003 0.80166015625 0.338956853125 0.827294921875 0.3346697390625 0.846826171875 0.3450813015625 0.863916015625 0.3597799796875 0.846826171875