3 0.501867190625 0.563623046875 0.501867190625 0.584375 0.5024796359375 0.607568359375 0.5073791953125 0.619775390625 0.514728534375 0.6234375 0.5245276515625 0.624658203125 0.5361641046875001 0.62099609375 0.545350778125 0.602685546875 0.5447383328125001 0.590478515625 0.54351344375 0.573388671875 0.54351344375 0.55751953125 0.54045121875 0.548974609375 0.5380014390625 0.5306640625 0.538613884375 0.500146484375 0.53677655 0.4720703125 0.53738899375 0.42080078125 0.5361641046875001 0.40126953125 0.5257525421875 0.3939453125 0.5196280921875001 0.41591796875 0.51350364375 0.44765625 0.5092165296875 0.48427734375 0.5067667499999999 0.529443359375 0.501867190625 0.563623046875
3 0.5471881125 0.55751953125 0.5459632234375 0.5794921875 0.5478005578125 0.6087890625 0.5514752265625 0.6185546875 0.5588245656249999 0.6185546875 0.5698485734375 0.613671875 0.5765854671875 0.5990234375 0.5765854671875 0.566064453125 0.5741356875 0.531884765625 0.572298353125 0.512353515625 0.5716859078125001 0.4818359375 0.569236128125 0.426904296875 0.5680112390625001 0.414697265625 0.5606619 0.41103515625 0.55392500625 0.42568359375 0.55086278125 0.44521484375 0.549025446875 0.4720703125 0.5496378921875 0.5306640625 0.5471881125 0.55751953125
1 0.5771979109375 0.548974609375 0.5784228015624999 0.588037109375 0.58087258125 0.60146484375 0.5839348046875 0.610009765625 0.59434636875 0.6185546875 0.602920596875 0.614892578125 0.609657490625 0.5990234375 0.6127197140625 0.58193359375 0.6139446046875 0.556298828125 0.6127197140625 0.54287109375 0.6127197140625 0.52822265625 0.6127197140625 0.507470703125 0.610269934375 0.480615234375 0.6139446046875 0.417138671875 0.6145570499999999 0.407373046875 0.6127197140625 0.3890625 0.5980210375 0.385400390625 0.5937339234375 0.41103515625 0.587609475 0.453759765625 0.5833223609375 0.50625 0.5771979109375 0.548974609375
7 0.6157819390625 0.531884765625 0.617006828125 0.5599609375 0.6121072703125 0.594140625 0.6212939421875 0.607568359375 0.626805946875 0.610009765625 0.63170550625 0.610009765625 0.63905484375 0.60634765625 0.6445668484375 0.59169921875 0.6464041828125 0.558740234375 0.6445668484375 0.54287109375 0.64211706875 0.52822265625 0.64211706875 0.505029296875 0.64211706875 0.46962890625 0.640279734375 0.409814453125 0.63905484375 0.397607421875 0.63905484375 0.387841796875 0.6292557265625 0.39150390625 0.62864328125 0.40615234375 0.6225188328125 0.428125 0.6194566078125 0.47939453125 0.6157819390625 0.531884765625
7 0.647016628125 0.551416015625 0.6464041828125 0.583154296875 0.650691296875 0.592919921875 0.657428190625 0.594140625 0.667839753125 0.5892578125 0.6776388718749999 0.575830078125 0.6770264265625 0.566064453125 0.6764139828125 0.5404296875 0.6739642031249999 0.5208984375 0.6709019781250001 0.5013671875 0.6684521984375 0.480615234375 0.6672273093750001 0.446435546875 0.6629401953125 0.400048828125 0.661102859375 0.378076171875 0.653753521875 0.378076171875 0.6476290734375 0.400048828125 0.647016628125 0.4330078125 0.6464041828125 0.47939453125 0.6451792937499999 0.529443359375 0.647016628125 0.551416015625
5 0.6788637609375 0.570947265625 0.6868255453125001 0.5794921875 0.6953997734375 0.575830078125 0.7021366671875 0.56484375 0.7119357843749999 0.563623046875 0.7241846828125 0.548974609375 0.7229597937500001 0.531884765625 0.7205100140625 0.516015625 0.71683534375 0.496484375 0.7107108953125 0.485498046875 0.71009845 0.441552734375 0.71009845 0.373193359375 0.7002993328125 0.36220703125 0.6715144234375 0.370751953125 0.667839753125 0.40859375 0.6709019781250001 0.4623046875 0.6758015375 0.497705078125 0.6758015375 0.527001953125 0.6788637609375 0.570947265625
5 0.725409571875 0.535546875 0.735208690625 0.535546875 0.7431704734375 0.534326171875 0.751744703125 0.516015625 0.7633811546875 0.500146484375 0.7633811546875 0.47939453125 0.7548069265625 0.45986328125 0.7492949234374999 0.4427734375 0.7413331390625 0.417138671875 0.7358211359375 0.3890625 0.7278593515625 0.35 0.718672678125 0.343896484375 0.7119357843749999 0.35732421875 0.7119357843749999 0.382958984375 0.7119357843749999 0.409814453125 0.714998009375 0.4623046875 0.718060234375 0.49404296875 0.725409571875 0.535546875
5 0.75725670625 0.448876953125 0.767055825 0.487939453125 0.7786922765625001 0.48671875 0.7891038406249999 0.4525390625 0.7964531781249999 0.4134765625 0.7835918359375 0.397607421875 0.77379271875 0.373193359375 0.7652184890625 0.31826171875 0.760931375 0.304833984375 0.7535820375 0.2962890625 0.7394958046875 0.3158203125 0.7394958046875 0.343896484375 0.7413331390625 0.3841796875 0.7499073671875001 0.42568359375 0.75725670625 0.448876953125
11 0.45838360468749995 0.561181640625 0.4553213796875 0.588037109375 0.45593382499999996 0.610009765625 0.460833384375 0.619775390625 0.47308228124999996 0.62099609375 0.49390540781250003 0.622216796875 0.4988049671875 0.607568359375 0.49758007656250003 0.578271484375 0.49268051875 0.55263671875 0.4932929625 0.50625 0.4908431828125 0.42080078125 0.4883934046875 0.41103515625 0.4822689546875 0.395166015625 0.4724698375 0.390283203125 0.467570278125 0.441552734375 0.4669578328125 0.480615234375 0.4632831640625 0.53310546875 0.45838360468749995 0.561181640625
11 0.443684928125 0.617333984375 0.45225915624999996 0.612451171875 0.454096490625 0.574609375 0.45470893593749995 0.55263671875 0.45470893593749995 0.522119140625 0.457158715625 0.4818359375 0.457158715625 0.44033203125 0.457158715625 0.41591796875 0.451034265625 0.395166015625 0.440622703125 0.404931640625 0.4412351484375 0.419580078125 0.4314360296875 0.483056640625 0.42837380625000004 0.514794921875 0.427148915625 0.5404296875 0.4216369125 0.563623046875 0.4216369125 0.59169921875 0.4246991359375 0.607568359375 0.4326609203125 0.61611328125 0.443684928125 0.617333984375
9 0.39101466875 0.52333984375 0.38672755312499996 0.5501953125 0.3855026640625 0.58681640625 0.38856488906250003 0.5990234375 0.3946893375 0.612451171875 0.4044884546875 0.613671875 0.4191871328125 0.5990234375 0.420412021875 0.58193359375 0.4191871328125 0.56484375 0.42224935625000004 0.54775390625 0.4216369125 0.529443359375 0.4216369125 0.5013671875 0.4216369125 0.46962890625 0.4191871328125 0.414697265625 0.41490001875000004 0.39150390625 0.4093880140625 0.378076171875 0.40265112031249994 0.375634765625 0.3971391171875 0.407373046875 0.3946893375 0.44033203125 0.39101466875 0.485498046875 0.39101466875 0.52333984375
15 0.36406709375 0.600244140625 0.3732537671875 0.595361328125 0.378153325 0.592919921875 0.38305288437499996 0.58681640625 0.3855026640625 0.539208984375 0.38795244375000004 0.50625 0.38795244375000004 0.46474609375 0.38795244375000004 0.4330078125 0.38795244375000004 0.400048828125 0.38795244375000004 0.3744140625 0.38489021874999996 0.34755859375 0.3732537671875 0.35 0.36712931718749997 0.37197265625 0.3665168734375 0.437890625 0.3646795375 0.470849609375 0.3616173140625 0.495263671875 0.3616173140625 0.5111328125 0.3616173140625 0.52822265625 0.3518181953125 0.553857421875 0.352430640625 0.5794921875 0.36406709375 0.600244140625
15 0.33221995937500004 0.575830078125 0.34018174375 0.574609375 0.3499808609375 0.5697265625 0.3499808609375 0.553857421875 0.3579426453125 0.52822265625 0.359167534375 0.492822265625 0.3597799796875 0.457421875 0.36100486875 0.429345703125 0.362229759375 0.4037109375 0.3603924234375 0.375634765625 0.3573302 0.363427734375 0.345693746875 0.359765625 0.342631521875 0.363427734375 0.34018174375 0.38173828125 0.3346697390625 0.441552734375 0.3297701796875 0.478173828125 0.32915773593750003 0.507470703125 0.3279328453125 0.517236328125 0.32303328593749997 0.531884765625 0.3162963921875 0.5453125 0.32058350625 0.56484375 0.33221995937500004 0.575830078125
13 0.2740376953125 0.505029296875 0.2715879171875 0.529443359375 0.2740376953125 0.541650390625 0.2801621453125 0.546533203125 0.2905737078125 0.551416015625 0.294860821875 0.5501953125 0.2973106015625 0.555078125 0.306497275 0.56240234375 0.3156839484375 0.56240234375 0.3156839484375 0.544091796875 0.32058350625 0.52822265625 0.32548306562499996 0.51357421875 0.32487062031249997 0.49404296875 0.32487062031249997 0.47451171875 0.32854529062500004 0.448876953125 0.3297701796875 0.41103515625 0.32548306562499996 0.35244140625 0.31935861718749997 0.3451171875 0.3107843890625 0.346337890625 0.3028226046875 0.368310546875 0.2973106015625 0.402490234375 0.291186153125 0.446435546875 0.28322436875 0.47451171875 0.2740376953125 0.505029296875
13 0.231779 0.497705078125 0.2415781171875 0.500146484375 0.2495399015625 0.5111328125 0.253827015625 0.51845703125 0.25811412968749997 0.51845703125 0.2666883578125 0.5208984375 0.2795497 0.485498046875 0.2819994796875 0.4525390625 0.2936359328125 0.41591796875 0.2960857109375 0.3841796875 0.298535490625 0.360986328125 0.2930234875 0.339013671875 0.28628659375 0.319482421875 0.2752625859375 0.3158203125 0.2685256921875 0.319482421875 0.26607591249999996 0.3451171875 0.2532145703125 0.392724609375 0.24770256562499998 0.417138671875 0.2434154515625 0.431787109375 0.2330038890625 0.446435546875 0.2299416640625 0.457421875 0.227491884375 0.470849609375 0.2281043296875 0.485498046875 0.231779 0.497705078125
13 0.20360653437499998 0.373193359375 0.1913576375 0.39638671875 0.1913576375 0.414697265625 0.19503230625 0.43544921875 0.20176919999999998 0.45498046875 0.213405653125 0.4671875 0.2207549921875 0.465966796875 0.228716775 0.453759765625 0.233616334375 0.437890625 0.24219056249999998 0.426904296875 0.24402789687499998 0.41103515625 0.2513772359375 0.3841796875 0.25566435 0.343896484375 0.2648510234375 0.31337890625 0.26362613281249997 0.29873046875 0.2532145703125 0.29873046875 0.2391283375 0.30849609375 0.22320477031250002 0.326806640625 0.21769276718750002 0.351220703125 0.20360653437499998 0.373193359375
10 0.4785942859375 0.727197265625 0.484718734375 0.754052734375 0.4883934046875 0.7748046875 0.4963551875 0.785791015625 0.5030920812499999 0.76748046875 0.501867190625 0.749169921875 0.501254746875 0.730859375 0.4988049671875 0.714990234375 0.49758007656250003 0.700341796875 0.5006423015625 0.675927734375 0.5006423015625 0.64541015625 0.501254746875 0.63564453125 0.48533117968750006 0.6380859375 0.47553206093749995 0.63564453125 0.47614450625 0.6625 0.47614450625 0.6771484375 0.47614450625 0.697900390625 0.4785942859375 0.727197265625
10 0.4724698375 0.797998046875 0.4736947265625 0.7748046875 0.4736947265625 0.7357421875 0.4736947265625 0.7064453125 0.47185739218749995 0.6869140625 0.4724698375 0.6673828125 0.4736947265625 0.651513671875 0.47308228124999996 0.634423828125 0.46573294374999996 0.62587890625 0.45593382499999996 0.627099609375 0.4467471515625 0.633203125 0.447359596875 0.66982421875 0.44797204218750003 0.688134765625 0.451034265625 0.711328125 0.4528716015625 0.739404296875 0.4528716015625 0.7650390625 0.45593382499999996 0.79677734375 0.4596084953125 0.8041015625 0.4724698375 0.797998046875
8 0.4314360296875 0.793115234375 0.4393978140625 0.77236328125 0.443684928125 0.7455078125 0.443684928125 0.7162109375 0.444297371875 0.69912109375 0.444297371875 0.68447265625 0.44552226250000004 0.668603515625 0.4461347078125 0.651513671875 0.443684928125 0.634423828125 0.4375604796875 0.6234375 0.42959869531250006 0.62099609375 0.423474246875 0.62099609375 0.41734979843750003 0.63076171875 0.41490001875000004 0.658837890625 0.4142875734375 0.680810546875 0.41183779375 0.702783203125 0.41183779375 0.732080078125 0.41367512812499996 0.756494140625 0.41612490781249994 0.78212890625 0.420412021875 0.805322265625 0.4314360296875 0.793115234375
14 0.376315990625 0.6283203125 0.3769284359375 0.64296875 0.3769284359375 0.6625 0.3769284359375 0.67958984375 0.3769284359375 0.714990234375 0.3732537671875 0.75283203125 0.372641321875 0.800439453125 0.38489021874999996 0.80166015625 0.39162711250000004 0.77724609375 0.3977515625 0.75771484375 0.40265112031249994 0.7357421875 0.4038760109375 0.719873046875 0.406938234375 0.695458984375 0.4075506796875 0.66982421875 0.41245023906249995 0.658837890625 0.41490001875000004 0.622216796875 0.41122534843749997 0.614892578125 0.4044884546875 0.617333984375 0.3959142265625 0.617333984375 0.39040222343750003 0.612451171875 0.38121554999999996 0.61123046875 0.3769284359375 0.617333984375 0.376315990625 0.6283203125
14 0.34753108125 0.76748046875 0.359167534375 0.7357421875 0.3665168734375 0.70400390625 0.3708039875 0.685693359375 0.3738662109375 0.663720703125 0.376315990625 0.651513671875 0.376315990625 0.631982421875 0.3732537671875 0.619775390625 0.3855026640625 0.600244140625 0.372641321875 0.600244140625 0.3646795375 0.605126953125 0.3530430859375 0.590478515625 0.349368415625 0.590478515625 0.34630619218750003 0.60146484375 0.3407941875 0.644189453125 0.338956853125 0.678369140625 0.32915773593750003 0.711328125 0.32487062031249997 0.73330078125 0.318746171875 0.756494140625 0.315071503125 0.789453125 0.32670795625000004 0.795556640625 0.34753108125 0.76748046875
12 0.28934881875 0.7650390625 0.312009278125 0.72841796875 0.3224208421875 0.695458984375 0.3297701796875 0.66982421875 0.335282184375 0.64052734375 0.3407941875 0.624658203125 0.3481435265625 0.58193359375 0.33344485 0.580712890625 0.32364573124999996 0.573388671875 0.31752128281249997 0.568505859375 0.305272384375 0.56484375 0.2954732671875 0.558740234375 0.28934881875 0.56728515625 0.2875114828125 0.59658203125 0.2875114828125 0.610009765625 0.2801621453125 0.627099609375 0.26913813750000004 0.65517578125 0.26546346718749997 0.673486328125 0.2532145703125 0.71865234375 0.2703630265625 0.778466796875 0.28934881875 0.7650390625
12 0.2207549921875 0.705224609375 0.2330038890625 0.70400390625 0.252602125 0.67958984375 0.2648510234375 0.649072265625 0.27281280625000004 0.624658203125 0.281387034375 0.60390625 0.2856741484375 0.595361328125 0.2887363734375 0.55751953125 0.282611925 0.551416015625 0.27587503125 0.5453125 0.2685256921875 0.535546875 0.26607591249999996 0.529443359375 0.26056390937499996 0.52333984375 0.253827015625 0.5208984375 0.2452527859375 0.519677734375 0.2379034484375 0.555078125 0.23545366875 0.570947265625 0.2311665546875 0.592919921875 0.223817215625 0.61611328125 0.21463054218750002 0.634423828125 0.21463054218750002 0.66005859375 0.2121807625 0.6771484375 0.2207549921875 0.705224609375
12 0.179721184375 0.646630859375 0.196257196875 0.65517578125 0.206668759375 0.652734375 0.21401809843750003 0.633203125 0.2244296609375 0.607568359375 0.231779 0.573388671875 0.2348412234375 0.553857421875 0.24402789687499998 0.524560546875 0.24402789687499998 0.5111328125 0.237291003125 0.5013671875 0.228716775 0.496484375 0.22565455 0.48916015625 0.21891765625 0.48427734375 0.20605631406249997 0.487939453125 0.2011567546875 0.4720703125 0.1919700828125 0.4720703125 0.18645807812499998 0.48427734375 0.1784962953125 0.50869140625 0.1784962953125 0.5306640625 0.1772714046875 0.556298828125 0.17420918125 0.585595703125 0.1723718453125 0.605126953125 0.169922065625 0.62099609375 0.1686971765625 0.64052734375 0.179721184375 0.646630859375
2 0.5141160890625 0.773583984375 0.5196280921875001 0.810205078125 0.531876990625 0.808984375 0.53677655 0.790673828125 0.534939215625 0.778466796875 0.5337143249999999 0.7552734375 0.5331018796875 0.730859375 0.52697743125 0.697900390625 0.52697743125 0.67470703125 0.5245276515625 0.636865234375 0.5190156484374999 0.63564453125 0.51350364375 0.639306640625 0.5024796359375 0.63564453125 0.5024796359375 0.675927734375 0.50615430625 0.702783203125 0.511666309375 0.7455078125 0.5141160890625 0.773583984375
2 0.5343267703125 0.712548828125 0.53677655 0.746728515625 0.54045121875 0.76748046875 0.5478005578125 0.790673828125 0.5563747859375 0.790673828125 0.5557623406250001 0.766259765625 0.5551498953125 0.75283203125 0.55392500625 0.734521484375 0.5545374515625 0.70400390625 0.5545374515625 0.6771484375 0.5557623406250001 0.63564453125 0.5514752265625 0.631982421875 0.542288553125 0.63076171875 0.5257525421875 0.6380859375 0.5275898765625 0.66494140625 0.5300396562499999 0.68203125 0.531876990625 0.690576171875 0.5343267703125 0.712548828125
0 0.5618867890625 0.717431640625 0.56433656875 0.751611328125 0.5680112390625001 0.778466796875 0.5753605765625001 0.802880859375 0.5906716984375 0.79921875 0.5906716984375 0.789453125 0.5906716984375 0.771142578125 0.5906716984375 0.749169921875 0.5906716984375 0.72109375 0.5894468093749999 0.6869140625 0.5857721406249999 0.6380859375 0.5857721406249999 0.633203125 0.5802601359375 0.629541015625 0.5680112390625001 0.6234375 0.55698723125 0.639306640625 0.557599675 0.6771484375 0.5588245656249999 0.693017578125 0.5618867890625 0.717431640625
6 0.5980210375 0.691796875 0.6010832625 0.7162109375 0.6053703765625 0.740625 0.6084326 0.76748046875 0.617006828125 0.802880859375 0.6261935015625 0.80166015625 0.6280308359375 0.763818359375 0.6261935015625 0.74306640625 0.623131278125 0.711328125 0.6206814984375 0.673486328125 0.6212939421875 0.64296875 0.617006828125 0.63076171875 0.6145570499999999 0.6234375 0.60169570625 0.622216796875 0.58822191875 0.633203125 0.5900592546875 0.658837890625 0.5937339234375 0.67470703125 0.5980210375 0.691796875
6 0.6341552859374999 0.6869140625 0.6359926203125 0.702783203125 0.640279734375 0.71865234375 0.6445668484375 0.736962890625 0.6494664078125 0.7552734375 0.6562033015625001 0.76748046875 0.6709019781250001 0.789453125 0.6788637609375 0.7796875 0.6788637609375 0.751611328125 0.6770264265625 0.73330078125 0.6721268671875 0.71376953125 0.6672273093750001 0.68935546875 0.6617153046875 0.6673828125 0.6580406359375 0.634423828125 0.65559085625 0.610009765625 0.650691296875 0.605126953125 0.640279734375 0.6087890625 0.626805946875 0.614892578125 0.6182317187499999 0.617333984375 0.623131278125 0.651513671875 0.6292557265625 0.671044921875 0.6341552859374999 0.6869140625
4 0.667839753125 0.65517578125 0.6721268671875 0.66982421875 0.6733517578125 0.683251953125 0.6782513171875 0.707666015625 0.6862131 0.73330078125 0.6935624390624999 0.761376953125 0.7119357843749999 0.77724609375 0.7413331390625 0.732080078125 0.7376584703125 0.72109375 0.7296966859375 0.690576171875 0.7223473484375 0.668603515625 0.7125482296875 0.636865234375 0.71009845 0.6185546875 0.7070362265625 0.58193359375 0.7009117765624999 0.574609375 0.689275325 0.583154296875 0.6788637609375 0.5794921875 0.6672273093750001 0.592919921875 0.65559085625 0.597802734375 0.661102859375 0.64296875 0.667839753125 0.65517578125
4 0.7260220171875 0.661279296875 0.7358211359375 0.685693359375 0.745007809375 0.70888671875 0.762156265625 0.72353515625 0.7799171671875 0.717431640625 0.7750176078125001 0.69912109375 0.7725678281249999 0.6771484375 0.7664433796875 0.641748046875 0.7627687109375 0.614892578125 0.7560318171875 0.59169921875 0.7560318171875 0.56484375 0.7492949234374999 0.53310546875 0.7364335796875 0.539208984375 0.7303091312500001 0.5501953125 0.7229597937500001 0.555078125 0.7058113359375 0.573388671875 0.713160675 0.617333984375 0.718672678125 0.634423828125 0.7260220171875 0.661279296875
4 0.7584815953125 0.590478515625 0.7646060453125 0.607568359375 0.77379271875 0.6185546875 0.7848167265625 0.63564453125 0.7989029578125 0.653955078125 0.8185011937500001 0.656396484375 0.8289127578125 0.634423828125 0.8276878671875 0.614892578125 0.8209509734375 0.585595703125 0.8136016359375 0.561181640625 0.80808963125 0.5306640625 0.7927785093749999 0.495263671875 0.7866540609375 0.495263671875 0.7780798328125 0.49892578125 0.77073049375 0.507470703125 0.7646060453125 0.527001953125 0.7548069265625 0.544091796875 0.7578691515625 0.56728515625 0.7584815953125 0.590478515625