9 0.4079006484375 0.4462611609375 0.40300108906250004 0.4978794640625 0.4072007109375 0.5369419640624999 0.41350014375 0.5564732140624999 0.42819882187499997 0.5564732140624999 0.435198190625 0.5439174109375 0.4421975625 0.5146205359375 0.4435974359375 0.4825334828125 0.445697246875 0.4337053578125 0.4421975625 0.3486049109375 0.44149762499999995 0.3318638390625 0.435898128125 0.313727678125 0.42329926249999994 0.278850446875 0.4169998296875 0.308147321875 0.41420008125 0.3444196421875 0.41420008125 0.3932477671875 0.4079006484375 0.4462611609375
11 0.44989686874999996 0.4462611609375 0.444997309375 0.50625 0.437298003125 0.5494977671875 0.44079768750000003 0.5606584828125001 0.45059680625 0.5690290171875 0.46669535624999997 0.5704241078125001 0.46739529375 0.5536830359375 0.46879516718750003 0.5202008921875 0.46879516718750003 0.4755580359375 0.47019504218749997 0.437890625 0.471594915625 0.3583705359375 0.476494475 0.3290736609375 0.476494475 0.3095424109375 0.46459554531249997 0.303962053125 0.4561963015625 0.3290736609375 0.453396553125 0.3639508921875 0.44989686874999996 0.39464285781249997 0.44989686874999996 0.4462611609375
11 0.4736947265625 0.4532366078125 0.46949510468750005 0.509040178125 0.46949510468750005 0.5787946421875 0.48979327812499995 0.5801897328125001 0.5044919546875 0.571819196875 0.506591765625 0.5453125 0.507291703125 0.516015625 0.5030920812499999 0.4713727671875 0.5009922703125 0.437890625 0.49819252187499996 0.3513950890625 0.4974925859375 0.3290736609375 0.4953927734375 0.317912946875 0.48489371875 0.3095424109375 0.47789434843749995 0.3416294640625 0.4750946015625 0.3681361609375 0.47299479062499994 0.40580357187500005 0.4736947265625 0.4532366078125
3 0.5100914515625 0.4532366078125 0.5086915765625 0.49369419687500005 0.5100914515625 0.522991071875 0.5128911984375 0.555078125 0.5219903796875001 0.567633928125 0.5436884281250001 0.5634486609375 0.5436884281250001 0.542522321875 0.542288553125 0.50625 0.5408886796875 0.47974330312499996 0.5408886796875 0.437890625 0.5352891828125 0.3611607140625 0.533889309375 0.340234375 0.5317894984375 0.32628348281249997 0.5177907578125 0.327678571875 0.514991009375 0.35 0.5121912625 0.37511160781249997 0.5107913890625 0.40580357187500005 0.5100914515625 0.4532366078125
3 0.5436884281250001 0.5076450890624999 0.5471881125 0.555078125 0.5541874828125 0.557868303125 0.5604869156250001 0.557868303125 0.569586096875 0.555078125 0.5751855921875 0.542522321875 0.57308578125 0.5146205359375 0.569586096875 0.4909040171875 0.5667863484375 0.4657924109375 0.5646865375 0.4420758921875 0.5611868531249999 0.4071986609375 0.5576871671875 0.3541852671875 0.55698723125 0.3388392859375 0.5534875453125 0.3290736609375 0.5415886171875 0.337444196875 0.5408886796875 0.372321428125 0.542988490625 0.4030133921875 0.5450883015625 0.4616071421875 0.5436884281250001 0.5076450890624999
1 0.57238584375 0.48671875 0.577285403125 0.5243861609375 0.5807850890624999 0.5397321421875 0.596183703125 0.5411272328125001 0.6031830734375 0.5313616078125001 0.6073826953125 0.5118303578125001 0.603883009375 0.4950892859375 0.6010832625 0.4671875 0.5982835140625 0.4462611609375 0.5968836390625001 0.4197544640625 0.594783828125 0.386272321875 0.59198408125 0.3109375 0.59128414375 0.298381696875 0.5800851515625001 0.2858258921875 0.5716859078125001 0.31651785781249997 0.568886159375 0.3583705359375 0.569586096875 0.4169642859375 0.569586096875 0.457421875 0.57238584375 0.48671875
7 0.6003833249999999 0.44765625 0.6073826953125 0.48950892812499996 0.6171818124999999 0.50625 0.621381434375 0.5118303578125001 0.630480615625 0.5118303578125001 0.6360801125 0.4978794640625 0.6374799859375 0.476953125 0.6325804265625 0.4560267859375 0.6276808671875 0.43510044687500005 0.6234812468750001 0.40161830312499996 0.6206814984375 0.376506696875 0.6122822546875 0.317912946875 0.6122822546875 0.308147321875 0.6080826312500001 0.2955915171875 0.5968836390625001 0.2928013390625 0.596183703125 0.31651785781249997 0.596183703125 0.3388392859375 0.5982835140625 0.379296875 0.6003833249999999 0.44765625
5 0.66197778125 0.4030133921875 0.6605779078125 0.44486607187500005 0.6647775296875 0.46439732187500005 0.6731767734375 0.47974330312499996 0.68787545 0.47974330312499996 0.693474946875 0.4727678578125 0.7032740656249999 0.476953125 0.7123732453125 0.4685825890625 0.7158729312500001 0.4518415171875 0.7158729312500001 0.437890625 0.711673309375 0.391852678125 0.7123732453125 0.3639508921875 0.71447305625 0.3053571421875 0.71447305625 0.284430803125 0.711673309375 0.2704799109375 0.692775009375 0.2662946421875 0.685075703125 0.2830357140625 0.6773763953125 0.317912946875 0.6696770890625 0.3639508921875 0.66197778125 0.4030133921875
5 0.71447305625 0.4099888390625 0.719372615625 0.4392857140625 0.7256720484375 0.44486607187500005 0.7326714187500001 0.4434709828125 0.746670159375 0.43091517812499996 0.7536695296875 0.4030133921875 0.7480700328125 0.376506696875 0.7431704734375 0.33604910781249997 0.7459702218750001 0.2704799109375 0.746670159375 0.25792410781249997 0.7354711671875 0.2537388390625 0.7172728046875 0.262109375 0.7172728046875 0.2900111609375 0.71517299375 0.3388392859375 0.71447305625 0.37511160781249997 0.71447305625 0.4099888390625
10 0.46809523124999997 0.740625 0.471594915625 0.7643415171875 0.4785942859375 0.7657366078125001 0.48139403437499995 0.737834821875 0.48559365625 0.704352678125 0.48629359375 0.6764508921875 0.48629359375 0.6443638390624999 0.48769346718750006 0.601116071875 0.479994159375 0.5927455359375 0.46179579843749996 0.5885602671875 0.463895609375 0.6345982140624999 0.4652954828125 0.649944196875 0.4652954828125 0.6806361609375 0.4652954828125 0.708537946875 0.46809523124999997 0.740625
8 0.4072007109375 0.750390625 0.4079006484375 0.8075892859374999 0.42119945156250005 0.8173549109374999 0.43029863281249997 0.789453125 0.435898128125 0.762946428125 0.4393978140625 0.730859375 0.44149762499999995 0.6959821421875 0.44149762499999995 0.6541294640624999 0.4477970578125 0.620647321875 0.4477970578125 0.581584821875 0.4477970578125 0.571819196875 0.4393978140625 0.56484375 0.4260990109375 0.56484375 0.4169998296875 0.5857700890624999 0.41420008125 0.6318080359375 0.4086005859375 0.6778459828125001 0.4072007109375 0.750390625
14 0.3981015296875 0.7266741078125001 0.4051009 0.6834263390624999 0.41000045937499996 0.6471540171875 0.41210027031249996 0.6276227671875 0.41210027031249996 0.6053013390624999 0.4162998921875 0.581584821875 0.4072007109375 0.571819196875 0.40300108906250004 0.5606584828125001 0.387602475 0.5634486609375 0.3855026640625 0.581584821875 0.38270291562500003 0.6150669640624999 0.38270291562500003 0.640178571875 0.3813030421875 0.675055803125 0.37850329375 0.704352678125 0.3736037359375 0.7322544640624999 0.36660436406249997 0.7741071421875 0.39040222343750003 0.767131696875 0.3981015296875 0.7266741078125001
12 0.330907578125 0.665290178125 0.34280650625 0.6541294640624999 0.3512057515625 0.6387834828125001 0.365204490625 0.6150669640624999 0.3708039875 0.5955357140624999 0.364504553125 0.571819196875 0.356105309375 0.5634486609375 0.3498058765625 0.5494977671875 0.34350644375 0.538337053125 0.329507703125 0.5411272328125001 0.3246081453125 0.532756696875 0.3141090890625 0.535546875 0.3057098453125 0.5704241078125001 0.2959107265625 0.60390625 0.2833118609375 0.6345982140624999 0.27211286874999996 0.6541294640624999 0.2567142546875 0.689006696875 0.295210790625 0.740625 0.313409153125 0.7071428578125001 0.330907578125 0.665290178125
12 0.188820365625 0.535546875 0.188820365625 0.5606584828125001 0.1930199875 0.5857700890624999 0.21401809843750003 0.5899553578125001 0.2315165234375 0.5829799109375 0.24621520000000002 0.5732142859375 0.2714129328125 0.567633928125 0.2805121140625 0.5439174109375 0.2833118609375 0.5020647328125001 0.27281280625000004 0.4853236609375 0.2707129953125 0.4685825890625 0.2658134359375 0.4518415171875 0.2469151375 0.4532366078125 0.228716775 0.47416294687500005 0.21261822343749998 0.5020647328125001 0.188820365625 0.535546875
2 0.49609271093749996 0.737834821875 0.5009922703125 0.7657366078125001 0.5114913249999999 0.7657366078125001 0.5114913249999999 0.7350446421875 0.5093915140624999 0.7099330359375 0.5093915140624999 0.6778459828125001 0.5100914515625 0.6485491078125001 0.5121912625 0.606696428125 0.5107913890625 0.5955357140624999 0.48909334062500004 0.5955357140624999 0.48909334062500004 0.630412946875 0.48909334062500004 0.6471540171875 0.48979327812499995 0.675055803125 0.4932929625 0.704352678125 0.49609271093749996 0.737834821875
2 0.52129044375 0.7643415171875 0.5282898125 0.7545758921875 0.5282898125 0.7462053578125001 0.5282898125 0.72109375 0.530389625 0.691796875 0.533189371875 0.649944196875 0.53878886875 0.594140625 0.5142910734374999 0.594140625 0.5128911984375 0.630412946875 0.5128911984375 0.6471540171875 0.5121912625 0.675055803125 0.5135911359375 0.7224888390624999 0.5156909468750001 0.750390625 0.52129044375 0.7643415171875
0 0.5527876078125 0.7838727671875 0.565386475 0.81875 0.579385215625 0.8173549109374999 0.5800851515625001 0.7936383921875 0.577285403125 0.7713169640624999 0.57308578125 0.7322544640624999 0.5709859703125 0.7071428578125001 0.5681862234375 0.672265625 0.5681862234375 0.633203125 0.5660864125 0.591350446875 0.55628729375 0.581584821875 0.5394888046874999 0.581584821875 0.53808893125 0.6443638390624999 0.5394888046874999 0.6625 0.542288553125 0.6904017859375 0.5471881125 0.737834821875 0.5527876078125 0.7838727671875
6 0.5807850890624999 0.7266741078125001 0.5884843953125001 0.750390625 0.5996833875 0.7741071421875 0.613682128125 0.769921875 0.6017831984375 0.730859375 0.6003833249999999 0.708537946875 0.6010832625 0.675055803125 0.6003833249999999 0.6387834828125001 0.5989834515625 0.6025111609375 0.5933839546875 0.587165178125 0.579385215625 0.5801897328125001 0.5674862859375 0.606696428125 0.5709859703125 0.6415736609375 0.57308578125 0.665290178125 0.577285403125 0.7029575890624999 0.5807850890624999 0.7266741078125001
6 0.6164818765625 0.698772321875 0.622781309375 0.7252790171875 0.6290807421875 0.7517857140624999 0.6423795453125 0.769921875 0.649378915625 0.7685267859375 0.6500788515625 0.7448102671875 0.6472791046874999 0.7294642859375 0.6423795453125 0.7029575890624999 0.638879859375 0.675055803125 0.6339803015625 0.645758928125 0.631880490625 0.610881696875 0.631180553125 0.577399553125 0.6164818765625 0.5704241078125001 0.6066827578125 0.56484375 0.5968836390625001 0.5787946421875 0.6031830734375 0.6276227671875 0.604582946875 0.6443638390624999 0.6101824437500001 0.6680803578125001 0.6164818765625 0.698772321875
4 0.7599689625 0.518805803125 0.7536695296875 0.503459821875 0.746670159375 0.48950892812499996 0.7340712921875 0.476953125 0.7158729312500001 0.503459821875 0.7053738765625 0.5104352671875 0.701874190625 0.52578125 0.7032740656249999 0.557868303125 0.7074736859375 0.5857700890624999 0.7270719234375 0.6025111609375 0.7431704734375 0.616462053125 0.7529695921874999 0.6220424109375 0.7697680796874999 0.5997209828125001 0.773267765625 0.56484375 0.7718678921875 0.548102678125 0.7599689625 0.518805803125
13 0.27631249062499996 0.3737165171875 0.2665133734375 0.4071986609375 0.26441356250000003 0.4323102671875 0.26861318437500004 0.4518415171875 0.2784123015625 0.4616071421875 0.29101116875 0.4588169640625 0.30081028593750003 0.4755580359375 0.3106094046875 0.4755580359375 0.3183087109375 0.4657924109375 0.3246081453125 0.4434709828125 0.3274078921875 0.4127790171875 0.3190086484375 0.36953125 0.3190086484375 0.2955915171875 0.313409153125 0.269084821875 0.30710971875 0.25234375 0.28121205 0.25234375 0.2819119875 0.2662946421875 0.2819119875 0.2928013390625 0.2791122390625 0.3318638390625 0.27631249062499996 0.3737165171875
13 0.2518146953125 0.42533482187500005 0.2623137515625 0.4169642859375 0.2749126171875 0.3639508921875 0.277712365625 0.320703125 0.277712365625 0.2858258921875 0.2742126796875 0.2635044640625 0.269313121875 0.2411830359375 0.2574141921875 0.2314174109375 0.2525146328125 0.2467633921875 0.2525146328125 0.264899553125 0.250414821875 0.3025669640625 0.23781595625000002 0.320703125 0.2294167109375 0.3444196421875 0.223817215625 0.3779017859375 0.22661696406249998 0.3876674109375 0.2343162703125 0.396037946875 0.2434154515625 0.4169642859375 0.2518146953125 0.42533482187500005
15 0.40440096406250003 0.40859375 0.41210027031249996 0.3513950890625 0.41280020781250004 0.3123325890625 0.41280020781250004 0.274665178125 0.409300521875 0.2565290171875 0.3939019078125 0.255133928125 0.38410279062499997 0.2732700890625 0.37850329375 0.2900111609375 0.3715039234375 0.3053571421875 0.3736037359375 0.36534598281249997 0.3708039875 0.38487723281249997 0.3708039875 0.4169642859375 0.3715039234375 0.4392857140625 0.38690253750000003 0.4518415171875 0.3953017828125 0.4630022328125 0.40160121562500006 0.4434709828125 0.40440096406250003 0.40859375
15 0.32530808125 0.36953125 0.33020764062499997 0.40580357187500005 0.3288077671875 0.4462611609375 0.34000675937499997 0.457421875 0.348406003125 0.4630022328125 0.365904428125 0.46021205312499996 0.365904428125 0.4434709828125 0.365904428125 0.41138392812499996 0.365204490625 0.382087053125 0.36100486875 0.356975446875 0.3554053734375 0.284430803125 0.349105940625 0.255133928125 0.34000675937499997 0.2509486609375 0.3274078921875 0.25234375 0.32530808125 0.27745535781249997 0.32530808125 0.298381696875 0.32530808125 0.33046875 0.32530808125 0.36953125